Typical Measured Spectrum of Semrock FF01-561/14 Optical Filter	
For wavelengths between 320 and 1120 nm, values near or below 3e-7 (Optical Density 6.5) are measurement noise limited.
For wavelengths < 320 nm and > 1120 nm, values near or below 3e-6 (Optical Density 5.5) are measurement noise limited. 
Data format:  Wavelength (nm) <tab> Transmission (0 to 1)
301	1.7122E-06
301.2	1.6916E-06
301.4	1.6713E-06
301.6	1.6512E-06
301.8	1.6314E-06
302	1.6118E-06
302.2	1.5924E-06
302.4	1.5733E-06
302.6	1.5544E-06
302.8	1.5357E-06
303	1.5793E-06
303.2	1.6261E-06
303.4	1.6744E-06
303.6	1.724E-06
303.8	1.7752E-06
304	1.8279E-06
304.2	1.8821E-06
304.4	1.9379E-06
304.6	1.9954E-06
304.8	2.0546E-06
305	1.7096E-06
305.2	1.3372E-06
305.4	1.0459E-06
305.6	8.1807E-07
305.8	6.3987E-07
306	5.0049E-07
306.2	3.9146E-07
306.4	3.0619E-07
306.6	2.3949E-07
306.8	1.8732E-07
307	1.6828E-07
307.2	1.6713E-07
307.4	1.6598E-07
307.6	1.6484E-07
307.8	1.6371E-07
308	1.6259E-07
308.2	1.6147E-07
308.4	1.6036E-07
308.6	1.5926E-07
308.8	1.5817E-07
309	1.709E-07
309.2	2.1067E-07
309.4	2.5969E-07
309.6	3.2013E-07
309.8	3.9462E-07
310	4.8646E-07
310.2	5.9966E-07
310.4	7.3921E-07
310.6	9.1124E-07
310.8	1.1233E-06
311	1.3568E-06
311.2	1.3648E-06
311.4	1.3728E-06
311.6	1.3809E-06
311.8	1.389E-06
312	1.3971E-06
312.2	1.4053E-06
312.4	1.4136E-06
312.6	1.4219E-06
312.8	1.4302E-06
313	1.3628E-06
313.2	1.296E-06
313.4	1.2325E-06
313.6	1.1722E-06
313.8	1.1147E-06
314	1.0601E-06
314.2	1.0082E-06
314.4	9.5878E-07
314.6	9.118E-07
314.8	8.6713E-07
315	8.7476E-07
315.2	8.9771E-07
315.4	9.2126E-07
315.6	9.4542E-07
315.8	9.7022E-07
316	9.9567E-07
316.2	1.0218E-06
316.4	1.0486E-06
316.6	1.0761E-06
316.8	1.1043E-06
317	1.0692E-06
317.2	9.9417E-07
317.4	9.244E-07
317.6	8.5953E-07
317.8	7.9921E-07
318	7.4312E-07
318.2	6.9097E-07
318.4	6.4248E-07
318.6	5.9739E-07
318.8	5.5546E-07
319	5.3768E-07
319.2	5.5284E-07
319.4	5.6843E-07
319.6	5.8446E-07
319.8	6.0094E-07
320	6.1789E-07
320.2	6.3531E-07
320.4	6.5322E-07
320.6	6.7164E-07
320.8	6.9058E-07
321	7.1537E-07
321.2	7.871E-07
321.4	8.6603E-07
321.6	9.5287E-07
321.8	1.0484E-06
322	1.1535E-06
322.2	1.2692E-06
322.4	1.3965E-06
322.6	1.5365E-06
322.8	1.6906E-06
323	1.3383E-06
323.2	1.0373E-06
323.4	8.0405E-07
323.6	6.2324E-07
323.8	4.8309E-07
324	3.7445E-07
324.2	2.9025E-07
324.4	2.2498E-07
324.6	1.7439E-07
324.8	1.3517E-07
325	1.462E-07
325.2	1.7618E-07
325.4	2.123E-07
325.6	2.5584E-07
325.8	3.083E-07
326	3.7152E-07
326.2	4.477E-07
326.4	5.3951E-07
326.6	6.5014E-07
326.8	7.8346E-07
327	8.5438E-07
327.2	8.6411E-07
327.4	8.7395E-07
327.6	8.8391E-07
327.8	8.9397E-07
328	9.0415E-07
328.2	9.1445E-07
328.4	9.2487E-07
328.6	9.354E-07
328.8	9.4605E-07
329	9.1472E-07
329.2	8.243E-07
329.4	7.4282E-07
329.6	6.694E-07
329.8	6.0323E-07
330	5.436E-07
330.2	4.8987E-07
330.4	4.4145E-07
330.6	3.9781E-07
330.8	3.5849E-07
331	3.2109E-07
331.2	2.7297E-07
331.4	2.3207E-07
331.6	1.9729E-07
331.8	1.6773E-07
332	1.4259E-07
332.2	1.2122E-07
332.4	1.0306E-07
332.6	8.7615E-08
332.8	7.4485E-08
333	7.342E-08
333.2	7.2875E-08
333.4	7.2335E-08
333.6	7.1799E-08
333.8	7.1267E-08
334	7.0738E-08
334.2	7.0214E-08
334.4	6.9693E-08
334.6	6.9177E-08
334.8	6.8664E-08
335	6.8084E-08
335.2	6.7489E-08
335.4	6.69E-08
335.6	6.6315E-08
335.8	6.5736E-08
336	6.5162E-08
336.2	6.4592E-08
336.4	6.4028E-08
336.6	6.3468E-08
336.8	6.2914E-08
337	6.2296E-08
337.2	6.164E-08
337.4	6.099E-08
337.6	6.0347E-08
337.8	5.9711E-08
338	5.9082E-08
338.2	5.8459E-08
338.4	5.7843E-08
338.6	5.7234E-08
338.8	5.663E-08
339	5.7517E-08
339.2	6.0521E-08
339.4	6.3681E-08
339.6	6.7007E-08
339.8	7.0506E-08
340	7.4188E-08
340.2	7.8062E-08
340.4	8.2138E-08
340.6	8.6427E-08
340.8	9.094E-08
341	9.7011E-08
341.2	1.1392E-07
341.4	1.3377E-07
341.6	1.5708E-07
341.8	1.8445E-07
342	2.166E-07
342.2	2.5434E-07
342.4	2.9867E-07
342.6	3.5071E-07
342.8	4.1183E-07
343	3.4244E-07
343.2	2.7402E-07
343.4	2.1927E-07
343.6	1.7546E-07
343.8	1.4041E-07
344	1.1236E-07
344.2	8.9908E-08
344.4	7.1945E-08
344.6	5.7571E-08
344.8	4.6068E-08
345	4.3157E-08
345.2	4.2921E-08
345.4	4.2686E-08
345.6	4.2452E-08
345.8	4.2219E-08
346	4.1988E-08
346.2	4.1758E-08
346.4	4.1529E-08
346.6	4.1302E-08
346.8	4.1076E-08
347	4.0982E-08
347.2	4.0995E-08
347.4	4.1008E-08
347.6	4.1021E-08
347.8	4.1034E-08
348	4.1047E-08
348.2	4.106E-08
348.4	4.1073E-08
348.6	4.1085E-08
348.8	4.1098E-08
349	4.1101E-08
349.2	4.1086E-08
349.4	4.1071E-08
349.6	4.1057E-08
349.8	4.1042E-08
350	4.1028E-08
350.2	4.1013E-08
350.4	4.0998E-08
350.6	4.0984E-08
350.8	4.0969E-08
351	4.0964E-08
351.2	4.1029E-08
351.4	4.1095E-08
351.6	4.1161E-08
351.8	4.1227E-08
352	4.1293E-08
352.2	4.136E-08
352.4	4.1426E-08
352.6	4.1493E-08
352.8	4.1559E-08
353	4.4197E-08
353.2	4.7281E-08
353.4	5.058E-08
353.6	5.411E-08
353.8	5.7886E-08
354	6.1925E-08
354.2	6.6247E-08
354.4	7.087E-08
354.6	7.5815E-08
354.8	8.1106E-08
355	7.7948E-08
355.2	7.2144E-08
355.4	6.6773E-08
355.6	6.1802E-08
355.8	5.7201E-08
356	5.2942E-08
356.2	4.9E-08
356.4	4.5352E-08
356.6	4.1976E-08
356.8	3.885E-08
357	4.2684E-08
357.2	5.3233E-08
357.4	6.6389E-08
357.6	8.2795E-08
357.8	1.0326E-07
358	1.2878E-07
358.2	1.606E-07
358.4	2.0029E-07
358.6	2.4979E-07
358.8	3.1152E-07
359	3.4099E-07
359.2	3.0936E-07
359.4	2.8067E-07
359.6	2.5463E-07
359.8	2.3101E-07
360	2.0959E-07
360.2	1.9015E-07
360.4	1.7251E-07
360.6	1.5651E-07
360.8	1.4199E-07
361	1.3414E-07
361.2	1.6818E-07
361.4	2.1087E-07
361.6	2.6439E-07
361.8	3.315E-07
362	4.1563E-07
362.2	5.2113E-07
362.4	6.534E-07
362.6	8.1924E-07
362.8	1.0272E-06
363	7.658E-07
363.2	5.4738E-07
363.4	3.9125E-07
363.6	2.7966E-07
363.8	1.9989E-07
364	1.4288E-07
364.2	1.0212E-07
364.4	7.2996E-08
364.6	5.2176E-08
364.8	3.7294E-08
365	4.0668E-08
365.2	5.0491E-08
365.4	6.2687E-08
365.6	7.7828E-08
365.8	9.6627E-08
366	1.1997E-07
366.2	1.4895E-07
366.4	1.8492E-07
366.6	2.2959E-07
366.8	2.8505E-07
367	2.7287E-07
367.2	2.1965E-07
367.4	1.7681E-07
367.6	1.4232E-07
367.8	1.1456E-07
368	9.2218E-08
368.2	7.4231E-08
368.4	5.9753E-08
368.6	4.8098E-08
368.8	3.8717E-08
369	3.5346E-08
369.2	3.7753E-08
369.4	4.0325E-08
369.6	4.3071E-08
369.8	4.6005E-08
370	4.9138E-08
370.2	5.2485E-08
370.4	5.606E-08
370.6	5.9879E-08
370.8	6.3957E-08
371	6.6926E-08
371.2	6.2052E-08
371.4	5.7532E-08
371.6	5.3342E-08
371.8	4.9457E-08
372	4.5855E-08
372.2	4.2515E-08
372.4	3.9419E-08
372.6	3.6548E-08
372.8	3.3886E-08
373	3.3524E-08
373.2	3.3392E-08
373.4	3.3261E-08
373.6	3.3131E-08
373.8	3.3E-08
374	3.2871E-08
374.2	3.2742E-08
374.4	3.2613E-08
374.6	3.2486E-08
374.8	3.2358E-08
375	3.2242E-08
375.2	3.2129E-08
375.4	3.2017E-08
375.6	3.1906E-08
375.8	3.1795E-08
376	3.1684E-08
376.2	3.1573E-08
376.4	3.1463E-08
376.6	3.1354E-08
376.8	3.1244E-08
377	3.4248E-08
377.2	4.0054E-08
377.4	4.6846E-08
377.6	5.4789E-08
377.8	6.4079E-08
378	7.4944E-08
378.2	8.7651E-08
378.4	1.0251E-07
378.6	1.1989E-07
378.8	1.4022E-07
379	1.4259E-07
379.2	1.2178E-07
379.4	1.0401E-07
379.6	8.8835E-08
379.8	7.5872E-08
380	6.4801E-08
380.2	5.5345E-08
380.4	4.7269E-08
380.6	4.0371E-08
380.8	3.448E-08
381	3.0106E-08
381.2	2.9941E-08
381.4	2.9777E-08
381.6	2.9613E-08
381.8	2.9451E-08
382	2.9289E-08
382.2	2.9128E-08
382.4	2.8968E-08
382.6	2.8809E-08
382.8	2.8651E-08
383	2.849E-08
383.2	2.8329E-08
383.4	2.8169E-08
383.6	2.801E-08
383.8	2.7852E-08
384	2.7694E-08
384.2	2.7538E-08
384.4	2.7382E-08
384.6	2.7227E-08
384.8	2.7074E-08
385	3.1219E-08
385.2	3.8135E-08
385.4	4.6583E-08
385.6	5.6902E-08
385.8	6.9507E-08
386	8.4905E-08
386.2	1.0371E-07
386.4	1.2669E-07
386.6	1.5475E-07
386.8	1.8903E-07
387	1.8244E-07
387.2	1.4795E-07
387.4	1.1997E-07
387.6	9.729E-08
387.8	7.8894E-08
388	6.3977E-08
388.2	5.188E-08
388.4	4.2071E-08
388.6	3.4116E-08
388.8	2.7666E-08
389	2.48E-08
389.2	2.5459E-08
389.4	2.6136E-08
389.6	2.6831E-08
389.8	2.7545E-08
390	2.8277E-08
390.2	2.9029E-08
390.4	2.9801E-08
390.6	3.0594E-08
390.8	3.1407E-08
391	3.3008E-08
391.2	4.0074E-08
391.4	4.8652E-08
391.6	5.9067E-08
391.8	7.1711E-08
392	8.7061E-08
392.2	1.057E-07
392.4	1.2832E-07
392.6	1.5579E-07
392.8	1.8914E-07
393	1.7012E-07
393.2	1.4601E-07
393.4	1.2531E-07
393.6	1.0755E-07
393.8	9.2311E-08
394	7.9228E-08
394.2	6.7999E-08
394.4	5.8362E-08
394.6	5.0091E-08
394.8	4.2992E-08
395	3.9108E-08
395.2	3.6388E-08
395.4	3.3858E-08
395.6	3.1503E-08
395.8	2.9312E-08
396	2.7274E-08
396.2	2.5377E-08
396.4	2.3613E-08
396.6	2.1971E-08
396.8	2.0443E-08
397	2.3211E-08
397.2	3.0532E-08
397.4	4.0162E-08
397.6	5.283E-08
397.8	6.9493E-08
398	9.1412E-08
398.2	1.2024E-07
398.4	1.5817E-07
398.6	2.0806E-07
398.8	2.7368E-07
399	2.9426E-07
399.2	2.4347E-07
399.4	2.0145E-07
399.6	1.6669E-07
399.8	1.3792E-07
400	1.1412E-07
400.2	9.4422E-08
400.4	7.8126E-08
400.6	6.4643E-08
400.8	5.3487E-08
401	4.7018E-08
401.2	5.8249E-08
401.4	7.2163E-08
401.6	8.94E-08
401.8	1.1076E-07
402	1.3721E-07
402.2	1.6999E-07
402.4	2.1059E-07
402.6	2.6089E-07
402.8	3.2321E-07
403	2.6268E-07
403.2	2.0265E-07
403.4	1.5634E-07
403.6	1.2061E-07
403.8	9.3045E-08
404	7.1781E-08
404.2	5.5376E-08
404.4	4.2721E-08
404.6	3.2958E-08
404.8	2.5426E-08
405	2.8504E-08
405.2	3.6194E-08
405.4	4.5959E-08
405.6	5.8359E-08
405.8	7.4104E-08
406	9.4097E-08
406.2	1.1948E-07
406.4	1.5172E-07
406.6	1.9265E-07
406.8	2.4463E-07
407	2.3047E-07
407.2	1.794E-07
407.4	1.3965E-07
407.6	1.0871E-07
407.8	8.462E-08
408	6.587E-08
408.2	5.1274E-08
408.4	3.9913E-08
408.6	3.1069E-08
408.8	2.4185E-08
409	2.3523E-08
409.2	2.9265E-08
409.4	3.6408E-08
409.6	4.5296E-08
409.8	5.6352E-08
410	7.0108E-08
410.2	8.7221E-08
410.4	1.0851E-07
410.6	1.35E-07
410.8	1.6795E-07
411	1.9865E-07
411.2	1.8356E-07
411.4	1.6962E-07
411.6	1.5673E-07
411.8	1.4483E-07
412	1.3383E-07
412.2	1.2366E-07
412.4	1.1427E-07
412.6	1.0559E-07
412.8	9.7571E-08
413	1.0286E-07
413.2	1.1079E-07
413.4	1.1933E-07
413.6	1.2852E-07
413.8	1.3843E-07
414	1.491E-07
414.2	1.6059E-07
414.4	1.7297E-07
414.6	1.863E-07
414.8	2.0066E-07
415	1.7217E-07
415.2	1.3552E-07
415.4	1.0668E-07
415.6	8.397E-08
415.8	6.6097E-08
416	5.2028E-08
416.2	4.0953E-08
416.4	3.2236E-08
416.6	2.5374E-08
416.8	1.9973E-08
417	1.9631E-08
417.2	2.2443E-08
417.4	2.5657E-08
417.6	2.9332E-08
417.8	3.3533E-08
418	3.8336E-08
418.2	4.3827E-08
418.4	5.0104E-08
418.6	5.7281E-08
418.8	6.5485E-08
419	7.0932E-08
419.2	7.2208E-08
419.4	7.3507E-08
419.6	7.4829E-08
419.8	7.6175E-08
420	7.7545E-08
420.2	7.894E-08
420.4	8.036E-08
420.6	8.1805E-08
420.8	8.3277E-08
421	8.2021E-08
421.2	6.8759E-08
421.4	5.7641E-08
421.6	4.8321E-08
421.8	4.0507E-08
422	3.3958E-08
422.2	2.8467E-08
422.4	2.3864E-08
422.6	2.0005E-08
422.8	1.677E-08
423	1.6257E-08
423.2	1.6201E-08
423.4	1.6146E-08
423.6	1.609E-08
423.8	1.6035E-08
424	1.598E-08
424.2	1.5925E-08
424.4	1.5871E-08
424.6	1.5816E-08
424.8	1.5762E-08
425	1.6517E-08
425.2	1.7657E-08
425.4	1.8877E-08
425.6	2.018E-08
425.8	2.1574E-08
426	2.3064E-08
426.2	2.4657E-08
426.4	2.6359E-08
426.6	2.818E-08
426.8	3.0126E-08
427	2.9733E-08
427.2	2.7729E-08
427.4	2.5861E-08
427.6	2.4118E-08
427.8	2.2492E-08
428	2.0977E-08
428.2	1.9563E-08
428.4	1.8244E-08
428.6	1.7015E-08
428.8	1.5868E-08
429	1.6192E-08
429.2	1.8325E-08
429.4	2.0739E-08
429.6	2.3472E-08
429.8	2.6564E-08
430	3.0063E-08
430.2	3.4023E-08
430.4	3.8506E-08
430.6	4.3578E-08
430.8	4.9319E-08
431	5.4427E-08
431.2	5.3109E-08
431.4	5.1823E-08
431.6	5.0568E-08
431.8	4.9343E-08
432	4.8148E-08
432.2	4.6983E-08
432.4	4.5845E-08
432.6	4.4735E-08
432.8	4.3651E-08
433	3.8667E-08
433.2	3.3717E-08
433.4	2.94E-08
433.6	2.5636E-08
433.8	2.2354E-08
434	1.9492E-08
434.2	1.6997E-08
434.4	1.4821E-08
434.6	1.2923E-08
434.8	1.1269E-08
435	1.0855E-08
435.2	1.0839E-08
435.4	1.0823E-08
435.6	1.0807E-08
435.8	1.0791E-08
436	1.0775E-08
436.2	1.0759E-08
436.4	1.0743E-08
436.6	1.0727E-08
436.8	1.0711E-08
437	1.0707E-08
437.2	1.0709E-08
437.4	1.0712E-08
437.6	1.0714E-08
437.8	1.0717E-08
438	1.0719E-08
438.2	1.0722E-08
438.4	1.0724E-08
438.6	1.0727E-08
438.8	1.073E-08
439	1.1799E-08
439.2	1.4294E-08
439.4	1.7315E-08
439.6	2.0976E-08
439.8	2.541E-08
440	3.0781E-08
440.2	3.7288E-08
440.4	4.517E-08
440.6	5.4719E-08
440.8	6.6286E-08
441	7.4475E-08
441.2	6.07E-08
441.4	4.9473E-08
441.6	4.0323E-08
441.8	3.2865E-08
442	2.6786E-08
442.2	2.1832E-08
442.4	1.7794E-08
442.6	1.4503E-08
442.8	1.182E-08
443	1.1429E-08
443.2	1.143E-08
443.4	1.1432E-08
443.6	1.1433E-08
443.8	1.1434E-08
444	1.1435E-08
444.2	1.1436E-08
444.4	1.1438E-08
444.6	1.1439E-08
444.8	1.144E-08
445	1.138E-08
445.2	1.1297E-08
445.4	1.1214E-08
445.6	1.1132E-08
445.8	1.1051E-08
446	1.097E-08
446.2	1.089E-08
446.4	1.081E-08
446.6	1.0731E-08
446.8	1.0652E-08
447	1.1902E-08
447.2	1.439E-08
447.4	1.7397E-08
447.6	2.1034E-08
447.8	2.543E-08
448	3.0746E-08
448.2	3.7172E-08
448.4	4.4942E-08
448.6	5.4335E-08
448.8	6.5692E-08
449	6.6086E-08
449.2	5.4903E-08
449.4	4.5613E-08
449.6	3.7895E-08
449.8	3.1483E-08
450	2.6156E-08
450.2	2.173E-08
450.4	1.8053E-08
450.6	1.4998E-08
450.8	1.246E-08
451	1.0716E-08
451.2	1.068E-08
451.4	1.0644E-08
451.6	1.0607E-08
451.8	1.0571E-08
452	1.0536E-08
452.2	1.05E-08
452.4	1.0464E-08
452.6	1.0429E-08
452.8	1.0393E-08
453	1.2635E-08
453.2	1.6045E-08
453.4	2.0375E-08
453.6	2.5874E-08
453.8	3.2857E-08
454	4.1724E-08
454.2	5.2985E-08
454.4	6.7284E-08
454.6	8.5443E-08
454.8	1.085E-07
455	1.0784E-07
455.2	9.6742E-08
455.4	8.6783E-08
455.6	7.785E-08
455.8	6.9836E-08
456	6.2648E-08
456.2	5.6199E-08
456.4	5.0414E-08
456.6	4.5225E-08
456.8	4.0569E-08
457	3.9473E-08
457.2	4.0545E-08
457.4	4.1645E-08
457.6	4.2775E-08
457.8	4.3936E-08
458	4.5128E-08
458.2	4.6353E-08
458.4	4.7611E-08
458.6	4.8903E-08
458.8	5.023E-08
459	5.2321E-08
459.2	5.5299E-08
459.4	5.8447E-08
459.6	6.1774E-08
459.8	6.529E-08
460	6.9006E-08
460.2	7.2934E-08
460.4	7.7086E-08
460.6	8.1474E-08
460.8	8.6111E-08
461	9.0939E-08
461.2	9.5718E-08
461.4	1.0075E-07
461.6	1.0604E-07
461.8	1.1162E-07
462	1.1748E-07
462.2	1.2366E-07
462.4	1.3015E-07
462.6	1.3699E-07
462.8	1.4419E-07
463	1.4525E-07
463.2	1.4497E-07
463.4	1.4468E-07
463.6	1.4439E-07
463.8	1.4411E-07
464	1.4382E-07
464.2	1.4354E-07
464.4	1.4326E-07
464.6	1.4297E-07
464.8	1.4269E-07
465	1.1766E-07
465.2	9.0071E-08
465.4	6.8953E-08
465.6	5.2787E-08
465.8	4.0411E-08
466	3.0936E-08
466.2	2.3683E-08
466.4	1.8131E-08
466.6	1.388E-08
466.8	1.0626E-08
467	9.5987E-09
467.2	9.5967E-09
467.4	9.5946E-09
467.6	9.5926E-09
467.8	9.5906E-09
468	9.5886E-09
468.2	9.5866E-09
468.4	9.5846E-09
468.6	9.5826E-09
468.8	9.5806E-09
469	1.18E-08
469.2	1.7618E-08
469.4	2.6305E-08
469.6	3.9274E-08
469.8	5.8639E-08
470	8.7552E-08
470.2	1.3072E-07
470.4	1.9518E-07
470.6	2.9141E-07
470.8	4.351E-07
471	6.0725E-07
471.2	6.5756E-07
471.4	7.1205E-07
471.6	7.7104E-07
471.8	8.3493E-07
472	9.041E-07
472.2	9.7901E-07
472.4	1.0601E-06
472.6	1.148E-06
472.8	1.2431E-06
473	1.2767E-06
473.2	1.2971E-06
473.4	1.3178E-06
473.6	1.3389E-06
473.8	1.3603E-06
474	1.382E-06
474.2	1.4041E-06
474.4	1.4266E-06
474.6	1.4494E-06
474.8	1.4725E-06
475	1.4606E-06
475.2	1.4359E-06
475.4	1.4116E-06
475.6	1.3878E-06
475.8	1.3644E-06
476	1.3413E-06
476.2	1.3186E-06
476.4	1.2964E-06
476.6	1.2745E-06
476.8	1.2529E-06
477	1.2437E-06
477.2	1.2414E-06
477.4	1.2391E-06
477.6	1.2367E-06
477.8	1.2344E-06
478	1.2321E-06
478.2	1.2298E-06
478.4	1.2275E-06
478.6	1.2252E-06
478.8	1.223E-06
479	1.2262E-06
479.2	1.2342E-06
479.4	1.2422E-06
479.6	1.2502E-06
479.8	1.2584E-06
480	1.2665E-06
480.2	1.2748E-06
480.4	1.283E-06
480.6	1.2914E-06
480.8	1.2998E-06
481	1.3044E-06
481.2	1.2962E-06
481.4	1.288E-06
481.6	1.2799E-06
481.8	1.2718E-06
482	1.2638E-06
482.2	1.2558E-06
482.4	1.2479E-06
482.6	1.24E-06
482.8	1.2322E-06
483	1.2322E-06
483.2	1.2341E-06
483.4	1.2359E-06
483.6	1.2378E-06
483.8	1.2397E-06
484	1.2416E-06
484.2	1.2435E-06
484.4	1.2454E-06
484.6	1.2473E-06
484.8	1.2492E-06
485	1.2655E-06
485.2	1.2877E-06
485.4	1.3104E-06
485.6	1.3334E-06
485.8	1.3569E-06
486	1.3808E-06
486.2	1.405E-06
486.4	1.4298E-06
486.6	1.4549E-06
486.8	1.4805E-06
487	1.4938E-06
487.2	1.4994E-06
487.4	1.5051E-06
487.6	1.5109E-06
487.8	1.5166E-06
488	1.5224E-06
488.2	1.5282E-06
488.4	1.534E-06
488.6	1.5398E-06
488.8	1.5457E-06
489	1.5549E-06
489.2	1.5671E-06
489.4	1.5794E-06
489.6	1.5918E-06
489.8	1.6043E-06
490	1.6169E-06
490.2	1.6296E-06
490.4	1.6424E-06
490.6	1.6553E-06
490.8	1.6683E-06
491	2.2113E-07
491.2	2.9843E-08
491.4	1.9231E-08
491.6	1.3259E-08
491.8	1.7389E-08
492	2.2805E-08
492.2	2.1019E-08
492.4	1.4927E-08
492.6	1.5899E-08
492.8	2.4438E-08
493	3.74E-08
493.2	2.4042E-08
493.4	1.5455E-08
493.6	1.5842E-08
493.8	2.6918E-08
494	3.0097E-08
494.2	1.9323E-08
494.4	1.2406E-08
494.6	1.1859E-08
494.8	1.1792E-08
495	1.1732E-08
495.2	1.1684E-08
495.4	1.2777E-08
495.6	1.6751E-08
495.8	2.1962E-08
496	1.842E-08
496.2	1.3959E-08
496.4	1.1475E-08
496.6	1.1456E-08
496.8	1.272E-08
497	1.9596E-08
497.2	3.019E-08
497.4	3.0162E-08
497.6	2.5569E-08
497.8	2.0937E-08
498	1.499E-08
498.2	1.1936E-08
498.4	2.246E-08
498.6	4.2263E-08
498.8	3.7706E-08
499	1.9812E-08
499.2	1.1094E-08
499.4	1.5509E-08
499.6	2.1416E-08
499.8	1.6193E-08
500	1.2244E-08
500.2	1.0631E-08
500.4	1.06E-08
500.6	1.0569E-08
500.8	1.0541E-08
501	1.0514E-08
501.2	1.5652E-08
501.4	2.407E-08
501.6	3.4722E-08
501.8	4.551E-08
502	5.965E-08
502.2	5.6776E-08
502.4	5.1734E-08
502.6	2.9749E-08
502.8	1.5619E-08
503	1.0937E-08
503.2	1.4326E-08
503.4	1.8764E-08
503.6	3.3819E-08
503.8	6.6183E-08
504	4.2685E-08
504.2	1.8639E-08
504.4	9.763E-09
504.6	9.747E-09
504.8	9.7309E-09
505	1.5445E-08
505.2	2.9904E-08
505.4	4.2732E-08
505.6	5.0081E-08
505.8	5.7542E-08
506	5.3417E-08
506.2	4.9587E-08
506.4	5.4534E-08
506.6	6.8334E-08
506.8	4.995E-08
507	2.1755E-08
507.2	9.4747E-09
507.4	9.3364E-09
507.6	9.2763E-09
507.8	1.1861E-08
508	2.0155E-08
508.2	2.7332E-08
508.4	2.7144E-08
508.6	2.6957E-08
508.8	1.8124E-08
509	1.1668E-08
509.2	8.8715E-09
509.4	8.8481E-09
509.6	9.6634E-09
509.8	1.269E-08
510	1.6665E-08
510.2	1.9974E-08
510.4	2.3433E-08
510.6	2.4486E-08
510.8	1.9274E-08
511	1.7521E-08
511.2	4.4871E-08
511.4	1.3089E-07
511.6	1.3374E-07
511.8	2.3311E-08
512	1.7271E-08
512.2	3.3992E-08
512.4	2.9633E-08
512.6	3.1209E-08
512.8	4.9293E-08
513	1.6866E-08
513.2	1.679E-08
513.4	1.6726E-08
513.6	2.9646E-08
513.8	4.1404E-08
514	2.5108E-08
514.2	1.6536E-08
514.4	1.6505E-08
514.6	4.8711E-08
514.8	4.42E-08
515	3.5009E-08
515.2	2.5932E-08
515.4	1.6424E-08
515.6	1.6394E-08
515.8	1.6366E-08
516	1.6331E-08
516.2	1.6294E-08
516.4	2.3988E-08
516.6	2.8633E-08
516.8	1.6136E-08
517	1.6053E-08
517.2	1.5962E-08
517.4	3.4383E-08
517.6	2.7501E-08
517.8	1.8263E-08
518	3.8386E-08
518.2	6.8707E-08
518.4	3.3001E-08
518.6	6.8139E-08
518.8	2.6326E-08
519	2.8689E-08
519.2	4.5228E-08
519.4	2.2908E-08
519.6	2.4453E-08
519.8	5.5615E-08
520	4.5931E-08
520.2	2.2575E-08
520.4	4.1362E-08
520.6	2.3109E-08
520.8	3.5399E-08
521	4.4997E-08
521.2	4.4905E-08
521.4	4.4799E-08
521.6	3.527E-08
521.8	2.9723E-08
522	3.1705E-08
522.2	3.789E-08
522.4	2.9438E-08
522.6	2.9293E-08
522.8	1.698E-08
523	4.0695E-08
523.2	9.6326E-08
523.4	8.4317E-08
523.6	2.4668E-08
523.8	2.8544E-08
524	2.8388E-08
524.2	1.6963E-08
524.4	1.409E-08
524.6	2.3713E-08
524.8	7.0133E-08
525	5.5043E-08
525.2	1.3865E-08
525.4	3.1569E-08
525.6	3.1726E-08
525.8	2.0921E-08
526	3.9523E-08
526.2	5.9833E-08
526.4	4.9521E-08
526.6	1.3793E-08
526.8	1.3746E-08
527	3.9052E-08
527.2	7.9355E-08
527.4	8.3513E-08
527.6	5.2595E-08
527.8	2.4562E-08
528	7.9748E-08
528.2	3.3203E-08
528.4	6.6655E-08
528.6	4.9802E-08
528.8	1.6478E-08
529	3.9323E-08
529.2	7.4292E-08
529.4	7.93E-08
529.6	1.9975E-08
529.8	3.614E-08
530	6.8144E-08
530.2	5.4279E-08
530.4	6.4709E-08
530.6	7.6638E-08
530.8	4.1587E-08
531	8.6866E-08
531.2	1.419E-07
531.4	1.5024E-07
531.6	1.1928E-07
531.8	1.3964E-07
532	1.4737E-07
532.2	1.533E-07
532.4	1.3572E-07
532.6	1.7769E-07
532.8	2.513E-07
533	2.3826E-07
533.2	2.0718E-07
533.4	2.302E-07
533.6	2.1779E-07
533.8	2.3781E-07
534	2.8249E-07
534.2	3.2446E-07
534.4	3.2449E-07
534.6	3.3401E-07
534.8	3.5337E-07
535	3.884E-07
535.2	4.2711E-07
535.4	4.9866E-07
535.6	5.8162E-07
535.8	5.8129E-07
536	6.6719E-07
536.2	7.403E-07
536.4	8.0702E-07
536.6	8.2513E-07
536.8	8.9554E-07
537	1.0538E-06
537.2	1.1686E-06
537.4	1.2996E-06
537.6	1.4444E-06
537.8	1.6698E-06
538	1.8374E-06
538.2	2.0296E-06
538.4	2.3398E-06
538.6	2.4723E-06
538.8	2.8701E-06
539	3.2892E-06
539.2	3.7325E-06
539.4	4.1229E-06
539.6	4.5566E-06
539.8	5.2252E-06
540	5.9811E-06
540.2	6.8622E-06
540.4	7.6536E-06
540.6	8.5046E-06
540.8	9.5957E-06
541	1.0947E-05
541.2	1.2781E-05
541.4	1.437E-05
541.6	1.6514E-05
541.8	1.8923E-05
542	2.1573E-05
542.2	2.4764E-05
542.4	2.855E-05
542.6	3.3022E-05
542.8	3.8679E-05
543	4.4643E-05
543.2	5.187E-05
543.4	6.082E-05
543.6	7.1016E-05
543.8	8.2897E-05
544	9.6637E-05
544.2	0.00011451
544.4	0.00013545
544.6	0.00015989
544.8	0.00018081
545	0.00021597
545.2	0.00025768
545.4	0.00030869
545.6	0.0003711
545.8	0.00044448
546	0.00053501
546.2	0.00067443
546.4	0.00081658
546.6	0.00099487
546.8	0.00122
547	0.00149
547.2	0.00186
547.4	0.0023
547.6	0.00289
547.8	0.00362
548	0.00453
548.2	0.00573
548.4	0.00729
548.6	0.0093
548.8	0.01198
549	0.01395
549.2	0.01811
549.4	0.02369
549.6	0.03122
549.8	0.04138
550	0.05541
550.2	0.07435
550.4	0.10421
550.6	0.14043
550.8	0.18925
551	0.25331
551.2	0.33373
551.4	0.43154
551.6	0.53942
551.8	0.64173
552	0.74439
552.2	0.82986
552.4	0.89131
552.6	0.93089
552.8	0.9523
553	0.9613
553.2	0.96453
553.4	0.9634
553.6	0.95967
553.8	0.95838
554	0.95762
554.2	0.95808
554.4	0.95965
554.6	0.96271
554.8	0.966
555	0.96974
555.2	0.97414
555.4	0.97863
555.6	0.98239
555.8	0.98569
556	0.98869
556.2	0.99017
556.4	0.99134
556.6	0.99141
556.8	0.99226
557	0.99198
557.2	0.99045
557.4	0.99004
557.6	0.9896
557.8	0.98885
558	0.9902
558.2	0.98879
558.4	0.98945
558.6	0.9925
558.8	0.99062
559	0.99147
559.2	0.99274
559.4	0.9924
559.6	0.99244
559.8	0.99272
560	0.99227
560.2	0.99154
560.4	0.9897
560.6	0.98888
560.8	0.98924
561	0.98787
561.2	0.98796
561.4	0.9886
561.6	0.98848
561.8	0.98821
562	0.98862
562.2	0.98838
562.4	0.98855
562.6	0.98802
562.8	0.98763
563	0.98632
563.2	0.9849
563.4	0.98428
563.6	0.98223
563.8	0.9805
564	0.97877
564.2	0.97695
564.4	0.97522
564.6	0.97285
564.8	0.97119
565	0.96991
565.2	0.96965
565.4	0.9706
565.6	0.97228
565.8	0.97469
566	0.97596
566.2	0.97735
566.4	0.9767
566.6	0.97253
566.8	0.96487
567	0.95329
567.2	0.93842
567.4	0.92372
567.6	0.91196
567.8	0.90486
568	0.90535
568.2	0.9111
568.4	0.91808
568.6	0.91679
568.8	0.89492
569	0.85547
569.2	0.80615
569.4	0.75433
569.6	0.67696
569.8	0.52249
570	0.29789
570.2	0.14113
570.4	0.05444
570.6	0.02132
570.8	0.00906
571	0.00424
571.2	0.00219
571.4	0.00124
571.6	0.00046299
571.8	0.00024192
572	0.00013067
572.2	7.5292E-05
572.4	4.3521E-05
572.6	2.6502E-05
572.8	1.6711E-05
573	1.0476E-05
573.2	6.6153E-06
573.4	4.2292E-06
573.6	2.6871E-06
573.8	1.7668E-06
574	1.2699E-06
574.2	9.3171E-07
574.4	6.3886E-07
574.6	4.4738E-07
574.8	3.5788E-07
575	3.163E-07
575.2	2.1032E-07
575.4	1.486E-07
575.6	1.2903E-07
575.8	1.3473E-07
576	1.2453E-07
576.2	1.2561E-07
576.4	1.4199E-07
576.6	1.0882E-07
576.8	6.4759E-08
577	4.6687E-08
577.2	7.9235E-08
577.4	1.5758E-07
577.6	1.2495E-07
577.8	1.0784E-07
578	9.0999E-08
578.2	7.428E-08
578.4	6.6628E-08
578.6	5.6441E-08
578.8	1.5646E-08
579	1.2044E-07
579.2	1.4219E-07
579.4	9.0816E-08
579.6	7.1336E-08
579.8	8.8002E-08
580	7.1475E-08
580.2	9.0321E-08
580.4	7.3769E-08
580.6	6.4692E-08
580.8	7.6435E-08
581	9.3016E-08
581.2	9.2079E-08
581.4	6.9041E-08
581.6	1.2163E-08
581.8	5.0629E-08
582	1.8364E-08
582.2	2.0136E-08
582.4	2.8382E-08
582.6	1.1364E-08
582.8	2.97E-08
583	3.0386E-08
583.2	1.1576E-08
583.4	1.2807E-08
583.6	2.9274E-08
583.8	5.1796E-08
584	7.1577E-08
584.2	5.0378E-08
584.4	8.3212E-08
584.6	5.7027E-08
584.8	1.9647E-08
585	2.3936E-08
585.2	5.47E-08
585.4	1.0431E-08
585.6	4.4944E-08
585.8	1.1024E-08
586	1.0328E-08
586.2	1.9078E-08
586.4	2.6601E-08
586.6	2.2866E-08
586.8	3.9652E-08
587	1.9728E-08
587.2	5.5388E-08
587.4	5.3781E-08
587.6	2.1924E-08
587.8	1.918E-08
588	5.6177E-08
588.2	1.1917E-08
588.4	1.0236E-08
588.6	1.0273E-08
588.8	5.0702E-08
589	3.3233E-08
589.2	1.4075E-08
589.4	2.8115E-08
589.6	1.1697E-08
589.8	3.1069E-08
590	1.3381E-08
590.2	3.687E-08
590.4	3.0198E-08
590.6	1.0353E-08
590.8	1.0347E-08
591	1.0359E-08
591.2	2.0242E-08
591.4	2.9616E-08
591.6	2.4358E-08
591.8	3.0268E-08
592	5.1891E-08
592.2	5.1982E-08
592.4	1.047E-07
592.6	4.8933E-08
592.8	5.2169E-08
593	2.231E-08
593.2	1.5549E-08
593.4	3.5761E-08
593.6	7.0172E-08
593.8	1.6382E-08
594	2.5091E-08
594.2	1.6284E-08
594.4	2.6852E-08
594.6	6.8509E-08
594.8	6.3746E-08
595	1.2156E-08
595.2	1.0408E-08
595.4	2.0976E-08
595.6	1.6309E-08
595.8	1.0481E-08
596	1.5517E-08
596.2	3.7223E-08
596.4	1.234E-08
596.6	1.0455E-08
596.8	1.203E-08
597	1.999E-08
597.2	1.9604E-08
597.4	1.6349E-08
597.6	2.4709E-08
597.8	2.2016E-08
598	9.5972E-09
598.2	8.6019E-09
598.4	9.7909E-09
598.6	1.6326E-08
598.8	3.1263E-08
599	3.115E-08
599.2	2.2505E-08
599.4	2.642E-08
599.6	1.9865E-08
599.8	1.1273E-08
600	1.0354E-08
600.2	1.3426E-08
600.4	4.8351E-08
600.6	5.1517E-08
600.8	3.0859E-08
601	2.0502E-08
601.2	2.0526E-08
601.4	2.0681E-08
601.6	2.0692E-08
601.8	2.0679E-08
602	1.2591E-08
602.2	1.0352E-08
602.4	1.1774E-08
602.6	2.2707E-08
602.8	4.5316E-08
603	2.8781E-08
603.2	1.199E-08
603.4	1.044E-08
603.6	1.0457E-08
603.8	1.3022E-08
604	1.8568E-08
604.2	1.272E-08
604.4	8.3916E-09
604.6	7.8501E-09
604.8	7.8485E-09
605	7.8466E-09
605.2	8.3507E-09
605.4	9.4773E-09
605.6	1.2929E-08
605.8	3.1067E-08
606	1.3145E-08
606.2	1.0403E-08
606.4	1.5892E-08
606.6	3.1941E-08
606.8	3.1354E-08
607	1.8712E-08
607.2	1.0739E-08
607.4	2.9185E-08
607.6	4.1318E-08
607.8	2.5604E-08
608	1.2366E-08
608.2	2.9562E-08
608.4	2.7445E-08
608.6	1.1386E-08
608.8	1.0328E-08
609	2.0876E-08
609.2	2.6996E-08
609.4	1.0338E-08
609.6	1.0357E-08
609.8	1.1122E-08
610	2.6802E-08
610.2	1.5028E-08
610.4	1.0388E-08
610.6	1.038E-08
610.8	1.0675E-08
611	1.6054E-08
611.2	5.2167E-08
611.4	5.2156E-08
611.6	1.8037E-08
611.8	1.0439E-08
612	1.044E-08
612.2	1.176E-08
612.4	6.4282E-08
612.6	6.3004E-08
612.8	6.29E-08
613	3.2085E-08
613.2	1.5743E-08
613.4	1.4712E-08
613.6	5.2133E-08
613.8	3.5119E-08
614	1.1027E-08
614.2	1.0492E-08
614.4	1.0468E-08
614.6	1.3457E-08
614.8	2.6771E-08
615	8.9247E-08
615.2	3.7317E-08
615.4	1.1802E-08
615.6	1.7271E-08
615.8	1.4611E-08
616	1.7484E-08
616.2	4.7027E-08
616.4	2.2573E-08
616.6	2.0227E-08
616.8	1.1627E-08
617	1.0501E-08
617.2	1.0475E-08
617.4	1.6194E-08
617.6	5.2242E-08
617.8	5.2261E-08
618	2.6515E-08
618.2	1.2331E-08
618.4	2.877E-08
618.6	2.6337E-08
618.8	1.0453E-08
619	1.0611E-08
619.2	1.8459E-08
619.4	2.4151E-08
619.6	5.0841E-08
619.8	2.0607E-08
620	1.0417E-08
620.2	1.4831E-08
620.4	5.2208E-08
620.6	6.0256E-08
620.8	3.3578E-08
621	1.3634E-08
621.2	1.0404E-08
621.4	1.039E-08
621.6	1.0383E-08
621.8	1.0386E-08
622	1.7691E-08
622.2	2.7628E-08
622.4	3.796E-08
622.6	2.0206E-08
622.8	1.0415E-08
623	1.0437E-08
623.2	1.0449E-08
623.4	2.8357E-08
623.6	3.6269E-08
623.8	2.2517E-08
624	3.3501E-08
624.2	1.5711E-08
624.4	1.5692E-08
624.6	1.5682E-08
624.8	1.5674E-08
625	1.5012E-08
625.2	1.7757E-08
625.4	1.5259E-08
625.6	1.5007E-08
625.8	4.2781E-08
626	5.9165E-08
626.2	1.9174E-08
626.4	2.1811E-08
626.6	2.059E-08
626.8	1.0421E-08
627	1.0385E-08
627.2	1.0369E-08
627.4	1.0335E-08
627.6	2.0117E-08
627.8	2.2704E-08
628	1.3249E-08
628.2	1.0291E-08
628.4	1.0262E-08
628.6	1.0256E-08
628.8	1.734E-08
629	1.3889E-08
629.2	1.5899E-08
629.4	4.1406E-08
629.6	5.5013E-08
629.8	2.7091E-08
630	1.1252E-08
630.2	3.2148E-08
630.4	3.1991E-08
630.6	2.3264E-08
630.8	2.5645E-08
631	1.7108E-08
631.2	1.0283E-08
631.4	1.0285E-08
631.6	1.0287E-08
631.8	1.0293E-08
632	1.1586E-08
632.2	2.1833E-08
632.4	3.4086E-08
632.6	1.0359E-08
632.8	1.0364E-08
633	1.0358E-08
633.2	1.4239E-08
633.4	1.7668E-08
633.6	1.4038E-08
633.8	2.7301E-08
634	7.0567E-08
634.2	1.4872E-08
634.4	1.5918E-08
634.6	2.4575E-08
634.8	3.0071E-08
635	2.7906E-08
635.2	3.1212E-08
635.4	3.1139E-08
635.6	2.2667E-08
635.8	1.3882E-08
636	1.035E-08
636.2	1.2808E-08
636.4	2.773E-08
636.6	1.8899E-08
636.8	1.0833E-08
637	1.0347E-08
637.2	1.0348E-08
637.4	1.8925E-08
637.6	5.4155E-08
637.8	2.7007E-08
638	3.9222E-08
638.2	2.2448E-08
638.4	1.288E-08
638.6	1.0402E-08
638.8	1.0408E-08
639	1.0903E-08
639.2	1.6988E-08
639.4	6.2878E-08
639.6	6.2821E-08
639.8	5.5877E-08
640	2.5455E-08
640.2	1.0447E-08
640.4	1.0541E-08
640.6	1.2611E-08
640.8	3.1446E-08
641	4.7333E-08
641.2	1.96E-08
641.4	1.6296E-08
641.6	2.4801E-08
641.8	1.0379E-08
642	1.0365E-08
642.2	1.0345E-08
642.4	1.033E-08
642.6	1.0305E-08
642.8	1.0283E-08
643	1.0265E-08
643.2	1.0241E-08
643.4	4.7678E-08
643.6	1.186E-08
643.8	1.0219E-08
644	1.8332E-08
644.2	2.11E-08
644.4	1.0159E-08
644.6	1.0158E-08
644.8	1.0177E-08
645	1.0185E-08
645.2	1.0171E-08
645.4	1.753E-08
645.6	3.5499E-08
645.8	4.3287E-08
646	1.1948E-08
646.2	2.0015E-08
646.4	1.1882E-08
646.6	2.5335E-08
646.8	4.0841E-08
647	4.5352E-08
647.2	5.5E-08
647.4	1.309E-08
647.6	1.6132E-08
647.8	1.1952E-08
648	3.1756E-08
648.2	3.3772E-08
648.4	1.0188E-08
648.6	1.0197E-08
648.8	1.0171E-08
649	1.5543E-08
649.2	1.2252E-08
649.4	1.0153E-08
649.6	1.0121E-08
649.8	1.0102E-08
650	1.0075E-08
650.2	1.6915E-08
650.4	1.654E-08
650.6	1.1602E-08
650.8	2.2914E-08
651	3.0329E-08
651.2	9.9876E-09
651.4	9.9505E-09
651.6	9.9321E-09
651.8	3.2004E-08
652	6.1957E-08
652.2	1.4929E-08
652.4	1.4896E-08
652.6	3.884E-08
652.8	9.0387E-08
653	2.1757E-08
653.2	3.9336E-08
653.4	2.195E-08
653.6	1.4593E-08
653.8	1.4055E-08
654	4.0292E-08
654.2	4.8216E-08
654.4	1.7468E-08
654.6	2.5432E-08
654.8	3.3843E-08
655	1.5061E-08
655.2	1.0066E-08
655.4	1.0082E-08
655.6	1.0083E-08
655.8	1.0089E-08
656	1.0108E-08
656.2	1.013E-08
656.4	1.6411E-08
656.6	3.652E-08
656.8	2.0959E-08
657	1.2018E-08
657.2	1.0123E-08
657.4	1.5256E-08
657.6	4.3693E-08
657.8	7.0604E-08
658	3.4336E-08
658.2	1.1317E-08
658.4	4.1353E-08
658.6	3.6726E-08
658.8	2.119E-08
659	1.7139E-08
659.2	1.0099E-08
659.4	1.1101E-08
659.6	2.6787E-08
659.8	1.4094E-08
660	1.0048E-08
660.2	1.0066E-08
660.4	1.01E-08
660.6	1.0107E-08
660.8	1.0367E-08
661	2.4891E-08
661.2	1.5196E-08
661.4	1.0063E-08
661.6	1.0596E-08
661.8	1.5205E-08
662	2.4492E-08
662.2	1.0129E-08
662.4	2.4419E-08
662.6	1.5748E-08
662.8	1.9402E-08
663	3.9439E-08
663.2	1.5815E-08
663.4	1.2996E-08
663.6	3.9587E-08
663.8	1.3977E-08
664	1.0249E-08
664.2	1.5574E-08
664.4	3.2009E-08
664.6	3.7508E-08
664.8	3.5284E-08
665	1.1579E-08
665.2	1.6922E-08
665.4	2.0615E-08
665.6	3.2136E-08
665.8	6.5246E-08
666	1.5304E-08
666.2	1.0972E-08
666.4	1.9123E-08
666.6	1.269E-08
666.8	1.0269E-08
667	1.0249E-08
667.2	1.1827E-08
667.4	3.3532E-08
667.6	1.0258E-08
667.8	1.0233E-08
668	1.5856E-08
668.2	1.5023E-08
668.4	1.1995E-08
668.6	2.0442E-08
668.8	2.3085E-08
669	1.0192E-08
669.2	1.0179E-08
669.4	2.3775E-08
669.6	3.0559E-08
669.8	1.7506E-08
670	1.0482E-08
670.2	3.4431E-08
670.4	1.1016E-08
670.6	1.0209E-08
670.8	1.5012E-08
671	1.596E-08
671.2	1.0243E-08
671.4	1.0254E-08
671.6	1.412E-08
671.8	1.0738E-08
672	1.6736E-08
672.2	1.4483E-08
672.4	1.0291E-08
672.6	1.0298E-08
672.8	1.0314E-08
673	1.0339E-08
673.2	1.035E-08
673.4	1.0345E-08
673.6	1.0334E-08
673.8	1.2642E-08
674	2.0653E-08
674.2	2.066E-08
674.4	1.2453E-08
674.6	1.0483E-08
674.8	1.0321E-08
675	1.4006E-08
675.2	1.7403E-08
675.4	1.0316E-08
675.6	1.0311E-08
675.8	1.0298E-08
676	1.029E-08
676.2	1.0276E-08
676.4	1.0259E-08
676.6	1.0243E-08
676.8	1.0227E-08
677	4.8102E-08
677.2	3.991E-08
677.4	4.447E-08
677.6	4.4924E-08
677.8	2.4218E-08
678	1.0186E-08
678.2	1.0187E-08
678.4	1.0202E-08
678.6	2.131E-08
678.8	9.745E-09
679	7.6947E-09
679.2	7.6927E-09
679.4	7.6969E-09
679.6	9.6478E-09
679.8	1.4653E-08
680	1.2205E-08
680.2	1.6022E-08
680.4	2.8834E-08
680.6	3.8222E-08
680.8	2.839E-08
681	1.18E-08
681.2	1.6726E-08
681.4	1.4626E-08
681.6	1.0903E-08
681.8	1.0586E-08
682	1.6136E-08
682.2	5.9355E-08
682.4	1.4066E-08
682.6	1.056E-08
682.8	1.4607E-08
683	1.4432E-08
683.2	1.0586E-08
683.4	1.0585E-08
683.6	1.059E-08
683.8	1.8435E-08
684	1.3961E-08
684.2	1.2939E-08
684.4	1.8196E-08
684.6	2.1225E-08
684.8	1.9036E-08
685	1.091E-08
685.2	1.0575E-08
685.4	1.0582E-08
685.6	1.5835E-08
685.8	3.226E-08
686	2.7528E-08
686.2	1.0621E-08
686.4	1.0624E-08
686.6	1.0619E-08
686.8	1.8847E-08
687	2.275E-08
687.2	1.5602E-08
687.4	1.7678E-08
687.6	1.0651E-08
687.8	1.0635E-08
688	1.0615E-08
688.2	1.0605E-08
688.4	1.2948E-08
688.6	1.6201E-08
688.8	1.25E-08
689	2.0847E-08
689.2	1.1957E-08
689.4	1.0668E-08
689.6	1.4443E-08
689.8	2.1498E-08
690	1.9933E-08
690.2	1.9255E-08
690.4	2.921E-08
690.6	2.3112E-08
690.8	1.6478E-08
691	2.1038E-08
691.2	2.0374E-08
691.4	1.9624E-08
691.6	4.1839E-08
691.8	1.1476E-08
692	1.0684E-08
692.2	1.9808E-08
692.4	2.146E-08
692.6	1.0706E-08
692.8	1.0722E-08
693	1.0741E-08
693.2	1.0745E-08
693.4	1.0732E-08
693.6	1.9029E-08
693.8	2.2501E-08
694	1.0737E-08
694.2	1.0777E-08
694.4	1.1434E-08
694.6	1.9856E-08
694.8	1.3348E-08
695	1.8406E-08
695.2	2.3379E-08
695.4	1.0764E-08
695.6	1.0786E-08
695.8	1.0787E-08
696	1.0788E-08
696.2	1.0776E-08
696.4	1.773E-08
696.6	2.4374E-08
696.8	1.105E-08
697	1.5143E-08
697.2	1.0958E-08
697.4	2.6486E-08
697.6	1.6627E-08
697.8	1.0904E-08
698	1.0912E-08
698.2	1.1195E-08
698.4	2.5296E-08
698.6	3.2279E-08
698.8	1.4507E-08
699	1.0937E-08
699.2	1.3945E-08
699.4	1.9623E-08
699.6	1.1249E-08
699.8	2.8503E-08
700	2.5549E-08
700.2	1.6484E-08
700.4	1.6468E-08
700.6	1.6483E-08
700.8	1.6482E-08
701	1.6493E-08
701.2	1.4211E-08
701.4	1.1424E-08
701.6	1.1027E-08
701.8	1.1013E-08
702	1.0999E-08
702.2	1.1693E-08
702.4	2.0441E-08
702.6	1.3307E-08
702.8	1.1194E-08
703	1.1026E-08
703.2	1.1011E-08
703.4	1.4456E-08
703.6	3.2987E-08
703.8	3.3004E-08
704	1.5751E-08
704.2	1.1376E-08
704.4	2.566E-08
704.6	2.4787E-08
704.8	1.0978E-08
705	1.0951E-08
705.2	1.0955E-08
705.4	9.9529E-09
705.6	8.4035E-09
705.8	8.2121E-09
706	8.1994E-09
706.2	8.1835E-09
706.4	9.5001E-08
706.6	7.2939E-06
706.8	4.0945E-06
707	1.6344E-08
707.2	1.6366E-08
707.4	1.6352E-08
707.6	3.1019E-08
707.8	4.2252E-08
708	2.363E-08
708.2	3.3908E-08
708.4	2.4502E-08
708.6	2.4425E-08
708.8	2.2164E-08
709	1.1436E-08
709.2	1.6803E-08
709.4	7.5008E-08
709.6	4.8221E-08
709.8	1.7797E-08
710	1.0827E-08
710.2	1.081E-08
710.4	1.0798E-08
710.6	1.0781E-08
710.8	1.0792E-08
711	1.0816E-08
711.2	1.0832E-08
711.4	1.0828E-08
711.6	1.4564E-08
711.8	5.3067E-08
712	3.6035E-08
712.2	1.6809E-08
712.4	1.5976E-08
712.6	1.7077E-08
712.8	1.0819E-08
713	1.2778E-08
713.2	3.0996E-08
713.4	5.5006E-08
713.6	8.668E-08
713.8	4.9735E-08
714	1.4717E-08
714.2	1.0856E-08
714.4	1.086E-08
714.6	1.0869E-08
714.8	1.8094E-08
715	1.495E-08
715.2	1.7966E-08
715.4	2.4549E-08
715.6	1.0906E-08
715.8	1.0915E-08
716	1.0921E-08
716.2	1.0922E-08
716.4	1.093E-08
716.6	1.0936E-08
716.8	1.0933E-08
717	1.0937E-08
717.2	1.0943E-08
717.4	1.0953E-08
717.6	2.2219E-08
717.8	2.0174E-08
718	1.3444E-08
718.2	2.4313E-08
718.4	2.6517E-08
718.6	1.0964E-08
718.8	1.0977E-08
719	1.0998E-08
719.2	1.1016E-08
719.4	1.1814E-08
719.6	1.8102E-08
719.8	3.4936E-08
720	1.1437E-08
720.2	1.1069E-08
720.4	1.1066E-08
720.6	1.1063E-08
720.8	1.1074E-08
721	1.1109E-08
721.2	1.1137E-08
721.4	1.1153E-08
721.6	1.8265E-08
721.8	1.554E-08
722	1.1139E-08
722.2	1.2941E-08
722.4	2.9484E-08
722.6	2.3501E-08
722.8	4.1145E-08
723	2.7858E-08
723.2	1.594E-08
723.4	1.1197E-08
723.6	1.1247E-08
723.8	1.1305E-08
724	1.1325E-08
724.2	1.1321E-08
724.4	2.6777E-08
724.6	4.9833E-08
724.8	5.0426E-08
725	3.3728E-08
725.2	2.7191E-08
725.4	1.1555E-08
725.6	1.139E-08
725.8	1.7177E-08
726	1.7275E-08
726.2	1.3165E-08
726.4	2.2848E-08
726.6	2.1575E-08
726.8	1.1813E-08
727	1.9339E-08
727.2	2.8782E-08
727.4	2.2913E-08
727.6	1.1506E-08
727.8	1.1522E-08
728	1.6008E-08
728.2	8.656E-09
728.4	8.6556E-09
728.6	8.6624E-09
728.8	8.6791E-09
729	8.6912E-09
729.2	9.0193E-09
729.4	1.2703E-08
729.6	3.7997E-08
729.8	2.9283E-08
730	3.2551E-08
730.2	3.1565E-08
730.4	1.1656E-08
730.6	1.1662E-08
730.8	1.44E-08
731	3.7441E-08
731.2	1.9102E-08
731.4	1.1722E-08
731.6	1.4024E-08
731.8	2.2553E-08
732	1.2927E-08
732.2	1.1813E-08
732.4	1.1821E-08
732.6	1.7688E-08
732.8	2.7687E-08
733	2.8881E-08
733.2	1.1915E-08
733.4	1.1872E-08
733.6	2.6858E-08
733.8	2.7381E-08
734	1.6268E-08
734.2	1.7809E-08
734.4	3.9094E-08
734.6	5.9116E-08
734.8	4.0429E-08
735	2.8432E-08
735.2	2.4561E-08
735.4	1.679E-08
735.6	1.2074E-08
735.8	1.4607E-08
736	4.4522E-08
736.2	6.5567E-08
736.4	4.3449E-08
736.6	2.7366E-08
736.8	1.7717E-08
737	1.6346E-08
737.2	3.3831E-08
737.4	1.3977E-08
737.6	5.4972E-08
737.8	1.3213E-07
738	1.804E-07
738.2	2.7566E-07
738.4	4.2275E-07
738.6	5.3086E-07
738.8	5.6194E-07
739	5.1901E-07
739.2	4.6832E-07
739.4	4.5887E-07
739.6	3.9118E-07
739.8	2.8021E-07
740	2.252E-07
740.2	3.0304E-07
740.4	3.3206E-07
740.6	3.0277E-07
740.8	2.8421E-07
741	3.2206E-07
741.2	3.5886E-07
741.4	3.2933E-07
741.6	3.5669E-07
741.8	4.3952E-07
742	5.1149E-07
742.2	6.0711E-07
742.4	5.5149E-07
742.6	7.2314E-07
742.8	8.3954E-07
743	8.8316E-07
743.2	9.6725E-07
743.4	8.5421E-07
743.6	8.9211E-07
743.8	7.4322E-07
744	6.2636E-07
744.2	5.9664E-07
744.4	5.0999E-07
744.6	3.9962E-07
744.8	3.4474E-07
745	3.463E-07
745.2	3.0311E-07
745.4	2.6954E-07
745.6	1.5991E-07
745.8	1.8139E-07
746	2.0844E-07
746.2	1.8622E-07
746.4	1.4417E-07
746.6	1.1227E-07
746.8	2.6618E-08
747	7.9603E-08
747.2	1.1313E-07
747.4	1.0693E-07
747.6	9.9328E-08
747.8	1.2524E-07
748	1.2548E-07
748.2	9.4272E-08
748.4	1.0309E-07
748.6	1.4662E-07
748.8	1.5847E-07
749	1.3304E-07
749.2	1.8779E-07
749.4	1.6182E-07
749.6	1.6146E-07
749.8	3.402E-07
750	3.7328E-07
750.2	2.6789E-07
750.4	2.0711E-07
750.6	3.0959E-07
750.8	2.7914E-07
751	4.0883E-07
751.2	5.1506E-07
751.4	6.3781E-07
751.6	8.0971E-07
751.8	1.0638E-06
752	1.4702E-06
752.2	2.1855E-06
752.4	3.2669E-06
752.6	4.9423E-06
752.8	7.2476E-06
753	9.1837E-06
753.2	8.7877E-06
753.4	6.6139E-06
753.6	4.657E-06
753.8	2.8106E-06
754	2.0012E-06
754.2	1.5081E-06
754.4	1.1764E-06
754.6	1.0027E-06
754.8	8.0366E-07
755	7.763E-07
755.2	5.0049E-07
755.4	4.4509E-07
755.6	3.8592E-07
755.8	3.0661E-07
756	3.5365E-07
756.2	3.4235E-07
756.4	2.6368E-07
756.6	2.8752E-07
756.8	2.9252E-07
757	2.5957E-07
757.2	2.2456E-07
757.4	2.836E-07
757.6	2.5916E-07
757.8	2.4614E-07
758	2.0404E-07
758.2	1.9613E-07
758.4	2.7505E-07
758.6	2.6114E-07
758.8	2.6442E-07
759	2.5175E-07
759.2	2.2659E-07
759.4	2.0035E-07
759.6	2.0192E-07
759.8	2.0352E-07
760	1.6604E-07
760.2	2.9174E-07
760.4	3.0242E-07
760.6	2.7461E-07
760.8	2.6785E-07
761	3.0606E-07
761.2	3.7362E-07
761.4	3.75E-07
761.6	4.233E-07
761.8	4.6533E-07
762	5.2159E-07
762.2	5.8296E-07
762.4	6.5873E-07
762.6	7.476E-07
762.8	7.9581E-07
763	9.377E-07
763.2	1.0482E-06
763.4	1.1483E-06
763.6	1.3454E-06
763.8	1.6326E-06
764	1.9682E-06
764.2	2.3425E-06
764.4	2.9723E-06
764.6	3.8167E-06
764.8	4.884E-06
765	6.4064E-06
765.2	8.4723E-06
765.4	1.0993E-05
765.6	1.4494E-05
765.8	1.8164E-05
766	2.0894E-05
766.2	2.2236E-05
766.4	2.1566E-05
766.6	1.9541E-05
766.8	1.7131E-05
767	1.4622E-05
767.2	1.2556E-05
767.4	1.0797E-05
767.6	9.371E-06
767.8	8.2679E-06
768	7.3965E-06
768.2	6.7501E-06
768.4	6.5255E-06
768.6	6.2288E-06
768.8	5.9546E-06
769	5.7556E-06
769.2	5.577E-06
769.4	5.5155E-06
769.6	5.5702E-06
769.8	5.8999E-06
770	5.8862E-06
770.2	6.2131E-06
770.4	6.2236E-06
770.6	6.4898E-06
770.8	7.0402E-06
771	7.5459E-06
771.2	7.9693E-06
771.4	8.4165E-06
771.6	8.8887E-06
771.8	9.3875E-06
772	9.9142E-06
772.2	1.0141E-05
772.4	9.9594E-06
772.6	9.781E-06
772.8	9.6058E-06
773	9.4337E-06
773.2	9.2648E-06
773.4	9.0988E-06
773.6	8.9358E-06
773.8	8.7758E-06
774	8.6186E-06
774.2	8.2428E-06
774.4	7.6967E-06
774.6	7.1868E-06
774.8	6.7107E-06
775	6.2661E-06
775.2	5.8509E-06
775.4	5.4633E-06
775.6	5.1013E-06
775.8	4.7633E-06
776	4.4478E-06
776.2	4.2979E-06
776.4	4.2411E-06
776.6	4.1852E-06
776.8	4.1299E-06
777	4.0754E-06
777.2	4.0216E-06
777.4	3.9686E-06
777.6	3.9162E-06
777.8	3.8645E-06
778	3.8135E-06
778.2	3.9726E-06
778.4	4.2309E-06
778.6	4.5061E-06
778.8	4.7991E-06
779	5.1111E-06
779.2	5.4435E-06
779.4	5.7974E-06
779.6	6.1744E-06
779.8	6.5759E-06
780	7.0035E-06
780.2	7.135E-06
780.4	7.1937E-06
780.6	7.2528E-06
780.8	7.3125E-06
781	7.3726E-06
781.2	7.4333E-06
781.4	7.4944E-06
781.6	7.556E-06
781.8	7.6182E-06
782	7.6809E-06
782.2	7.3034E-06
782.4	6.4455E-06
782.6	5.6884E-06
782.8	5.0202E-06
783	4.4305E-06
783.2	3.9101E-06
783.4	3.4508E-06
783.6	3.0454E-06
783.8	2.6877E-06
784	2.372E-06
784.2	2.1169E-06
784.4	1.9078E-06
784.6	1.7193E-06
784.8	1.5494E-06
785	1.3963E-06
785.2	1.2583E-06
785.4	1.134E-06
785.6	1.0219E-06
785.8	9.2097E-07
786	8.2997E-07
786.2	7.6907E-07
786.4	7.2439E-07
786.6	6.823E-07
786.8	6.4266E-07
787	6.0532E-07
787.2	5.7015E-07
787.4	5.3702E-07
787.6	5.0582E-07
787.8	4.7643E-07
788	4.4875E-07
788.2	4.3283E-07
788.4	4.2115E-07
788.6	4.0979E-07
788.8	3.9873E-07
789	3.8797E-07
789.2	3.775E-07
789.4	3.6732E-07
789.6	3.5741E-07
789.8	3.4776E-07
790	3.3838E-07
790.2	3.3712E-07
790.4	3.3744E-07
790.6	3.3776E-07
790.8	3.3808E-07
791	3.384E-07
791.2	3.3871E-07
791.4	3.3903E-07
791.6	3.3935E-07
791.8	3.3967E-07
792	3.3999E-07
792.2	3.4539E-07
792.4	3.5909E-07
792.6	3.7333E-07
792.8	3.8814E-07
793	4.0354E-07
793.2	4.1955E-07
793.4	4.3619E-07
793.6	4.5349E-07
793.8	4.7148E-07
794	4.9018E-07
794.2	5.1471E-07
794.4	5.4608E-07
794.6	5.7936E-07
794.8	6.1466E-07
795	6.5212E-07
795.2	6.9187E-07
795.4	7.3403E-07
795.6	7.7877E-07
795.8	8.2623E-07
796	8.7658E-07
796.2	9.364E-07
796.4	1.005E-06
796.6	1.0786E-06
796.8	1.1576E-06
797	1.2424E-06
797.2	1.3334E-06
797.4	1.4311E-06
797.6	1.5359E-06
797.8	1.6484E-06
798	1.7691E-06
798.2	1.8544E-06
798.4	1.9247E-06
798.6	1.9976E-06
798.8	2.0733E-06
799	2.1519E-06
799.2	2.2334E-06
799.4	2.3181E-06
799.6	2.4059E-06
799.8	2.4971E-06
800	2.5918E-06
800.2	2.5373E-06
800.4	2.4513E-06
800.6	2.3683E-06
800.8	2.288E-06
801	2.2105E-06
801.2	2.1355E-06
801.4	2.0632E-06
801.6	1.9932E-06
801.8	1.9257E-06
802	1.8604E-06
802.2	1.8077E-06
802.4	1.7725E-06
802.6	1.738E-06
802.8	1.7042E-06
803	1.671E-06
803.2	1.6385E-06
803.4	1.6066E-06
803.6	1.5753E-06
803.8	1.5446E-06
804	1.5146E-06
804.2	1.4919E-06
804.4	1.4764E-06
804.6	1.4611E-06
804.8	1.4459E-06
805	1.4309E-06
805.2	1.416E-06
805.4	1.4013E-06
805.6	1.3868E-06
805.8	1.3724E-06
806	1.3581E-06
806.2	1.3649E-06
806.4	1.3856E-06
806.6	1.4066E-06
806.8	1.4279E-06
807	1.4495E-06
807.2	1.4715E-06
807.4	1.4938E-06
807.6	1.5164E-06
807.8	1.5394E-06
808	1.5627E-06
808.2	1.6109E-06
808.4	1.6707E-06
808.6	1.7326E-06
808.8	1.7968E-06
809	1.8634E-06
809.2	1.9325E-06
809.4	2.0041E-06
809.6	2.0784E-06
809.8	2.1554E-06
810	2.2353E-06
810.2	2.3368E-06
810.4	2.4468E-06
810.6	2.5619E-06
810.8	2.6825E-06
811	2.8087E-06
811.2	2.9409E-06
811.4	3.0793E-06
811.6	3.2242E-06
811.8	3.3759E-06
812	3.5348E-06
812.2	3.7309E-06
812.4	3.9921E-06
812.6	4.2716E-06
812.8	4.5707E-06
813	4.8906E-06
813.2	5.233E-06
813.4	5.5994E-06
813.6	5.9914E-06
813.8	6.4108E-06
814	6.8596E-06
814.2	7.249E-06
814.4	7.5598E-06
814.6	7.8839E-06
814.8	8.2219E-06
815	8.5744E-06
815.2	8.9421E-06
815.4	9.3254E-06
815.6	9.7253E-06
815.8	1.0142E-05
816	1.0577E-05
816.2	1.0845E-05
816.4	1.0994E-05
816.6	1.1145E-05
816.8	1.1298E-05
817	1.1454E-05
817.2	1.1611E-05
817.4	1.1771E-05
817.6	1.1933E-05
817.8	1.2097E-05
818	1.2263E-05
818.2	1.2334E-05
818.4	1.2366E-05
818.6	1.2399E-05
818.8	1.2432E-05
819	1.2465E-05
819.2	1.2498E-05
819.4	1.2531E-05
819.6	1.2564E-05
819.8	1.2597E-05
820	1.263E-05
820.2	1.2644E-05
820.4	1.2655E-05
820.6	1.2665E-05
820.8	1.2676E-05
821	1.2686E-05
821.2	1.2697E-05
821.4	1.2707E-05
821.6	1.2718E-05
821.8	1.2729E-05
822	1.2739E-05
822.2	1.2884E-05
822.4	1.3249E-05
822.6	1.3625E-05
822.8	1.4011E-05
823	1.4409E-05
823.2	1.4817E-05
823.4	1.5238E-05
823.6	1.567E-05
823.8	1.6114E-05
824	1.6571E-05
824.2	1.7066E-05
824.4	1.76E-05
824.6	1.8151E-05
824.8	1.872E-05
825	1.9306E-05
825.2	1.9911E-05
825.4	2.0534E-05
825.6	2.1177E-05
825.8	2.184E-05
826	2.2524E-05
826.2	2.3375E-05
826.4	2.4347E-05
826.6	2.5359E-05
826.8	2.6414E-05
827	2.7512E-05
827.2	2.8656E-05
827.4	2.9848E-05
827.6	3.1089E-05
827.8	3.2382E-05
828	3.3729E-05
828.2	3.5295E-05
828.4	3.6987E-05
828.6	3.8761E-05
828.8	4.062E-05
829	4.2568E-05
829.2	4.461E-05
829.4	4.6749E-05
829.6	4.8991E-05
829.8	5.1341E-05
830	5.3803E-05
830.2	5.4768E-05
830.4	5.555E-05
830.6	5.6343E-05
830.8	5.7148E-05
831	5.7964E-05
831.2	5.8792E-05
831.4	5.9631E-05
831.6	6.0483E-05
831.8	6.1347E-05
832	6.2223E-05
832.2	6.2574E-05
832.4	6.1915E-05
832.6	6.1263E-05
832.8	6.0617E-05
833	5.9978E-05
833.2	5.9346E-05
833.4	5.8721E-05
833.6	5.8103E-05
833.8	5.749E-05
834	5.6885E-05
834.2	5.5624E-05
834.4	5.3686E-05
834.6	5.1815E-05
834.8	5.001E-05
835	4.8267E-05
835.2	4.6585E-05
835.4	4.4962E-05
835.6	4.3395E-05
835.8	4.1883E-05
836	4.0424E-05
836.2	3.9445E-05
836.4	3.8767E-05
836.6	3.81E-05
836.8	3.7445E-05
837	3.6801E-05
837.2	3.6169E-05
837.4	3.5547E-05
837.6	3.4935E-05
837.8	3.4335E-05
838	3.3744E-05
838.2	3.3914E-05
838.4	3.4354E-05
838.6	3.4799E-05
838.8	3.525E-05
839	3.5707E-05
839.2	3.617E-05
839.4	3.6639E-05
839.6	3.7114E-05
839.8	3.7595E-05
840	3.8082E-05
840.2	3.9371E-05
840.4	4.0817E-05
840.6	4.2316E-05
840.8	4.387E-05
841	4.5481E-05
841.2	4.7151E-05
841.4	4.8883E-05
841.6	5.0678E-05
841.8	5.2539E-05
842	5.4469E-05
842.2	5.6468E-05
842.4	5.8539E-05
842.6	6.0687E-05
842.8	6.2913E-05
843	6.5221E-05
843.2	6.7613E-05
843.4	7.0093E-05
843.6	7.2664E-05
843.8	7.533E-05
844	7.8093E-05
844.2	7.7641E-05
844.4	7.4028E-05
844.6	7.0584E-05
844.8	6.7299E-05
845	6.4168E-05
845.2	6.1182E-05
845.4	5.8335E-05
845.6	5.5621E-05
845.8	5.3033E-05
846	5.0565E-05
846.2	4.7377E-05
846.4	4.3946E-05
846.6	4.0764E-05
846.8	3.7812E-05
847	3.5074E-05
847.2	3.2534E-05
847.4	3.0178E-05
847.6	2.7993E-05
847.8	2.5966E-05
848	2.4086E-05
848.2	2.2811E-05
848.4	2.1736E-05
848.6	2.071E-05
848.8	1.9734E-05
849	1.8803E-05
849.2	1.7916E-05
849.4	1.7071E-05
849.6	1.6266E-05
849.8	1.5499E-05
850	1.4768E-05
850.2	1.4362E-05
850.4	1.3993E-05
850.6	1.3633E-05
850.8	1.3282E-05
851	1.2941E-05
851.2	1.2608E-05
851.4	1.2284E-05
851.6	1.1968E-05
851.8	1.166E-05
852	1.136E-05
852.2	1.1266E-05
852.4	1.1583E-05
852.6	1.1908E-05
852.8	1.2242E-05
853	1.2586E-05
853.2	1.294E-05
853.4	1.3303E-05
853.6	1.3677E-05
853.8	1.4061E-05
854	1.4456E-05
854.2	1.5038E-05
854.4	1.5849E-05
854.6	1.6703E-05
854.8	1.7604E-05
855	1.8554E-05
855.2	1.9554E-05
855.4	2.0609E-05
855.6	2.172E-05
855.8	2.2891E-05
856	2.4126E-05
856.2	2.5176E-05
856.4	2.6112E-05
856.6	2.7083E-05
856.8	2.809E-05
857	2.9135E-05
857.2	3.0219E-05
857.4	3.1342E-05
857.6	3.2508E-05
857.8	3.3717E-05
858	3.4971E-05
858.2	3.34E-05
858.4	3.1103E-05
858.6	2.8963E-05
858.8	2.6971E-05
859	2.5115E-05
859.2	2.3387E-05
859.4	2.1778E-05
859.6	2.028E-05
859.8	1.8885E-05
860	1.7586E-05
860.2	1.5697E-05
860.4	1.3955E-05
860.6	1.2407E-05
860.8	1.1031E-05
861	9.807E-06
861.2	8.7191E-06
861.4	7.7518E-06
861.6	6.8919E-06
861.8	6.1273E-06
862	5.4476E-06
862.2	4.9422E-06
862.4	4.6675E-06
862.6	4.4081E-06
862.8	4.1631E-06
863	3.9317E-06
863.2	3.7132E-06
863.4	3.5068E-06
863.6	3.3119E-06
863.8	3.1278E-06
864	2.9539E-06
864.2	2.8015E-06
864.4	2.6689E-06
864.6	2.5425E-06
864.8	2.4222E-06
865	2.3075E-06
865.2	2.1983E-06
865.4	2.0942E-06
865.6	1.995E-06
865.8	1.9006E-06
866	1.8106E-06
866.2	1.7464E-06
866.4	1.6963E-06
866.6	1.6476E-06
866.8	1.6004E-06
867	1.5544E-06
867.2	1.5098E-06
867.4	1.4665E-06
867.6	1.4244E-06
867.8	1.3835E-06
868	1.3438E-06
868.2	1.3238E-06
868.4	1.3089E-06
868.6	1.2941E-06
868.8	1.2796E-06
869	1.2652E-06
869.2	1.2509E-06
869.4	1.2368E-06
869.6	1.2229E-06
869.8	1.2092E-06
870	1.1956E-06
870.2	1.186E-06
870.4	1.1767E-06
870.6	1.1675E-06
870.8	1.1584E-06
871	1.1493E-06
871.2	1.1403E-06
871.4	1.1314E-06
871.6	1.1225E-06
871.8	1.1137E-06
872	1.105E-06
872.2	1.1093E-06
872.4	1.1438E-06
872.6	1.1794E-06
872.8	1.2161E-06
873	1.254E-06
873.2	1.293E-06
873.4	1.3332E-06
873.6	1.3747E-06
873.8	1.4174E-06
874	1.4615E-06
874.2	1.5097E-06
874.4	1.5626E-06
874.6	1.6174E-06
874.8	1.674E-06
875	1.7327E-06
875.2	1.7934E-06
875.4	1.8563E-06
875.6	1.9214E-06
875.8	1.9887E-06
876	2.0584E-06
876.2	2.1603E-06
876.4	2.2865E-06
876.6	2.4201E-06
876.8	2.5616E-06
877	2.7112E-06
877.2	2.8697E-06
877.4	3.0374E-06
877.6	3.2149E-06
877.8	3.4027E-06
878	3.6016E-06
878.2	3.9039E-06
878.4	4.2602E-06
878.6	4.649E-06
878.8	5.0733E-06
879	5.5363E-06
879.2	6.0415E-06
879.4	6.5929E-06
879.6	7.1946E-06
879.8	7.8512E-06
880	8.5677E-06
880.2	9.7518E-06
880.4	1.1127E-05
880.6	1.2696E-05
880.8	1.4486E-05
881	1.6529E-05
881.2	1.8859E-05
881.4	2.1518E-05
881.6	2.4553E-05
881.8	2.8015E-05
882	3.3676E-05
882.2	4.121E-05
882.4	5.043E-05
882.6	6.3366E-05
882.8	7.9923E-05
883	0.0001008
883.2	0.00012667
883.4	0.00015917
883.6	0.00019624
883.8	0.00021421
884	0.00023383
884.2	0.0002418
884.4	0.00021523
884.6	0.00019157
884.8	0.00016589
885	0.00013772
885.2	0.00011434
885.4	9.6162E-05
885.6	8.1812E-05
885.8	6.9603E-05
886	6.0576E-05
886.2	5.3341E-05
886.4	4.697E-05
886.6	4.2465E-05
886.8	3.8662E-05
887	3.52E-05
887.2	3.2702E-05
887.4	3.0431E-05
887.6	2.8361E-05
887.8	2.7132E-05
888	2.5957E-05
888.2	2.4887E-05
888.4	2.4085E-05
888.6	2.3308E-05
888.8	2.2677E-05
889	2.2314E-05
889.2	2.1956E-05
889.4	2.1706E-05
889.6	2.158E-05
889.8	2.1454E-05
890	2.151E-05
890.2	2.1695E-05
890.4	2.1881E-05
890.6	2.2212E-05
890.8	2.2605E-05
891	2.3005E-05
891.2	2.3833E-05
891.4	2.4691E-05
891.6	2.558E-05
891.8	2.6501E-05
892	2.7455E-05
892.2	2.8728E-05
892.4	3.0881E-05
892.6	3.3195E-05
892.8	3.5683E-05
893	3.8358E-05
893.2	4.1233E-05
893.4	4.4323E-05
893.6	4.7646E-05
893.8	5.1217E-05
894	5.5055E-05
894.2	5.7789E-05
894.4	5.8848E-05
894.6	5.9926E-05
894.8	6.1024E-05
895	6.2142E-05
895.2	6.328E-05
895.4	6.4439E-05
895.6	6.562E-05
895.8	6.6822E-05
896	6.8046E-05
896.2	6.4687E-05
896.4	5.8848E-05
896.6	5.3537E-05
896.8	4.8705E-05
897	4.4309E-05
897.2	4.031E-05
897.4	3.6671E-05
897.6	3.3362E-05
897.8	3.035E-05
898	2.7611E-05
898.2	2.5132E-05
898.4	2.2878E-05
898.6	2.0826E-05
898.8	1.8959E-05
899	1.7259E-05
899.2	1.5711E-05
899.4	1.4302E-05
899.6	1.3019E-05
899.8	1.1852E-05
900	1.0789E-05
900.2	1.0059E-05
900.4	9.3871E-06
900.6	8.7598E-06
900.8	8.1744E-06
901	7.6282E-06
901.2	7.1184E-06
901.4	6.6427E-06
901.6	6.1988E-06
901.8	5.7845E-06
902	5.398E-06
902.2	5.0854E-06
902.4	4.9223E-06
902.6	4.7644E-06
902.8	4.6116E-06
903	4.4637E-06
903.2	4.3206E-06
903.4	4.182E-06
903.6	4.0479E-06
903.8	3.9181E-06
904	3.7924E-06
904.2	3.6871E-06
904.4	3.6056E-06
904.6	3.5258E-06
904.8	3.4478E-06
905	3.3715E-06
905.2	3.297E-06
905.4	3.224E-06
905.6	3.1527E-06
905.8	3.083E-06
906	3.0148E-06
906.2	2.9769E-06
906.4	2.9574E-06
906.6	2.9381E-06
906.8	2.9189E-06
907	2.8998E-06
907.2	2.8809E-06
907.4	2.8621E-06
907.6	2.8434E-06
907.8	2.8248E-06
908	2.8063E-06
908.2	2.8122E-06
908.4	2.8244E-06
908.6	2.8367E-06
908.8	2.849E-06
909	2.8614E-06
909.2	2.8738E-06
909.4	2.8862E-06
909.6	2.8988E-06
909.8	2.9114E-06
910	2.924E-06
910.2	2.971E-06
910.4	3.0195E-06
910.6	3.0688E-06
910.8	3.1188E-06
911	3.1697E-06
911.2	3.2214E-06
911.4	3.274E-06
911.6	3.3274E-06
911.8	3.3817E-06
912	3.4369E-06
912.2	3.5043E-06
912.4	3.6097E-06
912.6	3.7182E-06
912.8	3.83E-06
913	3.9452E-06
913.2	4.0638E-06
913.4	4.186E-06
913.6	4.3118E-06
913.8	4.4415E-06
914	4.575E-06
914.2	4.7357E-06
914.4	4.9352E-06
914.6	5.1431E-06
914.8	5.3597E-06
915	5.5855E-06
915.2	5.8208E-06
915.4	6.066E-06
915.6	6.3215E-06
915.8	6.5878E-06
916	6.8653E-06
916.2	7.2109E-06
916.4	7.6119E-06
916.6	8.0352E-06
916.8	8.4821E-06
917	8.9538E-06
917.2	9.4518E-06
917.4	9.9774E-06
917.6	1.0532E-05
917.8	1.1118E-05
918	1.1736E-05
918.2	1.2486E-05
918.4	1.331E-05
918.6	1.4189E-05
918.8	1.5125E-05
919	1.6124E-05
919.2	1.7188E-05
919.4	1.8323E-05
919.6	1.9532E-05
919.8	2.0821E-05
920	2.2196E-05
920.2	2.362E-05
920.4	2.5134E-05
920.6	2.6746E-05
920.8	2.8462E-05
921	3.0287E-05
921.2	3.2229E-05
921.4	3.4296E-05
921.6	3.6496E-05
921.8	3.8837E-05
922	4.1327E-05
922.2	4.3603E-05
922.4	4.4707E-05
922.6	4.5839E-05
922.8	4.6999E-05
923	4.8189E-05
923.2	4.9408E-05
923.4	5.0659E-05
923.6	5.1941E-05
923.8	5.3256E-05
924	5.4604E-05
924.2	5.5207E-05
924.4	5.4748E-05
924.6	5.4293E-05
924.8	5.3842E-05
925	5.3394E-05
925.2	5.295E-05
925.4	5.251E-05
925.6	5.2074E-05
925.8	5.1641E-05
926	5.1211E-05
926.2	5.0621E-05
926.4	4.9934E-05
926.6	4.9256E-05
926.8	4.8587E-05
927	4.7928E-05
927.2	4.7277E-05
927.4	4.6636E-05
927.6	4.6002E-05
927.8	4.5378E-05
928	4.4762E-05
928.2	4.4563E-05
928.4	4.4465E-05
928.6	4.4367E-05
928.8	4.4269E-05
929	4.4171E-05
929.2	4.4073E-05
929.4	4.3976E-05
929.6	4.3878E-05
929.8	4.3781E-05
930	4.3688E-05
930.2	4.422E-05
930.4	4.4758E-05
930.6	4.5303E-05
930.8	4.5855E-05
931	4.6413E-05
931.2	4.6978E-05
931.4	4.755E-05
931.6	4.8129E-05
931.8	4.8988E-05
932	4.9153E-05
932.2	4.9967E-05
932.4	5.2295E-05
932.6	5.3751E-05
932.8	5.5543E-05
933	5.7538E-05
933.2	5.8744E-05
933.4	6.1506E-05
933.6	6.3262E-05
933.8	6.6402E-05
934	6.9457E-05
934.2	6.946E-05
934.4	7.3804E-05
934.6	7.7995E-05
934.8	7.9711E-05
935	8.4289E-05
935.2	8.8605E-05
935.4	9.3207E-05
935.6	9.7158E-05
935.8	0.00010424
936	0.00011188
936.2	0.00011736
936.4	0.00012569
936.6	0.00013702
936.8	0.00014626
937	0.00015368
937.2	0.00016685
937.4	0.00018131
937.6	0.00019748
937.8	0.00021696
938	0.00023503
938.2	0.00025709
938.4	0.00028071
938.6	0.00031357
938.8	0.00034535
939	0.00038675
939.2	0.00043239
939.4	0.00048364
939.6	0.00054214
939.8	0.00062344
940	0.00071767
940.2	0.00080744
940.4	0.00095029
940.6	0.00111
940.8	0.00132
941	0.00156
941.2	0.00193
941.4	0.00239
941.6	0.00296
941.8	0.00367
942	0.00454
942.2	0.0057
942.4	0.00701
942.6	0.00853
942.8	0.00998
943	0.01118
943.2	0.01179
943.4	0.01179
943.6	0.01112
943.8	0.01014
944	0.00898
944.2	0.00792
944.4	0.007
944.6	0.00617
944.8	0.00551
945	0.00496
945.2	0.00451
945.4	0.00414
945.6	0.00383
945.8	0.00361
946	0.0034
946.2	0.00324
946.4	0.00311
946.6	0.00301
946.8	0.00294
947	0.00287
947.2	0.00285
947.4	0.00282
947.6	0.00283
947.8	0.00284
948	0.00288
948.2	0.00292
948.4	0.00298
948.6	0.00306
948.8	0.00318
949	0.00329
949.2	0.00344
949.4	0.00359
949.6	0.00377
949.8	0.00398
950	0.00416
950.2	0.00436
950.4	0.00459
950.6	0.00472
950.8	0.00492
951	0.00501
951.2	0.00497
951.4	0.00493
951.6	0.00489
951.8	0.00479
952	0.00451
952.2	0.00422
952.4	0.00389
952.6	0.00354
952.8	0.00319
953	0.00286
953.2	0.00257
953.4	0.00231
953.6	0.00207
953.8	0.00185
954	0.00165
954.2	0.00149
954.4	0.00135
954.6	0.00122
954.8	0.00112
955	0.001
955.2	0.00092172
955.4	0.00083953
955.6	0.00077074
955.8	0.00070522
956	0.0006563
956.2	0.00060148
956.4	0.0005592
956.6	0.00053053
956.8	0.00049531
957	0.00046126
957.2	0.00043393
957.4	0.00040363
957.6	0.00037736
957.8	0.00036065
958	0.00034381
958.2	0.00032555
958.4	0.00031153
958.6	0.00029709
958.8	0.00028362
959	0.00027094
959.2	0.0002606
959.4	0.00025091
959.6	0.00023862
959.8	0.00023125
960	0.00022322
960.2	0.00022041
960.4	0.000214
960.6	0.00020278
960.8	0.00020086
961	0.0001929
961.2	0.00019054
961.4	0.00018821
961.6	0.00018591
961.8	0.00018363
962	0.00018112
962.2	0.00017823
962.4	0.00017538
962.6	0.00017303
962.8	0.00017073
963	0.00016865
963.2	0.00016677
963.4	0.00016496
963.6	0.00016398
963.8	0.00016301
964	0.00016209
964.2	0.00016119
964.4	0.00016035
964.6	0.00015973
964.8	0.00015912
965	0.00015919
965.2	0.00015951
965.4	0.00015997
965.6	0.00016074
965.8	0.00016152
966	0.0001621
966.2	0.00016264
966.4	0.0001638
966.6	0.00016598
966.8	0.00016818
967	0.00016945
967.2	0.00017067
967.4	0.00017277
967.6	0.00017582
967.8	0.0001789
968	0.00018164
968.2	0.00018442
968.4	0.00018767
968.6	0.00019125
968.8	0.00019495
969	0.00019899
969.2	0.00020311
969.4	0.00020847
969.6	0.00021443
969.8	0.00022053
970	0.00022672
970.2	0.00023309
970.4	0.00024064
970.6	0.00024864
970.8	0.00025683
971	0.00026517
971.2	0.00027415
971.4	0.00028345
971.6	0.00029305
971.8	0.00030393
972	0.00031415
972.2	0.00033113
972.4	0.0003437
972.6	0.00036318
972.8	0.00037649
973	0.0003832
973.2	0.00041718
973.4	0.00043623
973.6	0.00046188
973.8	0.0004739
974	0.00050373
974.2	0.00054318
974.4	0.00057286
974.6	0.00060173
974.8	0.0006477
975	0.00068558
975.2	0.00073515
975.4	0.00078588
975.6	0.00084902
975.8	0.00091071
976	0.00098715
976.2	0.00109
976.4	0.00118
976.6	0.00127
976.8	0.00137
977	0.00151
977.2	0.00162
977.4	0.00177
977.6	0.00194
977.8	0.00211
978	0.0023
978.2	0.00255
978.4	0.00283
978.6	0.00312
978.8	0.00342
979	0.00379
979.2	0.00419
979.4	0.00466
979.6	0.00517
979.8	0.0057
980	0.00625
980.2	0.0069
980.4	0.0075
980.6	0.00811
980.8	0.00875
981	0.00931
981.2	0.00961
981.4	0.00991
981.6	0.01022
981.8	0.01051
982	0.01045
982.2	0.01036
982.4	0.0101
982.6	0.00976
982.8	0.00945
983	0.00909
983.2	0.00869
983.4	0.00829
983.6	0.00789
983.8	0.00757
984	0.00717
984.2	0.00683
984.4	0.00654
984.6	0.00625
984.8	0.00596
985	0.00571
985.2	0.0055
985.4	0.00529
985.6	0.00509
985.8	0.00492
986	0.0048
986.2	0.00464
986.4	0.00452
986.6	0.00441
986.8	0.00431
987	0.0042
987.2	0.00412
987.4	0.00404
987.6	0.00397
987.8	0.00391
988	0.00385
988.2	0.0038
988.4	0.00375
988.6	0.0037
988.8	0.00367
989	0.00363
989.2	0.00356
989.4	0.00358
989.6	0.00355
989.8	0.00352
990	0.00351
990.2	0.00349
990.4	0.00348
990.6	0.00348
990.8	0.00345
991	0.00346
991.2	0.00345
991.4	0.00345
991.6	0.00345
991.8	0.00345
992	0.00344
992.2	0.0034
992.4	0.00337
992.6	0.00336
992.8	0.00333
993	0.00331
993.2	0.00327
993.4	0.00323
993.6	0.00321
993.8	0.00317
994	0.00313
994.2	0.00308
994.4	0.00304
994.6	0.00301
994.8	0.00296
995	0.00291
995.2	0.00286
995.4	0.00283
995.6	0.00278
995.8	0.00273
996	0.00268
996.2	0.00264
996.4	0.00259
996.6	0.00254
996.8	0.00249
997	0.00245
997.2	0.0024
997.4	0.00236
997.6	0.00231
997.8	0.00226
998	0.00222
998.2	0.00218
998.4	0.00214
998.6	0.0021
998.8	0.00207
999	0.00204
999.2	0.00199
999.4	0.00194
999.6	0.00193
999.8	0.0019
1000	0.00188
1000.2	0.00184
1000.4	0.00181
1000.6	0.00179
1000.8	0.00176
1001	0.00174
1001.2	0.00172
1001.4	0.0017
1001.6	0.00169
1001.8	0.00167
1002	0.00164
1002.2	0.00163
1002.4	0.00162
1002.6	0.0016
1002.8	0.00159
1003	0.00158
1003.2	0.00157
1003.4	0.00155
1003.6	0.00154
1003.8	0.00154
1004	0.00154
1004.2	0.00154
1004.4	0.00152
1004.6	0.00152
1004.8	0.00152
1005	0.00152
1005.2	0.00153
1005.4	0.00152
1005.6	0.00153
1005.8	0.00153
1006	0.00153
1006.2	0.00165
1006.4	0.00165
1006.6	0.00165
1006.8	0.00166
1007	0.00167
1007.2	0.00168
1007.4	0.00169
1007.6	0.0017
1007.8	0.0017
1008	0.00172
1008.2	0.00174
1008.4	0.00176
1008.6	0.00178
1008.8	0.00179
1009	0.00181
1009.2	0.00183
1009.4	0.00186
1009.6	0.00188
1009.8	0.0019
1010	0.00192
1010.2	0.00194
1010.4	0.00197
1010.6	0.00201
1010.8	0.00203
1011	0.00205
1011.2	0.00209
1011.4	0.00212
1011.6	0.00216
1011.8	0.00218
1012	0.00222
1012.2	0.00226
1012.4	0.0023
1012.6	0.00235
1012.8	0.00239
1013	0.00242
1013.2	0.00248
1013.4	0.00251
1013.6	0.00255
1013.8	0.0026
1014	0.00265
1014.2	0.00271
1014.4	0.00276
1014.6	0.0028
1014.8	0.00285
1015	0.00291
1015.2	0.00297
1015.4	0.00301
1015.6	0.00309
1015.8	0.00314
1016	0.0032
1016.2	0.00326
1016.4	0.00331
1016.6	0.00338
1016.8	0.00345
1017	0.00351
1017.2	0.00356
1017.4	0.00362
1017.6	0.00369
1017.8	0.00376
1018	0.00383
1018.2	0.0039
1018.4	0.00397
1018.6	0.00402
1018.8	0.0041
1019	0.00416
1019.2	0.00423
1019.4	0.0043
1019.6	0.00438
1019.8	0.00443
1020	0.00449
1020.2	0.00457
1020.4	0.00465
1020.6	0.00472
1020.8	0.00479
1021	0.00485
1021.2	0.00491
1021.4	0.00499
1021.6	0.00506
1021.8	0.00512
1022	0.00519
1022.2	0.00527
1022.4	0.00533
1022.6	0.00541
1022.8	0.00549
1023	0.00556
1023.2	0.00562
1023.4	0.00568
1023.6	0.00575
1023.8	0.00583
1024	0.00591
1024.2	0.00599
1024.4	0.00607
1024.6	0.00614
1024.8	0.00621
1025	0.00628
1025.2	0.00636
1025.4	0.00644
1025.6	0.00652
1025.8	0.00661
1026	0.00658
1026.2	0.00662
1026.4	0.00671
1026.6	0.00678
1026.8	0.0069
1027	0.00695
1027.2	0.00706
1027.4	0.00716
1027.6	0.00724
1027.8	0.00731
1028	0.00741
1028.2	0.00748
1028.4	0.00758
1028.6	0.00766
1028.8	0.00773
1029	0.00785
1029.2	0.00795
1029.4	0.00806
1029.6	0.00813
1029.8	0.0082
1030	0.0083
1030.2	0.00837
1030.4	0.00844
1030.6	0.00852
1030.8	0.0086
1031	0.00867
1031.2	0.00873
1031.4	0.00881
1031.6	0.00887
1031.8	0.00895
1032	0.00902
1032.2	0.00906
1032.4	0.00917
1032.6	0.00922
1032.8	0.00926
1033	0.0093
1033.2	0.00934
1033.4	0.00936
1033.6	0.00941
1033.8	0.00939
1034	0.00943
1034.2	0.00946
1034.4	0.00945
1034.6	0.00946
1034.8	0.00947
1035	0.00947
1035.2	0.00946
1035.4	0.00944
1035.6	0.00942
1035.8	0.00938
1036	0.00935
1036.2	0.0093
1036.4	0.00926
1036.6	0.00923
1036.8	0.00914
1037	0.00914
1037.2	0.00907
1037.4	0.00901
1037.6	0.00897
1037.8	0.00891
1038	0.00881
1038.2	0.00876
1038.4	0.0087
1038.6	0.00863
1038.8	0.00856
1039	0.00853
1039.2	0.00845
1039.4	0.00836
1039.6	0.00827
1039.8	0.0082
1040	0.00815
1040.2	0.00812
1040.4	0.00801
1040.6	0.00791
1040.8	0.00783
1041	0.00776
1041.2	0.0077
1041.4	0.00763
1041.6	0.00754
1041.8	0.0075
1042	0.00745
1042.2	0.00736
1042.4	0.00725
1042.6	0.00726
1042.8	0.00719
1043	0.00713
1043.2	0.00707
1043.4	0.007
1043.6	0.00697
1043.8	0.00689
1044	0.00683
1044.2	0.00679
1044.4	0.00674
1044.6	0.00667
1044.8	0.00663
1045	0.00663
1045.2	0.00659
1045.4	0.00654
1045.6	0.00652
1045.8	0.00649
1046	0.00641
1046.2	0.00632
1046.4	0.00631
1046.6	0.00629
1046.8	0.00628
1047	0.00625
1047.2	0.00622
1047.4	0.00619
1047.6	0.00618
1047.8	0.00618
1048	0.00617
1048.2	0.00615
1048.4	0.00613
1048.6	0.00611
1048.8	0.00609
1049	0.00607
1049.2	0.00605
1049.4	0.00604
1049.6	0.00604
1049.8	0.00604
1050	0.00604
1050.2	0.00603
1050.4	0.00603
1050.6	0.00603
1050.8	0.00602
1051	0.00602
1051.2	0.00602
1051.4	0.00603
1051.6	0.00604
1051.8	0.00604
1052	0.00605
1052.2	0.00605
1052.4	0.00605
1052.6	0.00605
1052.8	0.00607
1053	0.00608
1053.2	0.00609
1053.4	0.00611
1053.6	0.00614
1053.8	0.00616
1054	0.00618
1054.2	0.0062
1054.4	0.00621
1054.6	0.00623
1054.8	0.00626
1055	0.00628
1055.2	0.00631
1055.4	0.00633
1055.6	0.00636
1055.8	0.00639
1056	0.00642
1056.2	0.00646
1056.4	0.00649
1056.6	0.00653
1056.8	0.00656
1057	0.0066
1057.2	0.00663
1057.4	0.00666
1057.6	0.00668
1057.8	0.00672
1058	0.00676
1058.2	0.00681
1058.4	0.00686
1058.6	0.00689
1058.8	0.00693
1059	0.00697
1059.2	0.00702
1059.4	0.00707
1059.6	0.00712
1059.8	0.00717
1060	0.00723
1060.2	0.00728
1060.4	0.00733
1060.6	0.00738
1060.8	0.00743
1061	0.00748
1061.2	0.00754
1061.4	0.00761
1061.6	0.00768
1061.8	0.00774
1062	0.0078
1062.2	0.00787
1062.4	0.00792
1062.6	0.00797
1062.8	0.00802
1063	0.00808
1063.2	0.00815
1063.4	0.00823
1063.6	0.00831
1063.8	0.00837
1064	0.00843
1064.2	0.00849
1064.4	0.00854
1064.6	0.0086
1064.8	0.00866
1065	0.00872
1065.2	0.00879
1065.4	0.00886
1065.6	0.0089
1065.8	0.00889
1066	0.00887
1066.2	0.00891
1066.4	0.00894
1066.6	0.00898
1066.8	0.00902
1067	0.00907
1067.2	0.00912
1067.4	0.00916
1067.6	0.0092
1067.8	0.00923
1068	0.00927
1068.2	0.0093
1068.4	0.00935
1068.6	0.00939
1068.8	0.00944
1069	0.00947
1069.2	0.00949
1069.4	0.00951
1069.6	0.00953
1069.8	0.00953
1070	0.00954
1070.2	0.00954
1070.4	0.00955
1070.6	0.00957
1070.8	0.00958
1071	0.0096
1071.2	0.0096
1071.4	0.0096
1071.6	0.0096
1071.8	0.0096
1072	0.0096
1072.2	0.00959
1072.4	0.00959
1072.6	0.00958
1072.8	0.00955
1073	0.00952
1073.2	0.0095
1073.4	0.00948
1073.6	0.00946
1073.8	0.00945
1074	0.00943
1074.2	0.00939
1074.4	0.00935
1074.6	0.00931
1074.8	0.00928
1075	0.00926
1075.2	0.00923
1075.4	0.00921
1075.6	0.00917
1075.8	0.00914
1076	0.0091
1076.2	0.00907
1076.4	0.00902
1076.6	0.00898
1076.8	0.00894
1077	0.0089
1077.2	0.00886
1077.4	0.00882
1077.6	0.00878
1077.8	0.00875
1078	0.00871
1078.2	0.00868
1078.4	0.00865
1078.6	0.00862
1078.8	0.00859
1079	0.00857
1079.2	0.00855
1079.4	0.00854
1079.6	0.00852
1079.8	0.00851
1080	0.00848
1080.2	0.00846
1080.4	0.00844
1080.6	0.00842
1080.8	0.00841
1081	0.00839
1081.2	0.00838
1081.4	0.00835
1081.6	0.00833
1081.8	0.0083
1082	0.00828
1082.2	0.00829
1082.4	0.0083
1082.6	0.0083
1082.8	0.0083
1083	0.0083
1083.2	0.00829
1083.4	0.00829
1083.6	0.00829
1083.8	0.0083
1084	0.0083
1084.2	0.00831
1084.4	0.00833
1084.6	0.00835
1084.8	0.00837
1085	0.00839
1085.2	0.00839
1085.4	0.0084
1085.6	0.00841
1085.8	0.00843
1086	0.00846
1086.2	0.00848
1086.4	0.0085
1086.6	0.00852
1086.8	0.00854
1087	0.00855
1087.2	0.00858
1087.4	0.0086
1087.6	0.00863
1087.8	0.00865
1088	0.00869
1088.2	0.00873
1088.4	0.00877
1088.6	0.00881
1088.8	0.00883
1089	0.00886
1089.2	0.00889
1089.4	0.00893
1089.6	0.00897
1089.8	0.00901
1090	0.00905
1090.2	0.00911
1090.4	0.00917
1090.6	0.00924
1090.8	0.0092
1091	0.00906
1091.2	0.00879
1091.4	0.00885
1091.6	0.00893
1091.8	0.00901
1092	0.00905
1092.2	0.00907
1092.4	0.00909
1092.6	0.00912
1092.8	0.00914
1093	0.00916
1093.2	0.00918
1093.4	0.00919
1093.6	0.0092
1093.8	0.00921
1094	0.00926
1094.2	0.00931
1094.4	0.00935
1094.6	0.00936
1094.8	0.00935
1095	0.00934
1095.2	0.00934
1095.4	0.00934
1095.6	0.00934
1095.8	0.00935
1096	0.00936
1096.2	0.00937
1096.4	0.00939
1096.6	0.00938
1096.8	0.00936
1097	0.00935
1097.2	0.00935
1097.4	0.00935
1097.6	0.00935
1097.8	0.00935
1098	0.00934
1098.2	0.00933
1098.4	0.00932
1098.6	0.0093
1098.8	0.00928
1099	0.00926
1099.2	0.00925
1099.4	0.00925
1099.6	0.00925
1099.8	0.00924
1100	0.00922
1100.2	0.00921
1100.4	0.00918
1100.6	0.00915
1100.8	0.00912
1101	0.0091
1101.2	0.00909
1101.4	0.00909
1101.6	0.00908
1101.8	0.00907
1102	0.00906
1102.2	0.00906
1102.4	0.00903
1102.6	0.009
1102.8	0.00897
1103	0.00898
1103.2	0.00899
1103.4	0.009
1103.6	0.009
1103.8	0.00897
1104	0.00895
1104.2	0.00893
1104.4	0.00893
1104.6	0.00893
1104.8	0.00893
1105	0.00894
1105.2	0.00894
1105.4	0.00895
1105.6	0.00896
1105.8	0.00898
1106	0.009
1106.2	0.00901
1106.4	0.00902
1106.6	0.00902
1106.8	0.00904
1107	0.00906
1107.2	0.00909
1107.4	0.00912
1107.6	0.00915
1107.8	0.00918
1108	0.00922
1108.2	0.00927
1108.4	0.00932
1108.6	0.00937
1108.8	0.00942
1109	0.00947
1109.2	0.00952
1109.4	0.00958
1109.6	0.00966
1109.8	0.00973
1110	0.00981
1110.2	0.00988
1110.4	0.00995
1110.6	0.01002
1110.8	0.01009
1111	0.01016
1111.2	0.01024
1111.4	0.01035
1111.6	0.01048
1111.8	0.01061
1112	0.01073
1112.2	0.01084
1112.4	0.01094
1112.6	0.01107
1112.8	0.01123
1113	0.0114
1113.2	0.01156
1113.4	0.01172
1113.6	0.01188
1113.8	0.01204
1114	0.01222
1114.2	0.01241
1114.4	0.01261
1114.6	0.01279
1114.8	0.01297
1115	0.01315
1115.2	0.01335
1115.4	0.01357
1115.6	0.0138
1115.8	0.01404
1116	0.01431
1116.2	0.01459
1116.4	0.01488
1116.6	0.01519
1116.8	0.01551
1117	0.01584
1117.2	0.01618
1117.4	0.01653
1117.6	0.01689
1117.8	0.01728
1118	0.0177
1118.2	0.01812
1118.4	0.01857
1118.6	0.01906
1118.8	0.01955
1119	0.02006
1119.2	0.02055
1119.4	0.02104
1119.6	0.02155
1119.8	0.02215
1120	0.02277
1120.2	0.02341
1120.4	0.02405
1120.6	0.0247
1120.8	0.02535
1121	0.0261
1121.2	0.02699
1121.4	0.02791
1121.6	0.02867
1121.8	0.02846
1122	0.02826
1122.2	0.02916
1122.4	0.03009
1122.6	0.03104
1122.8	0.03203
1123	0.03306
1123.2	0.03421
1123.4	0.0354
1123.6	0.03663
1123.8	0.03791
1124	0.03923
1124.2	0.04062
1124.4	0.04205
1124.6	0.04354
1124.8	0.04508
1125	0.04668
1125.2	0.04844
1125.4	0.05026
1125.6	0.05215
1125.8	0.05412
1126	0.05616
1126.2	0.05813
1126.4	0.06018
1126.6	0.0623
1126.8	0.0645
1127	0.06677
1127.2	0.06917
1127.4	0.07165
1127.6	0.07422
1127.8	0.07689
1128	0.07964
1128.2	0.08226
1128.4	0.08496
1128.6	0.08775
1128.8	0.09063
1129	0.0936
1129.2	0.09641
1129.4	0.09931
1129.6	0.10229
1129.8	0.10536
1130	0.10851
1130.2	0.11121
1130.4	0.11398
1130.6	0.11682
1130.8	0.11973
1131	0.12269
1131.2	0.12534
1131.4	0.12804
1131.6	0.1308
1131.8	0.13362
1132	0.13648
1132.2	0.13865
1132.4	0.14086
1132.6	0.14311
1132.8	0.14539
1133	0.14769
1133.2	0.14936
1133.4	0.15105
1133.6	0.15276
1133.8	0.15449
1134	0.15621
1134.2	0.1573
1134.4	0.1584
1134.6	0.15951
1134.8	0.16063
1135	0.16174
1135.2	0.16257
1135.4	0.1634
1135.6	0.16424
1135.8	0.16508
1136	0.16594
1136.2	0.16704
1136.4	0.16815
1136.6	0.16927
1136.8	0.17039
1137	0.17151
1137.2	0.17233
1137.4	0.17315
1137.6	0.17398
1137.8	0.17481
1138	0.17566
1138.2	0.17692
1138.4	0.17819
1138.6	0.17947
1138.8	0.18076
1139	0.18206
1139.2	0.18368
1139.4	0.18531
1139.6	0.18695
1139.8	0.18861
1140	0.19028
1140.2	0.19208
1140.4	0.19389
1140.6	0.19572
1140.8	0.19757
1141	0.19944
1141.2	0.20185
1141.4	0.20428
1141.6	0.20675
1141.8	0.20924
1142	0.21178
1142.2	0.21498
1142.4	0.21822
1142.6	0.22152
1142.8	0.22486
1143	0.22827
1143.2	0.23228
1143.4	0.23636
1143.6	0.24052
1143.8	0.24474
1144	0.24903
1144.2	0.25308
1144.4	0.2572
1144.6	0.26139
1144.8	0.26564
1145	0.26997
1145.2	0.27468
1145.4	0.27947
1145.6	0.28435
1145.8	0.28931
1146	0.29436
1146.2	0.29957
1146.4	0.30488
1146.6	0.31029
1146.8	0.31578
1147	0.32136
1147.2	0.32644
1147.4	0.33159
1147.6	0.33683
1147.8	0.34214
1148	0.34747
1148.2	0.35099
1148.4	0.35455
1148.6	0.35814
1148.8	0.36177
1149	0.36533
1149.2	0.36705
1149.4	0.36878
1149.6	0.37052
1149.8	0.37226
1150	0.37399
1150.2	0.37419
1150.4	0.3744
1150.6	0.3746
1150.8	0.3748
1151	0.37495
1151.2	0.37295
1151.4	0.37095
1151.6	0.36897
1151.8	0.36699
1152	0.36492
1152.2	0.36022
1152.4	0.35557
1152.6	0.35099
1152.8	0.34646
1153	0.34199
1153.2	0.33735
1153.4	0.33277
1153.6	0.32825
1153.8	0.32379
1154	0.31938
1154.2	0.31444
1154.4	0.30957
1154.6	0.30477
1154.8	0.30005
1155	0.29536
1155.2	0.28991
1155.4	0.28455
1155.6	0.2793
1155.8	0.27414
1156	0.26908
1156.2	0.26455
1156.4	0.26009
1156.6	0.25571
1156.8	0.2514
1157	0.24719
1157.2	0.24359
1157.4	0.24005
1157.6	0.23656
1157.8	0.23313
1158	0.22974
1158.2	0.22619
1158.4	0.2227
1158.6	0.21926
1158.8	0.21588
1159	0.21257
1159.2	0.21001
1159.4	0.20749
1159.6	0.205
1159.8	0.20253
1160	0.20013
1160.2	0.19856
1160.4	0.197
1160.6	0.19546
1160.8	0.19392
1161	0.1924
1161.2	0.19074
1161.4	0.1891
1161.6	0.18747
1161.8	0.18585
1162	0.18429
1162.2	0.18384
1162.4	0.1834
1162.6	0.18296
1162.8	0.18252
1163	0.18208
1163.2	0.18139
1163.4	0.18071
1163.6	0.18002
1163.8	0.17934
1164	0.1787
1164.2	0.17892
1164.4	0.17915
1164.6	0.17938
1164.8	0.17961
1165	0.17984
1165.2	0.18036
1165.4	0.18089
1165.6	0.18141
1165.8	0.18193
1166	0.18247
1166.2	0.18337
1166.4	0.18428
1166.6	0.18519
1166.8	0.1861
1167	0.18702
1167.2	0.1888
1167.4	0.1906
1167.6	0.19242
1167.8	0.19425
1168	0.19609
1168.2	0.19778
1168.4	0.19949
1168.6	0.20121
1168.8	0.20294
1169	0.20469
1169.2	0.20768
1169.4	0.21071
1169.6	0.21379
1169.8	0.21691
1170	0.22007
1170.2	0.2228
1170.4	0.22557
1170.6	0.22838
1170.8	0.23121
1171	0.23416
1171.2	0.23849
1171.4	0.2429
1171.6	0.2474
1171.8	0.25198
1172	0.25663
1172.2	0.26101
1172.4	0.26547
1172.6	0.27
1172.8	0.27461
1173	0.27932
1173.2	0.28544
1173.4	0.2917
1173.6	0.29809
1173.8	0.30463
1174	0.31128
1174.2	0.31746
1174.4	0.32376
1174.6	0.33019
1174.8	0.33675
1175	0.34345
1175.2	0.3517
1175.4	0.36015
1175.6	0.36879
1175.8	0.37765
1176	0.38667
1176.2	0.39484
1176.4	0.40317
1176.6	0.41169
1176.8	0.42038
1177	0.42929
1177.2	0.4397
1177.4	0.45035
1177.6	0.46126
1177.8	0.47244
1178	0.4838
1178.2	0.49341
1178.4	0.50322
1178.6	0.51322
1178.8	0.52342
1179	0.53385
1179.2	0.54539
1179.4	0.55718
1179.6	0.56922
1179.8	0.58152
1180	0.59405
1180.2	0.60386
1180.4	0.61384
1180.6	0.62398
1180.8	0.63429
1181	0.64475
1181.2	0.65484
1181.4	0.6651
1181.6	0.67551
1181.8	0.68609
1182	0.69678
1182.2	0.70498
1182.4	0.71327
1182.6	0.72166
1182.8	0.73015
1183	0.73864
1183.2	0.74512
1183.4	0.75166
1183.6	0.75826
1183.8	0.76491
1184	0.77158
1184.2	0.77687
1184.4	0.78219
1184.6	0.78756
1184.8	0.79296
1185	0.79835
1185.2	0.801
1185.4	0.80366
1185.6	0.80633
1185.8	0.80901
1186	0.81169
1186.2	0.81414
1186.4	0.8166
1186.6	0.81907
1186.8	0.82154
1187	0.82398
1187.2	0.82481
1187.4	0.82564
1187.6	0.82647
1187.8	0.8273
1188	0.82812
1188.2	0.82843
1188.4	0.82874
1188.6	0.82905
1188.8	0.82936
1189	0.82968
1189.2	0.83009
1189.4	0.8305
1189.6	0.8309
1189.8	0.83131
1190	0.8317
1190.2	0.83118
1190.4	0.83066
1190.6	0.83014
1190.8	0.82962
1191	0.82911
1191.2	0.82963
1191.4	0.83014
1191.6	0.83065
1191.8	0.83117
1192	0.83166
1192.2	0.83151
1192.4	0.83136
1192.6	0.83121
1192.8	0.83107
1193	0.83091
1193.2	0.8305
1193.4	0.83009
1193.6	0.82969
1193.8	0.82928
1194	0.82887
1194.2	0.82897
1194.4	0.82907
1194.6	0.82918
1194.8	0.82928
1195	0.82932
1195.2	0.82783
1195.4	0.82634
1195.6	0.82486
1195.8	0.82338
1196	0.82189
1196.2	0.82002
1196.4	0.81816
1196.6	0.81631
1196.8	0.81446
1197	0.8126
1197.2	0.81023
1197.4	0.80786
1197.6	0.8055
1197.8	0.80315
1198	0.80072
1198.2	0.79647
1198.4	0.79223
1198.6	0.78802
1198.8	0.78383
1199	0.77963
1199.2	0.77475
1199.4	0.7699
1199.6	0.76508
1199.8	0.76029
1200	0.75552
1200.2	0.75029
1200.4	0.74509
1200.6	0.73992
1200.8	0.73479
1201	0.7297
