300.00	9.49999957811E-6
301.00	9.49999957811E-6
302.00	9.49999957811E-6
303.00	9.49999957811E-6
304.00	9.49999957811E-6
305.00	9.49999957811E-6
306.00	9.49999957811E-6
307.00	9.49999957811E-6
308.00	9.49999957811E-6
309.00	9.49999957811E-6
310.00	9.49999957811E-6
311.00	9.49999957811E-6
312.00	9.49999957811E-6
313.00	9.49999957811E-6
314.00	9.49999957811E-6
315.00	9.49999957811E-6
316.00	9.49999957811E-6
317.00	9.49999957811E-6
318.00	9.49999957811E-6
319.00	9.49999957811E-6
320.00	9.49999957811E-6
321.00	9.49999957811E-6
322.00	9.49999957811E-6
323.00	9.49999957811E-6
324.00	9.49999957811E-6
325.00	9.49999957811E-6
326.00	9.49999957811E-6
327.00	9.49999957811E-6
328.00	9.49999957811E-6
329.00	9.49999957811E-6
330.00	9.49999957811E-6
331.00	9.49999957811E-6
332.00	9.49999957811E-6
333.00	9.49999957811E-6
334.00	9.49999957811E-6
335.00	9.49999957811E-6
336.00	9.49999957811E-6
337.00	9.49999957811E-6
338.00	9.49999957811E-6
339.00	9.49999957811E-6
340.00	9.49999957811E-6
341.00	9.49999957811E-6
342.00	9.49999957811E-6
343.00	9.49999957811E-6
344.00	9.49999957811E-6
345.00	9.49999957811E-6
346.00	9.49999957811E-6
347.00	9.49999957811E-6
348.00	9.49999957811E-6
349.00	9.49999957811E-6
350.00	9.49999957811E-6
351.00	9.49999957811E-6
352.00	9.49999957811E-6
353.00	9.49999957811E-6
354.00	9.49999957811E-6
355.00	9.49999957811E-6
356.00	9.49999957811E-6
357.00	9.49999957811E-6
358.00	9.49999957811E-6
359.00	9.49999957811E-6
360.00	9.49999957811E-6
361.00	9.49999957811E-6
362.00	9.49999957811E-6
363.00	9.49999957811E-6
364.00	9.49999957811E-6
365.00	9.49999957811E-6
366.00	9.49999957811E-6
367.00	9.49999957811E-6
368.00	9.49999957811E-6
369.00	9.49999957811E-6
370.00	9.49999957811E-6
371.00	9.49999957811E-6
372.00	9.49999957811E-6
373.00	9.49999957811E-6
374.00	9.49999957811E-6
375.00	9.49999957811E-6
376.00	9.49999957811E-6
377.00	9.49999957811E-6
378.00	9.49999957811E-6
379.00	9.49999957811E-6
380.00	9.49999957811E-6
381.00	9.49999957811E-6
382.00	9.49999957811E-6
383.00	9.49999957811E-6
384.00	9.49999957811E-6
385.00	9.49999957811E-6
386.00	9.49999957811E-6
387.00	9.49999957811E-6
388.00	9.49999957811E-6
389.00	9.49999957811E-6
390.00	9.49999957811E-6
391.00	9.49999957811E-6
392.00	9.49999957811E-6
393.00	9.49999957811E-6
394.00	9.49999957811E-6
395.00	9.49999957811E-6
396.00	9.49999957811E-6
397.00	9.49999957811E-6
398.00	9.49999957811E-6
399.00	9.49999957811E-6
400.00	9.49999957811E-6
401.00	9.49999957811E-6
402.00	9.49999957811E-6
403.00	9.49999957811E-6
404.00	9.49999957811E-6
405.00	9.49999957811E-6
406.00	9.49999957811E-6
407.00	9.49999957811E-6
408.00	9.49999957811E-6
409.00	9.49999957811E-6
410.00	9.49999957811E-6
411.00	9.49999957811E-6
412.00	9.49999957811E-6
413.00	9.49999957811E-6
414.00	9.49999957811E-6
415.00	9.49999957811E-6
416.00	9.49999957811E-6
417.00	9.49999957811E-6
418.00	9.49999957811E-6
419.00	9.49999957811E-6
420.00	9.49999957811E-6
421.00	9.49999957811E-6
422.00	9.49999957811E-6
423.00	9.49999957811E-6
424.00	9.49999957811E-6
425.00	9.49999957811E-6
426.00	9.49999957811E-6
427.00	9.49999957811E-6
428.00	9.49999957811E-6
429.00	9.49999957811E-6
430.00	9.49999957811E-6
431.00	9.49999957811E-6
432.00	9.49999957811E-6
433.00	9.49999957811E-6
434.00	9.49999957811E-6
435.00	9.49999957811E-6
436.00	9.49999957811E-6
437.00	9.49999957811E-6
438.00	9.49999957811E-6
439.00	9.49999957811E-6
440.00	9.49999957811E-6
441.00	9.49999957811E-6
442.00	9.49999957811E-6
443.00	9.49999957811E-6
444.00	9.49999957811E-6
445.00	9.49999957811E-6
446.00	9.49999957811E-6
447.00	9.49999957811E-6
448.00	9.49999957811E-6
449.00	9.49999957811E-6
450.00	9.49999957811E-6
451.00	9.49999957811E-6
452.00	9.49999957811E-6
453.00	9.49999957811E-6
454.00	9.49999957811E-6
455.00	9.49999957811E-6
456.00	9.49999957811E-6
457.00	9.49999957811E-6
458.00	9.49999957811E-6
459.00	9.49999957811E-6
460.00	9.49999957811E-6
461.00	9.49999957811E-6
462.00	9.49999957811E-6
463.00	9.49999957811E-6
464.00	9.49999957811E-6
465.00	9.49999957811E-6
466.00	9.49999957811E-6
467.00	9.49999957811E-6
468.00	9.49999957811E-6
469.00	9.49999957811E-6
470.00	9.49999957811E-6
471.00	9.49999957811E-6
472.00	9.49999957811E-6
473.00	9.49999957811E-6
474.00	9.49999957811E-6
475.00	9.49999957811E-6
476.00	9.49999957811E-6
477.00	9.49999957811E-6
478.00	9.49999957811E-6
479.00	9.49999957811E-6
480.00	9.49999957811E-6
481.00	9.49999957811E-6
482.00	9.49999957811E-6
483.00	9.49999957811E-6
484.00	9.49999957811E-6
485.00	9.49999957811E-6
486.00	9.49999957811E-6
487.00	9.49999957811E-6
488.00	9.49999957811E-6
489.00	9.49999957811E-6
490.00	9.49999957811E-6
491.00	9.49999957811E-6
492.00	9.49999957811E-6
493.00	9.49999957811E-6
494.00	9.49999957811E-6
495.00	9.49999957811E-6
496.00	9.49999957811E-6
497.00	9.49999957811E-6
498.00	9.49999957811E-6
499.00	9.49999957811E-6
500.00	9.49999957811E-6
501.00	9.49999957811E-6
502.00	9.49999957811E-6
503.00	9.49999957811E-6
504.00	9.49999957811E-6
505.00	9.49999957811E-6
506.00	9.49999957811E-6
507.00	9.49999957811E-6
508.00	9.49999957811E-6
509.00	2.57273004536E-5
510.00	8.79293002072E-5
511.00	0.000249878008617
512.00	0.000551217002794
513.00	0.001192130032
514.00	0.00324666989036
515.00	0.0117857996374
516.00	0.0468485988677
517.00	0.123759999871
518.00	0.207264006138
519.00	0.348022997379
520.00	0.588355004787
521.00	0.724515020847
522.00	0.721686005592
523.00	0.744790971279
524.00	0.789372980595
525.00	0.789131999016
526.00	0.745310008526
527.00	0.707598984241
528.00	0.710815012455
529.00	0.745074987411
530.00	0.774739027023
531.00	0.788380980492
532.00	0.805347979069
533.00	0.818899989128
534.00	0.803650975227
535.00	0.775050997734
536.00	0.772338986397
537.00	0.798825979233
538.00	0.820218980312
539.00	0.818333029747
540.00	0.816828012466
541.00	0.827464997768
542.00	0.82512897253
543.00	0.794027984142
544.00	0.762552976608
545.00	0.761519014835
546.00	0.781306028366
547.00	0.790959000587
548.00	0.782712996006
549.00	0.774962007999
550.00	0.774631023407
551.00	0.767925024033
552.00	0.753440976143
553.00	0.747227013111
554.00	0.756910979748
555.00	0.772041022778
556.00	0.792528986931
557.00	0.801697015762
558.00	0.717037022114
559.00	0.544345974922
560.00	0.391398012638
561.00	0.244133993983
562.00	0.100810997188
563.00	0.0316317006946
564.00	0.0111904004589
565.00	0.00519858999178
566.00	0.00280512007885
567.00	0.00163882004563
568.00	0.000896968005691
569.00	0.000442986987764
570.00	0.000213613995584
571.00	0.000113114001579
572.00	6.85159975546E-5
573.00	4.99544003105E-5
574.00	3.83439983125E-5
575.00	3.14024000545E-5
576.00	2.19810008275E-5
577.00	1.20710001283E-5
578.00	9.49999957811E-6
579.00	9.49999957811E-6
580.00	9.49999957811E-6
581.00	9.49999957811E-6
582.00	9.49999957811E-6
583.00	9.49999957811E-6
584.00	9.49999957811E-6
585.00	9.49999957811E-6
586.00	9.49999957811E-6
587.00	9.49999957811E-6
588.00	9.49999957811E-6
589.00	9.49999957811E-6
590.00	9.49999957811E-6
591.00	9.49999957811E-6
592.00	9.49999957811E-6
593.00	9.49999957811E-6
594.00	9.49999957811E-6
595.00	9.49999957811E-6
596.00	9.49999957811E-6
597.00	9.49999957811E-6
598.00	9.49999957811E-6
599.00	9.49999957811E-6
600.00	9.49999957811E-6
601.00	9.49999957811E-6
602.00	9.49999957811E-6
603.00	9.49999957811E-6
604.00	9.49999957811E-6
605.00	9.49999957811E-6
606.00	9.49999957811E-6
607.00	9.49999957811E-6
608.00	9.49999957811E-6
609.00	9.49999957811E-6
610.00	9.49999957811E-6
611.00	9.49999957811E-6
612.00	9.49999957811E-6
613.00	9.49999957811E-6
614.00	9.49999957811E-6
615.00	9.49999957811E-6
616.00	9.49999957811E-6
617.00	9.49999957811E-6
618.00	9.49999957811E-6
619.00	9.49999957811E-6
620.00	9.49999957811E-6
621.00	9.49999957811E-6
622.00	9.49999957811E-6
623.00	9.49999957811E-6
624.00	9.49999957811E-6
625.00	9.49999957811E-6
626.00	9.49999957811E-6
627.00	9.49999957811E-6
628.00	9.49999957811E-6
629.00	9.49999957811E-6
630.00	9.49999957811E-6
631.00	9.49999957811E-6
632.00	9.49999957811E-6
633.00	9.49999957811E-6
634.00	9.49999957811E-6
635.00	9.49999957811E-6
636.00	9.49999957811E-6
637.00	9.49999957811E-6
638.00	9.49999957811E-6
639.00	9.49999957811E-6
640.00	9.49999957811E-6
641.00	9.49999957811E-6
642.00	9.49999957811E-6
643.00	9.49999957811E-6
644.00	9.49999957811E-6
645.00	9.49999957811E-6
646.00	9.49999957811E-6
647.00	9.49999957811E-6
648.00	9.49999957811E-6
649.00	9.49999957811E-6
650.00	9.49999957811E-6
651.00	9.49999957811E-6
652.00	9.49999957811E-6
653.00	9.49999957811E-6
654.00	9.49999957811E-6
655.00	9.49999957811E-6
656.00	9.49999957811E-6
657.00	9.49999957811E-6
658.00	9.49999957811E-6
659.00	9.49999957811E-6
660.00	9.49999957811E-6
661.00	9.49999957811E-6
662.00	9.49999957811E-6
663.00	9.49999957811E-6
664.00	9.49999957811E-6
665.00	9.49999957811E-6
666.00	9.49999957811E-6
667.00	9.49999957811E-6
668.00	9.49999957811E-6
669.00	9.49999957811E-6
670.00	9.49999957811E-6
671.00	9.49999957811E-6
672.00	9.49999957811E-6
673.00	9.49999957811E-6
674.00	9.49999957811E-6
675.00	9.49999957811E-6
676.00	9.49999957811E-6
677.00	9.49999957811E-6
678.00	9.49999957811E-6
679.00	9.49999957811E-6
680.00	9.49999957811E-6
681.00	9.49999957811E-6
682.00	9.49999957811E-6
683.00	9.49999957811E-6
684.00	9.49999957811E-6
685.00	9.49999957811E-6
686.00	9.49999957811E-6
687.00	9.49999957811E-6
688.00	9.49999957811E-6
689.00	9.49999957811E-6
690.00	9.49999957811E-6
691.00	9.49999957811E-6
692.00	9.49999957811E-6
693.00	9.49999957811E-6
694.00	9.49999957811E-6
695.00	9.49999957811E-6
696.00	9.49999957811E-6
697.00	9.49999957811E-6
698.00	9.49999957811E-6
699.00	9.49999957811E-6
700.00	9.49999957811E-6
701.00	9.49999957811E-6
702.00	9.49999957811E-6
703.00	9.49999957811E-6
704.00	9.49999957811E-6
705.00	9.49999957811E-6
706.00	9.49999957811E-6
707.00	9.49999957811E-6
708.00	9.49999957811E-6
709.00	9.49999957811E-6
710.00	9.49999957811E-6
711.00	9.49999957811E-6
712.00	9.49999957811E-6
713.00	9.49999957811E-6
714.00	9.49999957811E-6
715.00	9.49999957811E-6
716.00	9.49999957811E-6
717.00	9.49999957811E-6
718.00	9.49999957811E-6
719.00	9.49999957811E-6
720.00	9.49999957811E-6
721.00	9.49999957811E-6
722.00	9.49999957811E-6
723.00	9.49999957811E-6
724.00	9.49999957811E-6
725.00	9.49999957811E-6
726.00	9.49999957811E-6
727.00	9.49999957811E-6
728.00	9.49999957811E-6
729.00	9.49999957811E-6
730.00	9.49999957811E-6
731.00	1.25262004076E-5
732.00	2.88907995127E-5
733.00	2.97203005175E-5
734.00	1.87785008166E-5
735.00	1.10412001959E-5
736.00	9.49999957811E-6
737.00	9.49999957811E-6
738.00	9.49999957811E-6
739.00	1.05932003862E-5
740.00	1.37454999276E-5
741.00	2.0567300453E-5
742.00	3.24303000525E-5
743.00	6.31434013485E-5
744.00	9.99823969323E-5
745.00	9.85601000139E-5
746.00	5.26943986188E-5
747.00	2.22889993893E-5
748.00	1.26368995552E-5
749.00	9.49999957811E-6
750.00	9.49999957811E-6
751.00	9.49999957811E-6
752.00	9.49999957811E-6
753.00	9.49999957811E-6
754.00	9.49999957811E-6
755.00	9.49999957811E-6
756.00	9.49999957811E-6
757.00	9.49999957811E-6
758.00	9.49999957811E-6
759.00	9.49999957811E-6
760.00	9.49999957811E-6
761.00	9.49999957811E-6
762.00	9.49999957811E-6
763.00	9.49999957811E-6
764.00	9.49999957811E-6
765.00	9.49999957811E-6
766.00	9.49999957811E-6
767.00	9.49999957811E-6
768.00	9.49999957811E-6
769.00	9.49999957811E-6
770.00	9.49999957811E-6
771.00	9.49999957811E-6
772.00	9.49999957811E-6
773.00	9.49999957811E-6
774.00	9.49999957811E-6
775.00	1.08578997242E-5
776.00	9.49999957811E-6
777.00	9.49999957811E-6
778.00	9.49999957811E-6
779.00	9.49999957811E-6
780.00	9.49999957811E-6
781.00	9.49999957811E-6
782.00	9.49999957811E-6
783.00	9.49999957811E-6
784.00	9.49999957811E-6
785.00	9.49999957811E-6
786.00	9.49999957811E-6
787.00	9.49999957811E-6
788.00	9.49999957811E-6
789.00	9.49999957811E-6
790.00	9.49999957811E-6
791.00	9.49999957811E-6
792.00	9.49999957811E-6
793.00	9.49999957811E-6
794.00	9.49999957811E-6
795.00	9.49999957811E-6
796.00	9.49999957811E-6
797.00	9.49999957811E-6
798.00	9.49999957811E-6
799.00	9.49999957811E-6
800.00	9.49999957811E-6
801.00	9.49999957811E-6
802.00	9.49999957811E-6
803.00	9.49999957811E-6
804.00	9.49999957811E-6
805.00	9.49999957811E-6
806.00	9.49999957811E-6
807.00	9.49999957811E-6
808.00	9.49999957811E-6
809.00	9.49999957811E-6
810.00	9.49999957811E-6
811.00	9.49999957811E-6
812.00	9.49999957811E-6
813.00	9.49999957811E-6
814.00	9.49999957811E-6
815.00	9.49999957811E-6
816.00	9.49999957811E-6
817.00	9.49999957811E-6
818.00	9.49999957811E-6
819.00	9.49999957811E-6
820.00	9.49999957811E-6
821.00	9.49999957811E-6
822.00	9.49999957811E-6
823.00	9.49999957811E-6
824.00	9.49999957811E-6
825.00	9.49999957811E-6
826.00	9.49999957811E-6
827.00	9.49999957811E-6
828.00	9.49999957811E-6
829.00	9.49999957811E-6
830.00	9.49999957811E-6
831.00	9.49999957811E-6
832.00	9.49999957811E-6
833.00	9.49999957811E-6
834.00	9.49999957811E-6
835.00	9.49999957811E-6
836.00	9.49999957811E-6
837.00	9.49999957811E-6
838.00	9.49999957811E-6
839.00	9.49999957811E-6
840.00	9.49999957811E-6
841.00	9.49999957811E-6
842.00	9.49999957811E-6
843.00	9.49999957811E-6
844.00	9.49999957811E-6
845.00	9.49999957811E-6
846.00	9.49999957811E-6
847.00	9.49999957811E-6
848.00	9.49999957811E-6
849.00	9.49999957811E-6
850.00	9.49999957811E-6
851.00	9.49999957811E-6
852.00	9.49999957811E-6
853.00	9.49999957811E-6
854.00	9.49999957811E-6
855.00	9.49999957811E-6
856.00	9.49999957811E-6
857.00	9.49999957811E-6
858.00	9.49999957811E-6
859.00	9.49999957811E-6
860.00	9.49999957811E-6
861.00	9.49999957811E-6
862.00	9.49999957811E-6
863.00	9.49999957811E-6
864.00	9.49999957811E-6
865.00	9.49999957811E-6
866.00	9.49999957811E-6
867.00	9.49999957811E-6
868.00	9.49999957811E-6
869.00	9.49999957811E-6
870.00	9.49999957811E-6
871.00	9.49999957811E-6
872.00	9.49999957811E-6
873.00	9.49999957811E-6
874.00	9.49999957811E-6
875.00	9.49999957811E-6
876.00	9.49999957811E-6
877.00	9.49999957811E-6
878.00	9.49999957811E-6
879.00	9.49999957811E-6
880.00	9.49999957811E-6
881.00	9.49999957811E-6
882.00	9.49999957811E-6
883.00	9.49999957811E-6
884.00	9.49999957811E-6
885.00	9.49999957811E-6
886.00	9.49999957811E-6
887.00	9.49999957811E-6
888.00	9.49999957811E-6
889.00	9.49999957811E-6
890.00	9.49999957811E-6
891.00	9.49999957811E-6
892.00	9.49999957811E-6
893.00	9.49999957811E-6
894.00	9.49999957811E-6
895.00	9.49999957811E-6
896.00	9.49999957811E-6
897.00	9.49999957811E-6
898.00	9.49999957811E-6
899.00	9.49999957811E-6
900.00	9.49999957811E-6