Typical Measured Spectrum of Semrock FF01-593/40 Optical Filter	
For wavelengths between 320 and 1120 nm, values near or below 3e-7 (Optical Density 6.5) are measurement noise limited.
For wavelengths < 320 nm and > 1120 nm, values near or below 3e-6 (Optical Density 5.5) are measurement noise limited. 
Data format:  Wavelength (nm) <tab> Transmission (0 to 1)
300.0	2.9232e-07
300.2	3.2598e-07
300.4	3.6352e-07
300.6	4.0537e-07
300.8	4.5205e-07
301.0	5.041e-07
301.2	5.6214e-07
301.4	6.2687e-07
301.6	6.9905e-07
301.8	7.7954e-07
302.0	8.8971e-07
302.2	1.0156e-06
302.4	1.1592e-06
302.6	1.3232e-06
302.8	1.5104e-06
303.0	1.724e-06
303.2	1.9679e-06
303.4	2.2462e-06
303.6	2.564e-06
303.8	2.9267e-06
304.0	2.3912e-06
304.2	1.7828e-06
304.4	1.3292e-06
304.6	9.91e-07
304.8	7.3885e-07
305.0	5.5086e-07
305.2	4.107e-07
305.4	3.062e-07
305.6	2.2829e-07
305.8	1.7021e-07
306.0	1.4967e-07
306.2	1.487e-07
306.4	1.4773e-07
306.6	1.4677e-07
306.8	1.4581e-07
307.0	1.4486e-07
307.2	1.4391e-07
307.4	1.4298e-07
307.6	1.4204e-07
307.8	1.4112e-07
308.0	1.4611e-07
308.2	1.623e-07
308.4	1.8029e-07
308.6	2.0027e-07
308.8	2.2246e-07
309.0	2.4711e-07
309.2	2.7449e-07
309.4	3.0491e-07
309.6	3.387e-07
309.8	3.7624e-07
310.0	4.1063e-07
310.2	3.6599e-07
310.4	3.2621e-07
310.6	2.9075e-07
310.8	2.5914e-07
311.0	2.3097e-07
311.2	2.0586e-07
311.4	1.8348e-07
311.6	1.6353e-07
311.8	1.4576e-07
312.0	1.4379e-07
312.2	1.4222e-07
312.4	1.4067e-07
312.6	1.3914e-07
312.8	1.3762e-07
313.0	1.3612e-07
313.2	1.3464e-07
313.4	1.3317e-07
313.6	1.3172e-07
313.8	1.3028e-07
314.0	1.2975e-07
314.2	1.2949e-07
314.4	1.2923e-07
314.6	1.2897e-07
314.8	1.2871e-07
315.0	1.2845e-07
315.2	1.2819e-07
315.4	1.2793e-07
315.6	1.2768e-07
315.8	1.2742e-07
316.0	1.3495e-07
316.2	1.4961e-07
316.4	1.6586e-07
316.6	1.8387e-07
316.8	2.0384e-07
317.0	2.2598e-07
317.2	2.5053e-07
317.4	2.7774e-07
317.6	3.0791e-07
317.8	3.4136e-07
318.0	3.8058e-07
318.2	4.2849e-07
318.4	4.8243e-07
318.6	5.4317e-07
318.8	6.1155e-07
319.0	6.8854e-07
319.2	7.7522e-07
319.4	8.7282e-07
319.6	9.827e-07
319.8	1.1064e-06
320.0	1.2087e-06
320.2	9.3355e-07
320.4	7.2103e-07
320.6	5.569e-07
320.8	4.3012e-07
321.0	3.3221e-07
321.2	2.5658e-07
321.4	1.9817e-07
321.6	1.5306e-07
321.8	1.1822e-07
322.0	1.2549e-07
322.2	1.3408e-07
322.4	1.4325e-07
322.6	1.5305e-07
322.8	1.6353e-07
323.0	1.7472e-07
323.2	1.8667e-07
323.4	1.9945e-07
323.6	2.1309e-07
323.8	2.2768e-07
324.0	2.1588e-07
324.2	1.9793e-07
324.4	1.8146e-07
324.6	1.6637e-07
324.8	1.5253e-07
325.0	1.3984e-07
325.2	1.2821e-07
325.4	1.1755e-07
325.6	1.0777e-07
325.8	9.8805e-08
326.0	9.4673e-08
326.2	9.3658e-08
326.4	9.2654e-08
326.6	9.1661e-08
326.8	9.0679e-08
327.0	8.9707e-08
327.2	8.8745e-08
327.4	8.7794e-08
327.6	8.6853e-08
327.8	8.5922e-08
328.0	8.5471e-08
328.2	8.5773e-08
328.4	8.6076e-08
328.6	8.638e-08
328.8	8.6686e-08
329.0	8.6992e-08
329.2	8.73e-08
329.4	8.7608e-08
329.6	8.7918e-08
329.8	8.8229e-08
330.0	8.9714e-08
330.2	1.0342e-07
330.4	1.1922e-07
330.6	1.3743e-07
330.8	1.5842e-07
331.0	1.8262e-07
331.2	2.1052e-07
331.4	2.4268e-07
331.6	2.7975e-07
331.8	3.2248e-07
332.0	3.0728e-07
332.2	2.8987e-07
332.4	2.7345e-07
332.6	2.5796e-07
332.8	2.4335e-07
333.0	2.2956e-07
333.2	2.1656e-07
333.4	2.0429e-07
333.6	1.9272e-07
333.8	1.818e-07
334.0	2.0151e-07
334.2	2.3535e-07
334.4	2.7488e-07
334.6	3.2105e-07
334.8	3.7496e-07
335.0	4.3794e-07
335.2	5.1148e-07
335.4	5.9738e-07
335.6	6.9771e-07
335.8	8.1489e-07
336.0	8.6007e-07
336.2	8.3966e-07
336.4	8.1974e-07
336.6	8.0029e-07
336.8	7.813e-07
337.0	7.6276e-07
337.2	7.4466e-07
337.4	7.2699e-07
337.6	7.0974e-07
337.8	6.929e-07
338.0	6.5551e-07
338.2	5.8847e-07
338.4	5.2828e-07
338.6	4.7424e-07
338.8	4.2574e-07
339.0	3.8219e-07
339.2	3.431e-07
339.4	3.0801e-07
339.6	2.765e-07
339.8	2.4822e-07
340.0	2.2434e-07
340.2	2.1622e-07
340.4	2.0839e-07
340.6	2.0084e-07
340.8	1.9357e-07
341.0	1.8656e-07
341.2	1.798e-07
341.4	1.7329e-07
341.6	1.6702e-07
341.8	1.6097e-07
342.0	1.981e-07
342.2	2.4831e-07
342.4	3.1125e-07
342.6	3.9015e-07
342.8	4.8904e-07
343.0	6.1301e-07
343.2	7.684e-07
343.4	9.6317e-07
343.6	1.2073e-06
343.8	1.5133e-06
344.0	1.7509e-06
344.2	1.9694e-06
344.4	2.2153e-06
344.6	2.4918e-06
344.8	2.8028e-06
345.0	3.1527e-06
345.2	3.5462e-06
345.4	3.9889e-06
345.6	4.4868e-06
345.8	5.0469e-06
346.0	5.5322e-06
346.2	5.9397e-06
346.4	6.3773e-06
346.6	6.8472e-06
346.8	7.3516e-06
347.0	7.8932e-06
347.2	8.4747e-06
347.4	9.0991e-06
347.6	9.7695e-06
347.8	1.0489e-05
348.0	1.1551e-05
348.2	1.3268e-05
348.4	1.524e-05
348.6	1.7505e-05
348.8	2.0107e-05
349.0	2.3096e-05
349.2	2.653e-05
349.4	3.0473e-05
349.6	3.5003e-05
349.8	4.0206e-05
350.0	4.5857e-05
350.2	4.8889e-05
350.4	5.212e-05
350.6	5.5566e-05
350.8	5.9239e-05
351.0	6.3155e-05
351.2	6.7331e-05
351.4	7.1782e-05
351.6	7.6527e-05
351.8	8.1586e-05
352.0	8.1762e-05
352.2	8.1558e-05
352.4	8.1354e-05
352.6	8.1151e-05
352.8	8.0948e-05
353.0	8.0746e-05
353.2	8.0544e-05
353.4	8.0343e-05
353.6	8.0142e-05
353.8	7.9942e-05
354.0	8.2142e-05
354.2	8.5264e-05
354.4	8.8505e-05
354.6	9.1868e-05
354.8	9.536e-05
355.0	9.8984e-05
355.2	1.0275e-04
355.4	1.0665e-04
355.6	1.107e-04
355.8	1.1491e-04
356.0	1.2698e-04
356.2	1.4725e-04
356.4	1.7075e-04
356.6	1.9801e-04
356.8	2.2961e-04
357.0	2.6626e-04
357.2	3.0876e-04
357.4	3.5804e-04
357.6	4.1519e-04
357.8	4.8145e-04
358.0	5.3989e-04
358.2	5.745e-04
358.4	6.1132e-04
358.6	6.5051e-04
358.8	6.922e-04
359.0	7.3657e-04
359.2	7.8378e-04
359.4	8.3402e-04
359.6	8.8747e-04
359.8	9.4436e-04
360.0	9.9399e-04
360.2	9.534e-04
360.4	9.1447e-04
360.6	8.7713e-04
360.8	8.4131e-04
361.0	8.0696e-04
361.2	7.7401e-04
361.4	7.424e-04
361.6	7.1208e-04
361.8	6.8301e-04
362.0	4.9652e-04
362.2	3.5462e-04
362.4	2.5327e-04
362.6	1.8089e-04
362.8	1.2919e-04
363.0	9.227e-05
363.2	6.59e-05
363.4	4.7067e-05
363.6	3.3615e-05
363.8	2.4008e-05
364.0	2.2827e-05
364.2	2.3698e-05
364.4	2.4602e-05
364.6	2.5541e-05
364.8	2.6515e-05
365.0	2.7527e-05
365.2	2.8577e-05
365.4	2.9667e-05
365.6	3.0799e-05
365.8	3.1974e-05
366.0	3.2091e-05
366.2	3.1462e-05
366.4	3.0845e-05
366.6	3.024e-05
366.8	2.9647e-05
367.0	2.9066e-05
367.2	2.8496e-05
367.4	2.7937e-05
367.6	2.7389e-05
367.8	2.6852e-05
368.0	2.4146e-05
368.2	1.9223e-05
368.4	1.5304e-05
368.6	1.2184e-05
368.8	9.6995e-06
369.0	7.7219e-06
369.2	6.1475e-06
369.4	4.8941e-06
369.6	3.8963e-06
369.8	3.1019e-06
370.0	2.395e-06
370.2	1.4928e-06
370.4	9.3042e-07
370.6	5.7991e-07
370.8	3.6145e-07
371.0	2.2528e-07
371.2	1.4041e-07
371.4	8.7517e-08
371.6	5.4548e-08
371.8	3.3998e-08
372.0	3.2831e-08
372.2	3.2684e-08
372.4	3.2537e-08
372.6	3.2391e-08
372.8	3.2246e-08
373.0	3.2101e-08
373.2	3.1957e-08
373.4	3.1814e-08
373.6	3.1671e-08
373.8	3.1529e-08
374.0	3.3076e-08
374.2	3.5263e-08
374.4	3.7594e-08
374.6	4.0079e-08
374.8	4.2728e-08
375.0	4.5552e-08
375.2	4.8563e-08
375.4	5.1773e-08
375.6	5.5195e-08
375.8	5.8844e-08
376.0	6.3563e-08
376.2	6.9266e-08
376.4	7.5479e-08
376.6	8.2251e-08
376.8	8.9629e-08
377.0	9.767e-08
377.2	1.0643e-07
377.4	1.1598e-07
377.6	1.2638e-07
377.8	1.3772e-07
378.0	1.8594e-07
378.2	3.3352e-07
378.4	5.9821e-07
378.6	1.073e-06
378.8	1.9246e-06
379.0	3.452e-06
379.2	6.1917e-06
379.4	1.1106e-05
379.6	1.992e-05
379.8	3.573e-05
380.0	5.9352e-05
380.2	6.029e-05
380.4	6.1242e-05
380.6	6.221e-05
380.8	6.3194e-05
381.0	6.4192e-05
381.2	6.5207e-05
381.4	6.6238e-05
381.6	6.7285e-05
381.8	6.8348e-05
382.0	7.8913e-05
382.2	9.2062e-05
382.4	1.074e-04
382.6	1.253e-04
382.8	1.4618e-04
383.0	1.7053e-04
383.2	1.9895e-04
383.4	2.321e-04
383.6	2.7077e-04
383.8	3.1589e-04
384.0	3.3821e-04
384.2	3.5243e-04
384.4	3.6725e-04
384.6	3.8268e-04
384.8	3.9877e-04
385.0	4.1554e-04
385.2	4.3301e-04
385.4	4.5121e-04
385.6	4.7018e-04
385.8	4.8994e-04
386.0	4.9529e-04
386.2	4.9067e-04
386.4	4.861e-04
386.6	4.8157e-04
386.8	4.7708e-04
387.0	4.7264e-04
387.2	4.6823e-04
387.4	4.6387e-04
387.6	4.5954e-04
387.8	4.5526e-04
388.0	4.3669e-04
388.2	4.0203e-04
388.4	3.7012e-04
388.6	3.4074e-04
388.8	3.1369e-04
389.0	2.8879e-04
389.2	2.6586e-04
389.4	2.4476e-04
389.6	2.2533e-04
389.8	2.0744e-04
390.0	1.9098e-04
390.2	2.0515e-04
390.4	2.2746e-04
390.6	2.5219e-04
390.8	2.7961e-04
391.0	3.1002e-04
391.2	3.4373e-04
391.4	3.811e-04
391.6	3.9577e-04
391.8	3.9415e-04
392.0	3.9254e-04
392.2	3.9094e-04
392.4	3.8935e-04
392.6	3.8776e-04
392.8	3.8617e-04
393.0	3.7909e-04
393.2	3.7109e-04
393.4	3.6325e-04
393.6	3.5557e-04
393.8	3.4806e-04
394.0	3.4071e-04
394.2	3.3882e-04
394.4	4.23e-04
394.6	5.2809e-04
394.8	6.5929e-04
395.0	8.2309e-04
395.2	0.00103
395.4	0.00128
395.6	0.00147
395.8	0.00139
396.0	0.0013
396.2	0.00122
396.4	0.00115
396.6	0.00108
396.8	0.00102
397.0	9.3387e-04
397.2	8.3761e-04
397.4	7.5128e-04
397.6	6.7384e-04
397.8	6.0438e-04
398.0	5.4209e-04
398.2	4.8621e-04
398.4	5.4732e-04
398.6	6.6323e-04
398.8	8.037e-04
399.0	9.7392e-04
399.2	0.00118
399.4	0.00143
399.6	0.00173
399.8	0.0021
400.0	0.00168
400.2	0.00135
400.4	0.00108
400.6	8.6076e-04
400.8	6.8836e-04
401.0	5.6681e-04
401.2	4.9592e-04
401.4	4.339e-04
401.6	3.7963e-04
401.8	3.3215e-04
402.0	2.9061e-04
402.2	2.5426e-04
402.4	2.3325e-04
402.6	2.9373e-04
402.8	3.699e-04
403.0	4.6583e-04
403.2	5.8662e-04
403.4	7.3874e-04
403.6	9.3031e-04
403.8	0.00117
404.0	9.6795e-04
404.2	7.785e-04
404.4	6.2613e-04
404.6	5.0359e-04
404.8	4.0502e-04
405.0	3.2575e-04
405.2	2.62e-04
405.4	2.4504e-04
405.6	2.4101e-04
405.8	2.3704e-04
406.0	2.3313e-04
406.2	2.2929e-04
406.4	2.2552e-04
406.6	2.218e-04
406.8	2.3229e-04
407.0	2.5558e-04
407.2	2.812e-04
407.4	3.0939e-04
407.6	3.404e-04
407.8	3.7453e-04
408.0	4.1208e-04
408.2	3.995e-04
408.4	3.1366e-04
408.6	2.4627e-04
408.8	1.9335e-04
409.0	1.5181e-04
409.2	1.1919e-04
409.4	9.3581e-05
409.6	7.3474e-05
409.8	6.0022e-05
410.0	7.1552e-05
410.2	8.5297e-05
410.4	1.0168e-04
410.6	1.2122e-04
410.8	1.445e-04
411.0	1.7226e-04
411.2	2.0535e-04
411.4	2.448e-04
411.6	2.9182e-04
411.8	3.4788e-04
412.0	3.3415e-04
412.2	3.1122e-04
412.4	2.8986e-04
412.6	2.6997e-04
412.8	2.5144e-04
413.0	2.3418e-04
413.2	2.1811e-04
413.4	2.0314e-04
413.6	1.8919e-04
413.8	1.7621e-04
414.0	1.906e-04
414.2	2.179e-04
414.4	2.4911e-04
414.6	2.8478e-04
414.8	3.2557e-04
415.0	3.7219e-04
415.2	4.255e-04
415.4	4.8644e-04
415.6	5.561e-04
415.8	6.3574e-04
416.0	6.1624e-04
416.2	5.3135e-04
416.4	4.5816e-04
416.6	3.9505e-04
416.8	3.4063e-04
417.0	2.9371e-04
417.2	2.5325e-04
417.4	2.1836e-04
417.6	1.8828e-04
417.8	1.6235e-04
418.0	1.5708e-04
418.2	1.7548e-04
418.4	1.9603e-04
418.6	2.1898e-04
418.8	2.4463e-04
419.0	2.7328e-04
419.2	3.0528e-04
419.4	3.4103e-04
419.6	3.8096e-04
419.8	4.2558e-04
420.0	4.5506e-04
420.2	3.8331e-04
420.4	3.2288e-04
420.6	2.7197e-04
420.8	2.2909e-04
421.0	1.9297e-04
421.2	1.6255e-04
421.4	1.3692e-04
421.6	1.1533e-04
421.8	9.7149e-05
422.0	1.0894e-04
422.2	1.2655e-04
422.4	1.4702e-04
422.6	1.7079e-04
422.8	1.9841e-04
423.0	2.305e-04
423.2	2.6778e-04
423.4	3.1108e-04
423.6	3.6138e-04
423.8	4.1982e-04
424.0	3.5331e-04
424.2	2.6705e-04
424.4	2.0184e-04
424.6	1.5256e-04
424.8	1.1531e-04
425.0	8.7154e-05
425.2	6.5873e-05
425.4	4.9789e-05
425.6	4.9621e-05
425.8	5.288e-05
426.0	5.6353e-05
426.2	6.0054e-05
426.4	6.3999e-05
426.6	6.8202e-05
426.8	7.2681e-05
427.0	7.3299e-05
427.2	7.3369e-05
427.4	7.3438e-05
427.6	7.3508e-05
427.8	7.3578e-05
428.0	6.2583e-05
428.2	4.4466e-05
428.4	3.1594e-05
428.6	2.2448e-05
428.8	1.595e-05
429.0	1.8917e-05
429.2	2.6738e-05
429.4	3.7793e-05
429.6	5.3418e-05
429.8	7.5502e-05
430.0	9.4758e-05
430.2	9.4421e-05
430.4	9.4086e-05
430.6	9.3751e-05
430.8	9.3418e-05
431.0	8.6751e-05
431.2	7.7009e-05
431.4	6.8361e-05
431.6	6.0684e-05
431.8	5.387e-05
432.0	4.7821e-05
432.2	4.245e-05
432.4	3.7683e-05
432.6	3.3452e-05
432.8	2.9695e-05
433.0	2.5685e-05
433.2	2.1587e-05
433.4	1.8143e-05
433.6	1.5248e-05
433.8	1.2815e-05
434.0	1.0771e-05
434.2	9.0524e-06
434.4	7.6081e-06
434.6	6.3943e-06
434.8	5.3741e-06
435.0	3.7572e-06
435.2	2.3156e-06
435.4	1.4271e-06
435.6	8.7954e-07
435.8	5.4207e-07
436.0	3.3408e-07
436.2	2.0589e-07
436.4	1.2689e-07
436.6	7.8206e-08
436.8	4.8199e-08
437.0	2.9705e-08
437.2	3.1656e-08
437.4	3.3828e-08
437.6	3.6148e-08
437.8	3.8628e-08
438.0	4.1278e-08
438.2	4.411e-08
438.4	4.7136e-08
438.6	5.037e-08
438.8	5.3825e-08
439.0	5.7518e-08
439.2	4.9719e-08
439.4	4.1579e-08
439.6	3.4771e-08
439.8	2.9078e-08
440.0	2.4318e-08
440.2	2.0336e-08
440.4	1.7007e-08
440.6	1.4222e-08
440.8	1.1894e-08
441.0	9.9463e-09
441.2	9.4713e-09
441.4	9.4514e-09
441.6	9.4316e-09
441.8	9.4118e-09
442.0	9.392e-09
442.2	9.3722e-09
442.4	9.3525e-09
442.6	9.3329e-09
442.8	9.3133e-09
443.0	9.2937e-09
443.2	1.0311e-08
443.4	1.224e-08
443.6	1.4531e-08
443.8	1.725e-08
444.0	2.0479e-08
444.2	2.4312e-08
444.4	2.8862e-08
444.6	3.4263e-08
444.8	4.0675e-08
445.0	4.8288e-08
445.2	4.3729e-08
445.4	3.96e-08
445.6	3.5861e-08
445.8	3.2475e-08
446.0	2.9409e-08
446.2	2.6632e-08
446.4	2.4117e-08
446.6	2.184e-08
446.8	1.9778e-08
447.0	1.7911e-08
447.2	1.6674e-08
447.4	1.5528e-08
447.6	1.446e-08
447.8	1.3466e-08
448.0	1.254e-08
448.2	1.1677e-08
448.4	1.0874e-08
448.6	1.0127e-08
448.8	9.4302e-09
449.0	8.7818e-09
449.2	1.0468e-08
449.4	1.2969e-08
449.6	1.6067e-08
449.8	1.9906e-08
450.0	2.4661e-08
450.2	3.0552e-08
450.4	3.7851e-08
450.6	4.6893e-08
450.8	5.8096e-08
451.0	7.1974e-08
451.2	7.9554e-08
451.4	8.4477e-08
451.6	8.9705e-08
451.8	9.5256e-08
452.0	1.0115e-07
452.2	1.0741e-07
452.4	1.1406e-07
452.6	1.2112e-07
452.8	1.2861e-07
453.0	1.3657e-07
453.2	1.2241e-07
453.4	9.8886e-08
453.6	7.9885e-08
453.8	6.4535e-08
454.0	5.2134e-08
454.2	4.2117e-08
454.4	3.4024e-08
454.6	2.7486e-08
454.8	2.2205e-08
455.0	1.7938e-08
455.2	1.653e-08
455.4	1.5233e-08
455.6	1.4038e-08
455.8	1.2936e-08
456.0	1.1921e-08
456.2	1.0986e-08
456.4	1.0124e-08
456.6	9.3295e-09
456.8	8.5974e-09
457.0	7.9293e-09
457.2	8.597e-09
457.4	9.3211e-09
457.6	1.0106e-08
457.8	1.0957e-08
458.0	1.188e-08
458.2	1.2881e-08
458.4	1.3965e-08
458.6	1.5141e-08
458.8	1.6417e-08
459.0	1.7799e-08
459.2	1.5118e-08
459.4	1.2439e-08
459.6	1.0235e-08
459.8	8.4217e-09
460.0	6.9295e-09
460.2	5.7018e-09
460.4	4.6915e-09
460.6	3.8603e-09
460.8	3.1763e-09
461.0	2.6135e-09
461.2	2.4939e-09
461.4	2.4874e-09
461.6	2.4809e-09
461.8	2.4744e-09
462.0	2.4679e-09
462.2	2.4615e-09
462.4	2.4551e-09
462.6	2.4487e-09
462.8	2.4423e-09
463.0	2.4359e-09
463.2	2.9665e-09
463.4	4.0135e-09
463.6	5.4299e-09
463.8	7.3462e-09
464.0	9.9388e-09
464.2	1.3446e-08
464.4	1.8192e-08
464.6	2.4612e-08
464.8	3.3298e-08
465.0	4.5049e-08
465.2	4.4892e-08
465.4	4.4735e-08
465.6	4.4579e-08
465.8	4.4423e-08
466.0	4.4268e-08
466.2	4.4113e-08
466.4	4.3959e-08
466.6	4.3805e-08
466.8	4.3652e-08
467.0	4.3499e-08
467.2	4.1145e-08
467.4	3.8855e-08
467.6	3.6693e-08
467.8	3.4651e-08
468.0	3.2723e-08
468.2	3.0902e-08
468.4	2.9182e-08
468.6	2.7558e-08
468.8	2.6024e-08
469.0	2.4576e-08
469.2	2.4654e-08
469.4	2.4987e-08
469.6	2.5325e-08
469.8	2.5667e-08
470.0	2.6014e-08
470.2	2.6365e-08
470.4	2.6721e-08
470.6	2.7082e-08
470.8	2.7448e-08
471.0	2.7819e-08
471.2	2.8402e-08
471.4	2.9071e-08
471.6	2.9755e-08
471.8	3.0455e-08
472.0	3.1172e-08
472.2	3.1906e-08
472.4	3.2656e-08
472.6	3.3425e-08
472.8	3.4211e-08
473.0	3.5017e-08
473.2	3.6095e-08
473.4	3.7358e-08
473.6	3.8666e-08
473.8	4.0019e-08
474.0	4.1419e-08
474.2	4.2869e-08
474.4	4.4369e-08
474.6	4.5921e-08
474.8	4.7528e-08
475.0	4.9192e-08
475.2	5.2413e-08
475.4	5.5845e-08
475.6	5.9502e-08
475.8	6.3398e-08
476.0	6.7549e-08
476.2	7.1972e-08
476.4	7.6685e-08
476.6	8.1707e-08
476.8	8.7057e-08
477.0	9.2757e-08
477.2	9.2289e-08
477.4	9.176e-08
477.6	9.1233e-08
477.8	9.071e-08
478.0	9.0189e-08
478.2	8.9672e-08
478.4	8.9157e-08
478.6	8.8646e-08
478.8	8.8137e-08
479.0	8.7632e-08
479.2	8.8057e-08
479.4	8.8612e-08
479.6	8.9171e-08
479.8	8.9733e-08
480.0	9.0299e-08
480.2	9.0869e-08
480.4	9.1442e-08
480.6	9.2018e-08
480.8	9.2598e-08
481.0	9.3182e-08
481.2	9.4183e-08
481.4	9.5317e-08
481.6	9.6464e-08
481.8	9.7625e-08
482.0	9.88e-08
482.2	9.9989e-08
482.4	1.0119e-07
482.6	1.0241e-07
482.8	1.0364e-07
483.0	1.0489e-07
483.2	1.0451e-07
483.4	1.0335e-07
483.6	1.0221e-07
483.8	1.0108e-07
484.0	9.996e-08
484.2	9.8854e-08
484.4	9.776e-08
484.6	9.6678e-08
484.8	9.5608e-08
485.0	9.455e-08
485.2	9.4887e-08
485.4	9.5226e-08
485.6	9.5566e-08
485.8	9.5907e-08
486.0	9.6249e-08
486.2	9.6592e-08
486.4	9.6937e-08
486.6	9.7283e-08
486.8	9.763e-08
487.0	9.7979e-08
487.2	9.926e-08
487.4	1.006e-07
487.6	1.0196e-07
487.8	1.0334e-07
488.0	1.0474e-07
488.2	1.0616e-07
488.4	1.0759e-07
488.6	1.0905e-07
488.8	1.1052e-07
489.0	1.1202e-07
489.2	1.1172e-07
489.4	1.1112e-07
489.6	1.1053e-07
489.8	1.0994e-07
490.0	1.0935e-07
490.2	1.0876e-07
490.4	1.0818e-07
490.6	1.076e-07
490.8	1.0703e-07
491.0	1.0645e-07
491.2	1.0712e-07
491.4	1.082e-07
491.6	1.093e-07
491.8	1.104e-07
492.0	1.1152e-07
492.2	1.1264e-07
492.4	1.1378e-07
492.6	1.1493e-07
492.8	1.1609e-07
493.0	1.1726e-07
493.2	1.183e-07
493.4	1.1926e-07
493.6	1.2023e-07
493.8	1.2121e-07
494.0	1.222e-07
494.2	1.232e-07
494.4	1.242e-07
494.6	1.2521e-07
494.8	1.2623e-07
495.0	1.2726e-07
495.2	1.2602e-07
495.4	1.2479e-07
495.6	1.2356e-07
495.8	1.2236e-07
496.0	1.2116e-07
496.2	1.1998e-07
496.4	1.188e-07
496.6	1.1764e-07
496.8	1.1649e-07
497.0	1.1535e-07
497.2	1.1236e-07
497.4	1.0934e-07
497.6	1.0641e-07
497.8	1.0356e-07
498.0	1.0078e-07
498.2	9.8077e-08
498.4	9.5447e-08
498.6	9.2888e-08
498.8	9.0397e-08
499.0	8.7973e-08
499.2	8.7463e-08
499.4	8.7271e-08
499.6	8.7081e-08
499.8	8.689e-08
500.0	8.67e-08
500.2	8.6511e-08
500.4	8.6321e-08
500.6	8.6133e-08
500.8	8.5944e-08
501.0	8.5756e-08
501.2	8.793e-08
501.4	9.0916e-08
501.6	9.4004e-08
501.8	9.7197e-08
502.0	1.005e-07
502.2	1.0391e-07
502.4	1.0744e-07
502.6	1.1109e-07
502.8	1.1486e-07
503.0	1.1876e-07
503.2	1.2144e-07
503.4	1.2353e-07
503.6	1.2564e-07
503.8	1.278e-07
504.0	1.2999e-07
504.2	1.3222e-07
504.4	1.3449e-07
504.6	1.3679e-07
504.8	1.3914e-07
505.0	1.4153e-07
505.2	1.4426e-07
505.4	1.4706e-07
505.6	1.499e-07
505.8	1.528e-07
506.0	1.5576e-07
506.2	1.5878e-07
506.4	1.6185e-07
506.6	1.6498e-07
506.8	1.6817e-07
507.0	1.7143e-07
507.2	1.698e-07
507.4	1.6802e-07
507.6	1.6625e-07
507.8	1.645e-07
508.0	1.6277e-07
508.2	1.6106e-07
508.4	1.5936e-07
508.6	1.5769e-07
508.8	1.5603e-07
509.0	1.5439e-07
509.2	1.5592e-07
509.4	1.5793e-07
509.6	1.5997e-07
509.8	1.6204e-07
510.0	1.6413e-07
510.2	1.6624e-07
510.4	1.6839e-07
510.6	1.7056e-07
510.8	1.7276e-07
511.0	1.7499e-07
511.2	1.777e-07
511.4	1.8058e-07
511.6	1.835e-07
511.8	1.8648e-07
512.0	1.895e-07
512.2	1.9257e-07
512.4	1.9569e-07
512.6	1.9886e-07
512.8	2.0208e-07
513.0	2.0535e-07
513.2	2.0439e-07
513.4	2.0166e-07
513.6	1.9898e-07
513.8	1.9632e-07
514.0	1.9371e-07
514.2	1.9113e-07
514.4	1.8858e-07
514.6	1.8607e-07
514.8	1.8359e-07
515.0	1.8114e-07
515.2	1.7926e-07
515.4	1.774e-07
515.6	1.7556e-07
515.8	1.7374e-07
516.0	1.7194e-07
516.2	1.7015e-07
516.4	1.6839e-07
516.6	1.6664e-07
516.8	1.6491e-07
517.0	1.632e-07
517.2	1.6426e-07
517.4	1.6554e-07
517.6	1.6684e-07
517.8	1.6814e-07
518.0	1.6946e-07
518.2	1.7079e-07
518.4	1.7213e-07
518.6	1.7348e-07
518.8	1.7483e-07
519.0	1.762e-07
519.2	1.7534e-07
519.4	1.7406e-07
519.6	1.7279e-07
519.8	1.7153e-07
520.0	1.7028e-07
520.2	1.6904e-07
520.4	1.678e-07
520.6	1.6658e-07
520.8	1.6536e-07
521.0	1.6415e-07
521.2	1.6611e-07
521.4	1.6911e-07
521.6	1.7216e-07
521.8	1.7527e-07
522.0	1.7844e-07
522.2	1.8166e-07
522.4	1.8494e-07
522.6	1.8828e-07
522.8	1.9168e-07
523.0	1.9515e-07
523.2	1.933e-07
523.4	1.8907e-07
523.6	1.8494e-07
523.8	1.809e-07
524.0	1.7694e-07
524.2	1.7307e-07
524.4	1.6929e-07
524.6	1.6559e-07
524.8	1.6197e-07
525.0	1.5843e-07
525.2	1.5576e-07
525.4	1.5314e-07
525.6	1.5056e-07
525.8	1.4803e-07
526.0	1.4553e-07
526.2	1.4308e-07
526.4	1.4067e-07
526.6	1.3831e-07
526.8	1.3598e-07
527.0	1.3369e-07
527.2	1.33e-07
527.4	1.3241e-07
527.6	1.3183e-07
527.8	1.3125e-07
528.0	1.3067e-07
528.2	1.301e-07
528.4	1.2953e-07
528.6	1.2896e-07
528.8	1.2839e-07
529.0	1.2782e-07
529.2	1.2726e-07
529.4	1.267e-07
529.6	1.2667e-07
529.8	1.2734e-07
530.0	1.2802e-07
530.2	1.287e-07
530.4	1.2938e-07
530.6	1.3007e-07
530.8	1.3076e-07
531.0	1.3145e-07
531.2	1.3215e-07
531.4	1.3285e-07
531.6	1.338e-07
531.8	1.352e-07
532.0	1.3662e-07
532.2	1.3806e-07
532.4	1.3951e-07
532.6	1.4097e-07
532.8	1.4245e-07
533.0	1.4395e-07
533.2	1.4546e-07
533.4	1.4699e-07
533.6	1.4847e-07
533.8	1.4983e-07
534.0	1.512e-07
534.2	1.5258e-07
534.4	1.5398e-07
534.6	1.5539e-07
534.8	1.5681e-07
535.0	1.5824e-07
535.2	1.5969e-07
535.4	1.6115e-07
535.6	1.6213e-07
535.8	1.6233e-07
536.0	1.6254e-07
536.2	1.6274e-07
536.4	1.6295e-07
536.6	1.6316e-07
536.8	1.6336e-07
537.0	1.6357e-07
537.2	1.6378e-07
537.4	1.6398e-07
537.6	1.6419e-07
537.8	1.644e-07
538.0	1.646e-07
538.2	1.486e-07
538.4	1.2847e-07
538.6	1.1107e-07
538.8	9.602e-08
539.0	8.3011e-08
539.2	7.1765e-08
539.4	6.2042e-08
539.6	5.3637e-08
539.8	4.637e-08
540.0	4.0088e-08
540.2	5.7801e-08
540.4	1.6981e-08
540.6	2.9461e-08
540.8	1.6646e-08
541.0	1.665e-08
541.2	3.8163e-08
541.4	1.7777e-08
541.6	1.663e-08
541.8	1.6578e-08
542.0	1.3367e-08
542.2	8.8272e-09
542.4	2.5947e-08
542.6	7.4391e-08
542.8	3.975e-08
543.0	1.1953e-08
543.2	3.5794e-08
543.4	2.3037e-08
543.6	1.843e-08
543.8	5.7332e-08
544.0	8.3293e-08
544.2	2.9129e-08
544.4	3.7481e-08
544.6	7.7165e-08
544.8	8.0703e-08
545.0	1.8333e-08
545.2	2.4881e-08
545.4	4.4681e-08
545.6	2.9997e-08
545.8	6.0051e-08
546.0	3.2957e-08
546.2	1.5678e-08
546.4	1.8049e-08
546.6	7.8425e-08
546.8	1.5064e-08
547.0	2.9103e-08
547.2	1.4445e-08
547.4	1.0714e-08
547.6	1.9002e-08
547.8	3.6958e-08
548.0	2.1461e-08
548.2	5.1311e-08
548.4	5.3469e-08
548.6	1.6349e-08
548.8	2.3747e-08
549.0	2.5332e-08
549.2	1.6288e-08
549.4	1.2549e-07
549.6	7.6477e-08
549.8	4.202e-08
550.0	5.1592e-08
550.2	2.4178e-08
550.4	1.9178e-08
550.6	6.0055e-08
550.8	4.3417e-08
551.0	4.9481e-08
551.2	4.7982e-08
551.4	2.8468e-08
551.6	2.5781e-08
551.8	3.4418e-08
552.0	4.423e-08
552.2	6.9126e-08
552.4	7.406e-08
552.6	5.1488e-08
552.8	6.802e-08
553.0	7.7289e-08
553.2	5.7233e-08
553.4	6.8195e-08
553.6	1.4443e-08
553.8	2.5155e-08
554.0	4.0967e-08
554.2	2.8883e-08
554.4	3.4789e-08
554.6	4.9207e-08
554.8	1.0468e-08
555.0	1.7955e-08
555.2	5.006e-08
555.4	6.9967e-08
555.6	2.4608e-08
555.8	2.2845e-08
556.0	7.7682e-08
556.2	3.2441e-08
556.4	3.8187e-08
556.6	3.5126e-08
556.8	4.0905e-08
557.0	6.8665e-08
557.2	7.8585e-08
557.4	7.2842e-08
557.6	8.0967e-08
557.8	8.9075e-08
558.0	3.075e-08
558.2	2.0563e-08
558.4	6.6733e-08
558.6	6.1639e-08
558.8	6.4251e-08
559.0	8.8653e-08
559.2	8.4972e-08
559.4	9.1578e-08
559.6	8.8197e-08
559.8	4.5762e-08
560.0	3.3849e-08
560.2	1.3095e-07
560.4	9.78e-08
560.6	7.8714e-08
560.8	1.016e-07
561.0	1.593e-07
561.2	1.7464e-07
561.4	1.9642e-07
561.6	2.3803e-07
561.8	2.5426e-07
562.0	2.7669e-07
562.2	3.4071e-07
562.4	4.3942e-07
562.6	5.1163e-07
562.8	6.5251e-07
563.0	8.1418e-07
563.2	1.0144e-06
563.4	1.3305e-06
563.6	1.557e-06
563.8	2.0254e-06
564.0	2.6746e-06
564.2	3.6167e-06
564.4	4.8707e-06
564.6	6.4943e-06
564.8	8.6114e-06
565.0	1.1506e-05
565.2	1.5644e-05
565.4	2.151e-05
565.6	2.9704e-05
565.8	4.0203e-05
566.0	5.6382e-05
566.2	7.9167e-05
566.4	1.1222e-04
566.6	1.5952e-04
566.8	2.3518e-04
567.0	3.467e-04
567.2	5.0992e-04
567.4	7.5003e-04
567.6	0.00113
567.8	0.00172
568.0	0.00267
568.2	0.00418
568.4	0.00651
568.6	0.01054
568.8	0.01737
569.0	0.02953
569.2	0.05127
569.4	0.09121
569.6	0.1614
569.8	0.27422
570.0	0.44872
570.2	0.65661
570.4	0.83422
570.6	0.93244
570.8	0.97124
571.0	0.97793
571.2	0.97582
571.4	0.97479
571.6	0.9758
571.8	0.97918
572.0	0.98281
572.2	0.98575
572.4	0.98778
572.6	0.98841
572.8	0.98682
573.0	0.98643
573.2	0.98482
573.4	0.98459
573.6	0.98439
573.8	0.986
574.0	0.98664
574.2	0.98902
574.4	0.99102
574.6	0.99239
574.8	0.99454
575.0	0.994
575.2	0.99587
575.4	0.9961
575.6	0.99592
575.8	0.99415
576.0	0.99358
576.2	0.99284
576.4	0.99154
576.6	0.99074
576.8	0.98949
577.0	0.98788
577.2	0.98773
577.4	0.98698
577.6	0.98621
577.8	0.98627
578.0	0.98606
578.2	0.98643
578.4	0.9865
578.6	0.9867
578.8	0.98616
579.0	0.98664
579.2	0.98683
579.4	0.98688
579.6	0.98637
579.8	0.98749
580.0	0.98762
580.2	0.98839
580.4	0.98952
580.6	0.98868
580.8	0.98933
581.0	0.9896
581.2	0.98948
581.4	0.99026
581.6	0.99049
581.8	0.99035
582.0	0.99051
582.2	0.99093
582.4	0.99073
582.6	0.99099
582.8	0.99165
583.0	0.99085
583.2	0.99099
583.4	0.99088
583.6	0.98954
583.8	0.98911
584.0	0.98776
584.2	0.98648
584.4	0.98601
584.6	0.98538
584.8	0.98477
585.0	0.98364
585.2	0.98345
585.4	0.98297
585.6	0.98226
585.8	0.98167
586.0	0.98158
586.2	0.98228
586.4	0.98277
586.6	0.98366
586.8	0.98408
587.0	0.98498
587.2	0.98526
587.4	0.98625
587.6	0.98779
587.8	0.98837
588.0	0.98977
588.2	0.99064
588.4	0.99046
588.6	0.99132
588.8	0.99227
589.0	0.99322
589.2	0.994
589.4	0.99404
589.6	0.99303
589.8	0.99341
590.0	0.99352
590.2	0.99272
590.4	0.99207
590.6	0.99184
590.8	0.99196
591.0	0.99054
591.2	0.99011
591.4	0.98983
591.6	0.99038
591.8	0.98968
592.0	0.98888
592.2	0.99009
592.4	0.98892
592.6	0.99017
592.8	0.99159
593.0	0.99146
593.2	0.99087
593.4	0.99118
593.6	0.99251
593.8	0.99267
594.0	0.99313
594.2	0.99389
594.4	0.99421
594.6	0.99345
594.8	0.99342
595.0	0.99424
595.2	0.99316
595.4	0.99302
595.6	0.99302
595.8	0.99175
596.0	0.99101
596.2	0.9896
596.4	0.9884
596.6	0.98855
596.8	0.9875
597.0	0.98653
597.2	0.98598
597.4	0.98612
597.6	0.98586
597.8	0.98476
598.0	0.98529
598.2	0.98632
598.4	0.98531
598.6	0.98596
598.8	0.9868
599.0	0.98752
599.2	0.98874
599.4	0.99035
599.6	0.99022
599.8	0.99113
600.0	0.99144
600.2	0.99136
600.4	0.99101
600.6	0.99153
600.8	0.99066
601.0	0.98989
601.2	0.99013
601.4	0.98884
601.6	0.98898
601.8	0.98783
602.0	0.98596
602.2	0.98418
602.4	0.9836
602.6	0.98298
602.8	0.98199
603.0	0.98096
603.2	0.98052
603.4	0.98011
603.6	0.98032
603.8	0.98164
604.0	0.98166
604.2	0.98217
604.4	0.9834
604.6	0.98443
604.8	0.98573
605.0	0.98681
605.2	0.98844
605.4	0.98904
605.6	0.99077
605.8	0.99203
606.0	0.99319
606.2	0.99259
606.4	0.99313
606.6	0.99374
606.8	0.99305
607.0	0.99272
607.2	0.99221
607.4	0.99074
607.6	0.98947
607.8	0.98738
608.0	0.98727
608.2	0.98515
608.4	0.98341
608.6	0.98181
608.8	0.97968
609.0	0.97731
609.2	0.97509
609.4	0.97417
609.6	0.97124
609.8	0.9686
610.0	0.96648
610.2	0.96472
610.4	0.96271
610.6	0.9595
610.8	0.95815
611.0	0.95704
611.2	0.95642
611.4	0.95644
611.6	0.95741
611.8	0.95852
612.0	0.96108
612.2	0.96352
612.4	0.96675
612.6	0.96915
612.8	0.96891
613.0	0.96611
613.2	0.95965
613.4	0.94536
613.6	0.92229
613.8	0.89109
614.0	0.85077
614.2	0.8024
614.4	0.74719
614.6	0.6875
614.8	0.62162
615.0	0.56297
615.2	0.50764
615.4	0.45817
615.6	0.41507
615.8	0.37843
616.0	0.34775
616.2	0.31988
616.4	0.30039
616.6	0.28492
616.8	0.27255
617.0	0.26096
617.2	0.24764
617.4	0.22853
617.6	0.2025
617.8	0.16776
618.0	0.13004
618.2	0.09466
618.4	0.06641
618.6	0.04537
618.8	0.03082
619.0	0.02233
619.2	0.01522
619.4	0.0105
619.6	0.00735
619.8	0.00523
620.0	0.00376
620.2	0.00274
620.4	0.00187
620.6	0.00138
620.8	0.00103
621.0	7.8564e-04
621.2	6.0249e-04
621.4	4.6838e-04
621.6	3.6289e-04
621.8	2.8222e-04
622.0	2.2322e-04
622.2	1.7576e-04
622.4	1.4119e-04
622.6	1.1326e-04
622.8	9.0526e-05
623.0	7.3682e-05
623.2	5.9829e-05
623.4	4.9554e-05
623.6	4.0974e-05
623.8	3.3575e-05
624.0	2.7931e-05
624.2	2.3493e-05
624.4	1.9546e-05
624.6	1.6298e-05
624.8	1.3418e-05
625.0	1.1274e-05
625.2	9.8499e-06
625.4	8.4836e-06
625.6	7.1786e-06
625.8	6.1563e-06
626.0	5.1999e-06
626.2	4.3137e-06
626.4	3.7527e-06
626.6	3.2954e-06
626.8	2.8689e-06
627.0	2.4749e-06
627.2	2.1673e-06
627.4	1.8532e-06
627.6	1.6237e-06
627.8	1.4946e-06
628.0	1.3209e-06
628.2	1.1261e-06
628.4	9.5907e-07
628.6	8.9644e-07
628.8	7.8041e-07
629.0	6.9379e-07
629.2	5.6296e-07
629.4	5.2576e-07
629.6	5.0576e-07
629.8	4.4219e-07
630.0	4.7331e-07
630.2	4.5319e-07
630.4	3.6905e-07
630.6	3.9537e-07
630.8	3.8442e-07
631.0	3.1955e-07
631.2	2.5666e-07
631.4	2.7226e-07
631.6	1.9312e-07
631.8	1.9142e-07
632.0	1.1273e-07
632.2	1.1516e-07
632.4	1.828e-07
632.6	1.3737e-07
632.8	1.1336e-07
633.0	1.3859e-07
633.2	1.5651e-07
633.4	1.3404e-07
633.6	1.1067e-07
633.8	9.2814e-08
634.0	6.9774e-08
634.2	9.0812e-08
634.4	1.2544e-07
634.6	9.5701e-08
634.8	9.3355e-08
635.0	9.6992e-08
635.2	7.8393e-08
635.4	7.8334e-08
635.6	8.5617e-08
635.8	6.1352e-08
636.0	6.0731e-08
636.2	5.8294e-08
636.4	5.6756e-08
636.6	7.5255e-08
636.8	5.1686e-08
637.0	1.5979e-08
637.2	2.5594e-08
637.4	2.0873e-08
637.6	9.908e-09
637.8	1.553e-08
638.0	6.8989e-08
638.2	6.0882e-08
638.4	1.9249e-08
638.6	2.3128e-08
638.8	5.5181e-08
639.0	7.2747e-08
639.2	8.3161e-08
639.4	4.0006e-08
639.6	3.147e-08
639.8	3.5029e-08
640.0	4.8147e-08
640.2	2.6954e-08
640.4	1.2588e-08
640.6	2.3789e-08
640.8	6.4653e-08
641.0	4.4921e-08
641.2	1.8151e-08
641.4	1.3301e-08
641.6	1.5052e-08
641.8	4.6767e-08
642.0	5.8231e-08
642.2	7.4715e-08
642.4	7.4813e-08
642.6	6.9689e-08
642.8	1.7311e-08
643.0	3.1181e-08
643.2	2.1438e-08
643.4	1.0498e-08
643.6	2.5175e-08
643.8	3.513e-08
644.0	2.0055e-08
644.2	1.7509e-08
644.4	5.2561e-08
644.6	2.7931e-08
644.8	1.0312e-08
645.0	4.3183e-08
645.2	1.8523e-08
645.4	2.5139e-08
645.6	6.5181e-08
645.8	2.3434e-08
646.0	9.6744e-09
646.2	9.6648e-09
646.4	1.6839e-08
646.6	5.0767e-08
646.8	8.8333e-08
647.0	6.221e-08
647.2	3.3958e-08
647.4	4.6713e-08
647.6	3.898e-08
647.8	2.2827e-08
648.0	3.5439e-08
648.2	3.8951e-08
648.4	2.1475e-08
648.6	3.4212e-08
648.8	2.5166e-08
649.0	1.041e-08
649.2	9.5108e-09
649.4	2.7981e-08
649.6	3.8975e-08
649.8	1.2119e-08
650.0	5.7291e-08
650.2	4.5705e-08
650.4	1.479e-08
650.6	3.5923e-08
650.8	3.3452e-08
651.0	3.5496e-08
651.2	1.6953e-08
651.4	6.3638e-08
651.6	3.8235e-08
651.8	5.9756e-08
652.0	5.9755e-08
652.2	5.6455e-08
652.4	4.821e-08
652.6	2.8866e-08
652.8	5.404e-08
653.0	9.7424e-09
653.2	7.119e-08
653.4	9.5253e-08
653.6	9.6148e-08
653.8	1.0426e-07
654.0	7.5441e-08
654.2	5.3989e-08
654.4	8.4429e-08
654.6	1.0749e-07
654.8	9.7711e-08
655.0	9.2732e-08
655.2	1.0549e-07
655.4	1.0541e-07
655.6	7.155e-08
655.8	4.9945e-08
656.0	7.8995e-08
656.2	5.9961e-08
656.4	5.7144e-08
656.6	1.2586e-07
656.8	8.029e-08
657.0	7.4298e-08
657.2	5.1594e-08
657.4	7.0854e-08
657.6	6.5555e-08
657.8	4.5069e-08
658.0	3.8861e-08
658.2	4.6427e-08
658.4	4.6419e-08
658.6	3.9891e-08
658.8	1.7335e-08
659.0	1.4318e-08
659.2	5.7775e-08
659.4	2.0538e-08
659.6	6.2038e-08
659.8	4.8313e-08
660.0	1.3498e-08
660.2	9.5621e-09
660.4	9.5558e-09
660.6	1.3767e-08
660.8	5.7326e-08
661.0	4.9622e-08
661.2	4.6685e-08
661.4	3.3447e-08
661.6	4.587e-08
661.8	3.4274e-08
662.0	1.313e-08
662.2	6.949e-08
662.4	4.5994e-08
662.6	2.4816e-08
662.8	1.2384e-08
663.0	2.5226e-08
663.2	5.1015e-08
663.4	3.2277e-08
663.6	1.0653e-08
663.8	9.752e-09
664.0	1.4398e-08
664.2	1.2575e-08
664.4	2.6451e-08
664.6	5.2961e-08
664.8	1.8411e-08
665.0	1.0584e-08
665.2	2.9229e-08
665.4	2.8366e-07
665.6	2.5847e-07
665.8	6.886e-08
666.0	6.3761e-08
666.2	8.5706e-08
666.4	5.3464e-08
666.6	1.7552e-08
666.8	2.4799e-08
667.0	4.8084e-08
667.2	5.1133e-08
667.4	6.6769e-08
667.6	3.8852e-08
667.8	8.764e-08
668.0	6.5489e-08
668.2	5.5442e-08
668.4	2.7648e-08
668.6	1.9155e-08
668.8	6.7493e-08
669.0	6.7508e-08
669.2	3.5545e-08
669.4	6.5344e-08
669.6	1.2539e-07
669.8	1.0827e-07
670.0	9.6278e-08
670.2	1.2635e-07
670.4	2.0505e-07
670.6	2.6128e-07
670.8	2.9652e-07
671.0	3.6396e-07
671.2	5.3758e-07
671.4	7.5589e-07
671.6	9.2247e-07
671.8	1.1501e-06
672.0	1.0939e-06
672.2	9.5995e-07
672.4	7.6776e-07
672.6	5.5473e-07
672.8	4.3235e-07
673.0	3.6431e-07
673.2	2.266e-07
673.4	1.6582e-07
673.6	2.2238e-07
673.8	2.2921e-07
674.0	8.5889e-08
674.2	8.0936e-08
674.4	9.7489e-08
674.6	8.6385e-08
674.8	5.9865e-08
675.0	1.0697e-07
675.2	2.2803e-07
675.4	2.2508e-07
675.6	2.2218e-07
675.8	2.1931e-07
676.0	2.1648e-07
676.2	2.1368e-07
676.4	2.1092e-07
676.6	2.082e-07
676.8	2.0551e-07
677.0	2.0286e-07
677.2	1.9907e-07
677.4	1.9504e-07
677.6	1.9109e-07
677.8	1.8722e-07
678.0	1.8343e-07
678.2	1.7972e-07
678.4	1.7608e-07
678.6	1.7252e-07
678.8	1.6902e-07
679.0	1.656e-07
679.2	1.6393e-07
679.4	1.6268e-07
679.6	1.6144e-07
679.8	1.6021e-07
680.0	1.5899e-07
680.2	1.5778e-07
680.4	1.5658e-07
680.6	1.5538e-07
680.8	1.542e-07
681.0	1.5302e-07
681.2	1.5338e-07
681.4	1.5406e-07
681.6	1.5475e-07
681.8	1.5544e-07
682.0	1.5613e-07
682.2	1.5683e-07
682.4	1.5752e-07
682.6	1.5823e-07
682.8	1.5893e-07
683.0	1.5964e-07
683.2	1.5866e-07
683.4	1.5741e-07
683.6	1.5616e-07
683.8	1.5493e-07
684.0	1.537e-07
684.2	1.5249e-07
684.4	1.5128e-07
684.6	1.5009e-07
684.8	1.489e-07
685.0	1.4773e-07
685.2	1.567e-07
685.4	1.6782e-07
685.6	1.7972e-07
685.8	1.9247e-07
686.0	2.0613e-07
686.2	2.2075e-07
686.4	2.3641e-07
686.6	2.5318e-07
686.8	2.7114e-07
687.0	2.9038e-07
687.2	3.1483e-07
687.4	3.4258e-07
687.6	3.7277e-07
687.8	4.0562e-07
688.0	4.4136e-07
688.2	4.8025e-07
688.4	5.2257e-07
688.6	5.6862e-07
688.8	6.1873e-07
689.0	6.7326e-07
689.2	6.4193e-07
689.4	5.9218e-07
689.6	5.4628e-07
689.8	5.0395e-07
690.0	4.6489e-07
690.2	4.2886e-07
690.4	3.9562e-07
690.6	3.6496e-07
690.8	3.3667e-07
691.0	3.1058e-07
691.2	2.9185e-07
691.4	2.7528e-07
691.6	2.5965e-07
691.8	2.4491e-07
692.0	2.3101e-07
692.2	2.179e-07
692.4	2.0553e-07
692.6	1.9386e-07
692.8	1.8286e-07
693.0	1.7248e-07
693.2	1.6699e-07
693.4	1.6234e-07
693.6	1.5782e-07
693.8	1.5342e-07
694.0	1.4915e-07
694.2	1.45e-07
694.4	1.4096e-07
694.6	1.3704e-07
694.8	1.3322e-07
695.0	1.2951e-07
695.2	1.3123e-07
695.4	1.3373e-07
695.6	1.3628e-07
695.8	1.3888e-07
696.0	1.4153e-07
696.2	1.4422e-07
696.4	1.4697e-07
696.6	1.4977e-07
696.8	1.5263e-07
697.0	1.5554e-07
697.2	1.6206e-07
697.4	1.699e-07
697.6	1.7811e-07
697.8	1.8672e-07
698.0	1.9575e-07
698.2	2.0521e-07
698.4	2.1513e-07
698.6	2.2553e-07
698.8	2.3643e-07
699.0	2.4786e-07
699.2	2.5554e-07
699.4	2.6249e-07
699.6	2.6963e-07
699.8	2.7697e-07
700.0	2.8451e-07
700.2	2.9225e-07
700.4	3.0021e-07
700.6	3.0838e-07
700.8	3.1677e-07
701.0	3.2539e-07
701.2	3.1771e-07
701.4	3.0755e-07
701.6	2.9771e-07
701.8	2.8819e-07
702.0	2.7897e-07
702.2	2.7005e-07
702.4	2.6141e-07
702.6	2.5305e-07
702.8	2.4496e-07
703.0	2.3713e-07
703.2	2.2308e-07
703.4	2.0916e-07
703.6	1.9611e-07
703.8	1.8388e-07
704.0	1.724e-07
704.2	1.6165e-07
704.4	1.5156e-07
704.6	1.4211e-07
704.8	1.3324e-07
705.0	1.2493e-07
705.2	1.2029e-07
705.4	1.1632e-07
705.6	1.1249e-07
705.8	1.0878e-07
706.0	1.0519e-07
706.2	1.0172e-07
706.4	9.8371e-08
706.6	9.5128e-08
706.8	9.1991e-08
707.0	8.8959e-08
707.2	8.6385e-08
707.4	8.3997e-08
707.6	8.1675e-08
707.8	7.9417e-08
708.0	7.7221e-08
708.2	7.5086e-08
708.4	7.3011e-08
708.6	7.0992e-08
708.8	6.903e-08
709.0	6.7121e-08
709.2	6.6055e-08
709.4	6.5201e-08
709.6	6.4359e-08
709.8	6.3527e-08
710.0	6.2706e-08
710.2	6.1896e-08
710.4	6.1096e-08
710.6	6.0307e-08
710.8	5.9528e-08
711.0	5.8758e-08
711.2	5.9996e-08
711.4	6.1642e-08
711.6	6.3333e-08
711.8	6.507e-08
712.0	6.6855e-08
712.2	6.8689e-08
712.4	7.0573e-08
712.6	7.2509e-08
712.8	7.4498e-08
713.0	7.6542e-08
713.2	7.8468e-08
713.4	8.0421e-08
713.6	8.2422e-08
713.8	8.4474e-08
714.0	8.6576e-08
714.2	8.873e-08
714.4	9.0939e-08
714.6	9.3202e-08
714.8	9.5521e-08
715.0	9.7898e-08
715.2	1.0447e-07
715.4	1.1218e-07
715.6	1.2047e-07
715.8	1.2936e-07
716.0	1.3892e-07
716.2	1.4918e-07
716.4	1.602e-07
716.6	1.7203e-07
716.8	1.8473e-07
717.0	1.9837e-07
717.2	2.1481e-07
717.4	2.332e-07
717.6	2.5316e-07
717.8	2.7483e-07
718.0	2.9835e-07
718.2	3.2389e-07
718.4	3.5161e-07
718.6	3.8171e-07
718.8	4.1438e-07
719.0	4.4985e-07
719.2	4.6733e-07
719.4	4.8083e-07
719.6	4.9472e-07
719.8	5.0901e-07
720.0	5.2371e-07
720.2	5.3884e-07
720.4	5.544e-07
720.6	5.7041e-07
720.8	5.8689e-07
721.0	6.0384e-07
721.2	5.8736e-07
721.4	5.6656e-07
721.6	5.4649e-07
721.8	5.2714e-07
722.0	5.0847e-07
722.2	4.9046e-07
722.4	4.7309e-07
722.6	4.5633e-07
722.8	4.4017e-07
723.0	4.2458e-07
723.2	4.0395e-07
723.4	3.8387e-07
723.6	3.6478e-07
723.8	3.4664e-07
724.0	3.2941e-07
724.2	3.1303e-07
724.4	2.9747e-07
724.6	2.8267e-07
724.8	2.6862e-07
725.0	2.5526e-07
725.2	2.5222e-07
725.4	2.5106e-07
725.6	2.4991e-07
725.8	2.4877e-07
726.0	2.4763e-07
726.2	2.465e-07
726.4	2.4537e-07
726.6	2.4424e-07
726.8	2.4313e-07
727.0	2.4201e-07
727.2	2.4323e-07
727.4	2.4532e-07
727.6	2.4743e-07
727.8	2.4956e-07
728.0	2.5171e-07
728.2	2.5387e-07
728.4	2.5606e-07
728.6	2.5826e-07
728.8	2.6048e-07
729.0	2.6272e-07
729.2	2.7207e-07
729.4	2.838e-07
729.6	2.9603e-07
729.8	3.0879e-07
730.0	3.221e-07
730.2	3.3599e-07
730.4	3.5047e-07
730.6	3.6557e-07
730.8	3.8133e-07
731.0	3.9776e-07
731.2	4.2288e-07
731.4	4.5122e-07
731.6	4.8146e-07
731.8	5.1372e-07
732.0	5.4814e-07
732.2	5.8487e-07
732.4	6.2406e-07
732.6	6.6588e-07
732.8	7.105e-07
733.0	7.5811e-07
733.2	8.1642e-07
733.4	8.8013e-07
733.6	9.488e-07
733.8	1.0228e-06
734.0	1.1026e-06
734.2	1.1887e-06
734.4	1.2814e-06
734.6	1.3814e-06
734.8	1.4892e-06
735.0	1.6054e-06
735.2	1.6487e-06
735.4	1.6759e-06
735.6	1.7036e-06
735.8	1.7316e-06
736.0	1.7602e-06
736.2	1.7892e-06
736.4	1.8187e-06
736.6	1.8487e-06
736.8	1.8792e-06
737.0	1.9102e-06
737.2	1.8152e-06
737.4	1.6769e-06
737.6	1.5491e-06
737.8	1.4311e-06
738.0	1.322e-06
738.2	1.2213e-06
738.4	1.1282e-06
738.6	1.0423e-06
738.8	9.6285e-07
739.0	8.8949e-07
739.2	8.3554e-07
739.4	7.889e-07
739.6	7.4485e-07
739.8	7.0327e-07
740.0	6.6401e-07
740.2	6.2694e-07
740.4	5.9194e-07
740.6	5.589e-07
740.8	5.2769e-07
741.0	4.9824e-07
741.2	4.8302e-07
741.4	4.7082e-07
741.6	4.5893e-07
741.8	4.4733e-07
742.0	4.3603e-07
742.2	4.2501e-07
742.4	4.1427e-07
742.6	4.0381e-07
742.8	3.936e-07
743.0	3.8366e-07
743.2	3.7419e-07
743.4	3.6498e-07
743.6	3.56e-07
743.8	3.4723e-07
744.0	3.3869e-07
744.2	3.3035e-07
744.4	3.2222e-07
744.6	3.1429e-07
744.8	3.0656e-07
745.0	2.9901e-07
745.2	3.0424e-07
745.4	3.1236e-07
745.6	3.2069e-07
745.8	3.2924e-07
746.0	3.3802e-07
746.2	3.4704e-07
746.4	3.5629e-07
746.6	3.6579e-07
746.8	3.7555e-07
747.0	3.8557e-07
747.2	3.9679e-07
747.4	4.0874e-07
747.6	4.2105e-07
747.8	4.3373e-07
748.0	4.4679e-07
748.2	4.6025e-07
748.4	4.7411e-07
748.6	4.8839e-07
748.8	5.031e-07
749.0	5.1825e-07
749.2	5.4572e-07
749.4	5.7832e-07
749.6	6.1288e-07
749.8	6.495e-07
750.0	6.883e-07
750.2	7.2942e-07
750.4	7.7301e-07
750.6	8.1919e-07
750.8	8.6813e-07
751.0	9.2e-07
751.2	9.9994e-07
751.4	1.0919e-06
751.6	1.1923e-06
751.8	1.3019e-06
752.0	1.4216e-06
752.2	1.5523e-06
752.4	1.695e-06
752.6	1.8508e-06
752.8	2.021e-06
753.0	2.2068e-06
753.2	2.3792e-06
753.4	2.5622e-06
753.6	2.7593e-06
753.8	2.9715e-06
754.0	3.2001e-06
754.2	3.4463e-06
754.4	3.7114e-06
754.6	3.9968e-06
754.8	4.3043e-06
755.0	4.6354e-06
755.2	4.6593e-06
755.4	4.6107e-06
755.6	4.5626e-06
755.8	4.515e-06
756.0	4.4679e-06
756.2	4.4213e-06
756.4	4.3751e-06
756.6	4.3295e-06
756.8	4.2843e-06
757.0	4.2396e-06
757.2	4.012e-06
757.4	3.7262e-06
757.6	3.4608e-06
757.8	3.2143e-06
758.0	2.9853e-06
758.2	2.7727e-06
758.4	2.5752e-06
758.6	2.3918e-06
758.8	2.2214e-06
759.0	2.0632e-06
759.2	1.9507e-06
759.4	1.8537e-06
759.6	1.7616e-06
759.8	1.674e-06
760.0	1.5907e-06
760.2	1.5116e-06
760.4	1.4365e-06
760.6	1.365e-06
760.8	1.2972e-06
761.0	1.2327e-06
761.2	1.1892e-06
761.4	1.1503e-06
761.6	1.1126e-06
761.8	1.0762e-06
762.0	1.0409e-06
762.2	1.0068e-06
762.4	9.7385e-07
762.6	9.4196e-07
762.8	9.1111e-07
763.0	8.8127e-07
763.2	8.6522e-07
763.4	8.5035e-07
763.6	8.3573e-07
763.8	8.2137e-07
764.0	8.0725e-07
764.2	7.9337e-07
764.4	7.7973e-07
764.6	7.6633e-07
764.8	7.5316e-07
765.0	7.4021e-07
765.2	7.4403e-07
765.4	7.5157e-07
765.6	7.5919e-07
765.8	7.6688e-07
766.0	7.7465e-07
766.2	7.825e-07
766.4	7.9043e-07
766.6	7.9843e-07
766.8	8.0652e-07
767.0	8.147e-07
767.2	8.2118e-07
767.4	8.2694e-07
767.6	8.3275e-07
767.8	8.386e-07
768.0	8.4448e-07
768.2	8.5041e-07
768.4	8.5639e-07
768.6	8.624e-07
768.8	8.6845e-07
769.0	8.7455e-07
769.2	8.8546e-07
769.4	8.9786e-07
769.6	9.1045e-07
769.8	9.232e-07
770.0	9.3614e-07
770.2	9.4925e-07
770.4	9.6255e-07
770.6	9.7604e-07
770.8	9.8972e-07
771.0	1.0036e-06
771.2	1.0158e-06
771.4	1.028e-06
771.6	1.0402e-06
771.8	1.0526e-06
772.0	1.0652e-06
772.2	1.0779e-06
772.4	1.0908e-06
772.6	1.1038e-06
772.8	1.117e-06
773.0	1.1303e-06
773.2	1.1427e-06
773.4	1.1551e-06
773.6	1.1677e-06
773.8	1.1805e-06
774.0	1.1933e-06
774.2	1.2063e-06
774.4	1.2195e-06
774.6	1.2328e-06
774.8	1.2462e-06
775.0	1.2598e-06
775.2	1.3074e-06
775.4	1.364e-06
775.6	1.4232e-06
775.8	1.4848e-06
776.0	1.5492e-06
776.2	1.6163e-06
776.4	1.6864e-06
776.6	1.7594e-06
776.8	1.8357e-06
777.0	1.9152e-06
777.2	2.0036e-06
777.4	2.0985e-06
777.6	2.1979e-06
777.8	2.3019e-06
778.0	2.411e-06
778.2	2.5251e-06
778.4	2.6447e-06
778.6	2.7699e-06
778.8	2.9011e-06
779.0	3.0385e-06
779.2	3.2553e-06
779.4	3.5092e-06
779.6	3.7829e-06
779.8	4.078e-06
780.0	4.3961e-06
780.2	4.7391e-06
780.4	5.1087e-06
780.6	5.5072e-06
780.8	5.9368e-06
781.0	6.4e-06
781.2	7.1808e-06
781.4	8.1031e-06
781.6	9.1438e-06
781.8	1.0318e-05
782.0	1.1643e-05
782.2	1.3139e-05
782.4	1.4826e-05
782.6	1.6731e-05
782.8	1.8879e-05
783.0	2.1304e-05
783.2	2.3097e-05
783.4	2.5009e-05
783.6	2.708e-05
783.8	2.9322e-05
784.0	3.175e-05
784.2	3.4379e-05
784.4	3.7226e-05
784.6	4.0308e-05
784.8	4.3646e-05
785.0	4.726e-05
785.2	4.4715e-05
785.4	4.1154e-05
785.6	3.7877e-05
785.8	3.4861e-05
786.0	3.2085e-05
786.2	2.953e-05
786.4	2.7179e-05
786.6	2.5015e-05
786.8	2.3023e-05
787.0	2.119e-05
787.2	1.9384e-05
787.4	1.7681e-05
787.6	1.6128e-05
787.8	1.4711e-05
788.0	1.3419e-05
788.2	1.224e-05
788.4	1.1165e-05
788.6	1.0184e-05
788.8	9.2898e-06
789.0	8.4738e-06
789.2	8.0278e-06
789.4	7.6895e-06
789.6	7.3654e-06
789.8	7.055e-06
790.0	6.7576e-06
790.2	6.4728e-06
790.4	6.2e-06
790.6	5.9387e-06
790.8	5.6884e-06
791.0	5.4486e-06
791.2	5.3549e-06
791.4	5.282e-06
791.6	5.2102e-06
791.8	5.1394e-06
792.0	5.0695e-06
792.2	5.0006e-06
792.4	4.9326e-06
792.6	4.8656e-06
792.8	4.7994e-06
793.0	4.7342e-06
793.2	4.7602e-06
793.4	4.7887e-06
793.6	4.8173e-06
793.8	4.8462e-06
794.0	4.8752e-06
794.2	4.9044e-06
794.4	4.9337e-06
794.6	4.9633e-06
794.8	4.993e-06
795.0	5.0314e-06
795.2	5.1774e-06
795.4	5.3276e-06
795.6	5.4821e-06
795.8	5.6412e-06
796.0	5.8049e-06
796.2	6.058e-06
796.4	6.4414e-06
796.6	6.8491e-06
796.8	7.2825e-06
797.0	7.7434e-06
797.2	8.2335e-06
797.4	8.7546e-06
797.6	9.3086e-06
797.8	9.8977e-06
798.0	1.0524e-05
798.2	1.1221e-05
798.4	1.1994e-05
798.6	1.2819e-05
798.8	1.3702e-05
799.0	1.4645e-05
799.2	1.5653e-05
799.4	1.6731e-05
799.6	1.7882e-05
799.8	1.9114e-05
800.0	2.0429e-05
800.2	2.1142e-05
800.4	2.1477e-05
800.6	2.1817e-05
800.8	2.2162e-05
801.0	2.2513e-05
801.2	2.287e-05
801.4	2.3232e-05
801.6	2.36e-05
801.8	2.3974e-05
802.0	2.4353e-05
802.2	2.349e-05
802.4	2.2249e-05
802.6	2.1073e-05
802.8	1.996e-05
803.0	1.8905e-05
803.2	1.7906e-05
803.4	1.696e-05
803.6	1.6064e-05
803.8	1.5215e-05
804.0	1.4411e-05
804.2	1.3496e-05
804.4	1.2613e-05
804.6	1.1788e-05
804.8	1.1016e-05
805.0	1.0295e-05
805.2	9.6216e-06
805.4	8.9919e-06
805.6	8.4035e-06
805.8	7.8535e-06
806.0	7.3396e-06
806.2	6.9999e-06
806.4	6.8738e-06
806.6	6.7499e-06
806.8	6.6283e-06
807.0	6.5089e-06
807.2	6.3916e-06
807.4	6.2764e-06
807.6	6.1633e-06
807.8	6.0523e-06
808.0	5.9432e-06
808.2	5.8721e-06
808.4	5.8356e-06
808.6	5.7993e-06
808.8	5.7633e-06
809.0	5.7274e-06
809.2	5.6918e-06
809.4	5.6564e-06
809.6	5.6213e-06
809.8	5.5863e-06
810.0	5.5516e-06
810.2	5.6011e-06
810.4	5.7024e-06
810.6	5.8057e-06
810.8	5.9107e-06
811.0	6.0177e-06
811.2	6.1266e-06
811.4	6.2375e-06
811.6	6.3504e-06
811.8	6.4653e-06
812.0	6.5824e-06
812.2	6.8105e-06
812.4	7.0878e-06
812.6	7.3762e-06
812.8	7.6765e-06
813.0	7.9889e-06
813.2	8.3141e-06
813.4	8.6525e-06
813.6	9.0047e-06
813.8	9.3712e-06
814.0	9.7527e-06
814.2	1.0149e-05
814.4	1.0562e-05
814.6	1.0992e-05
814.8	1.1439e-05
815.0	1.1905e-05
815.2	1.2389e-05
815.4	1.2893e-05
815.6	1.3417e-05
815.8	1.3963e-05
816.0	1.4531e-05
816.2	1.4895e-05
816.4	1.4918e-05
816.6	1.4941e-05
816.8	1.4964e-05
817.0	1.4987e-05
817.2	1.501e-05
817.4	1.5033e-05
817.6	1.5056e-05
817.8	1.5079e-05
818.0	1.5102e-05
818.2	1.4579e-05
818.4	1.3585e-05
818.6	1.2659e-05
818.8	1.1796e-05
819.0	1.0992e-05
819.2	1.0243e-05
819.4	9.5443e-06
819.6	8.8937e-06
819.8	8.2874e-06
820.0	7.7224e-06
820.2	7.1899e-06
820.4	6.6906e-06
820.6	6.226e-06
820.8	5.7936e-06
821.0	5.3913e-06
821.2	5.0169e-06
821.4	4.6686e-06
821.6	4.3444e-06
821.8	4.0427e-06
822.0	3.762e-06
822.2	3.5411e-06
822.4	3.3464e-06
822.6	3.1624e-06
822.8	2.9885e-06
823.0	2.8241e-06
823.2	2.6688e-06
823.4	2.5221e-06
823.6	2.3834e-06
823.8	2.2523e-06
824.0	2.1284e-06
824.2	2.0264e-06
824.4	1.9315e-06
824.6	1.841e-06
824.8	1.7548e-06
825.0	1.6726e-06
825.2	1.5943e-06
825.4	1.5196e-06
825.6	1.4484e-06
825.8	1.3806e-06
826.0	1.3159e-06
826.2	1.2722e-06
826.4	1.257e-06
826.6	1.242e-06
826.8	1.2271e-06
827.0	1.2124e-06
827.2	1.1979e-06
827.4	1.1836e-06
827.6	1.1694e-06
827.8	1.1554e-06
828.0	1.1416e-06
828.2	1.1276e-06
828.4	1.1135e-06
828.6	1.0996e-06
828.8	1.0858e-06
829.0	1.0723e-06
829.2	1.0588e-06
829.4	1.0456e-06
829.6	1.0325e-06
829.8	1.0196e-06
830.0	1.0069e-06
830.2	9.9945e-07
830.4	9.9504e-07
830.6	9.9065e-07
830.8	9.8628e-07
831.0	9.8193e-07
831.2	9.776e-07
831.4	9.7329e-07
831.6	9.69e-07
831.8	9.6473e-07
832.0	9.6047e-07
832.2	9.6144e-07
832.4	9.6407e-07
832.6	9.667e-07
832.8	9.6935e-07
833.0	9.7199e-07
833.2	9.7465e-07
833.4	9.7731e-07
833.6	9.7998e-07
833.8	9.8266e-07
834.0	9.8534e-07
834.2	9.8944e-07
834.4	9.9373e-07
834.6	9.9804e-07
834.8	1.0024e-06
835.0	1.0067e-06
835.2	1.0111e-06
835.4	1.0154e-06
835.6	1.0199e-06
835.8	1.0243e-06
836.0	1.0287e-06
836.2	1.0434e-06
836.4	1.0774e-06
836.6	1.1125e-06
836.8	1.1488e-06
837.0	1.1862e-06
837.2	1.2249e-06
837.4	1.2648e-06
837.6	1.306e-06
837.8	1.3485e-06
838.0	1.3925e-06
838.2	1.4363e-06
838.4	1.4796e-06
838.6	1.5243e-06
838.8	1.5703e-06
839.0	1.6177e-06
839.2	1.6665e-06
839.4	1.7168e-06
839.6	1.7686e-06
839.8	1.822e-06
840.0	1.877e-06
840.2	1.9496e-06
840.4	2.0357e-06
840.6	2.1255e-06
840.8	2.2193e-06
841.0	2.3172e-06
841.2	2.4195e-06
841.4	2.5263e-06
841.6	2.6378e-06
841.8	2.7542e-06
842.0	2.8758e-06
842.2	3.0196e-06
842.4	3.1769e-06
842.6	3.3423e-06
842.8	3.5163e-06
843.0	3.6993e-06
843.2	3.8919e-06
843.4	4.0946e-06
843.6	4.3077e-06
843.8	4.532e-06
844.0	4.7679e-06
844.2	4.9155e-06
844.4	5.0536e-06
844.6	5.1956e-06
844.8	5.3415e-06
845.0	5.4916e-06
845.2	5.6459e-06
845.4	5.8045e-06
845.6	5.9676e-06
845.8	6.1352e-06
846.0	6.3076e-06
846.2	6.4215e-06
846.4	6.4113e-06
846.6	6.4012e-06
846.8	6.391e-06
847.0	6.3809e-06
847.2	6.3708e-06
847.4	6.3607e-06
847.6	6.3507e-06
847.8	6.3406e-06
848.0	6.3306e-06
848.2	6.1677e-06
848.4	5.8453e-06
848.6	5.5398e-06
848.8	5.2503e-06
849.0	4.9759e-06
849.2	4.7158e-06
849.4	4.4693e-06
849.6	4.2357e-06
849.8	4.0143e-06
850.0	3.8045e-06
850.2	3.589e-06
850.4	3.3754e-06
850.6	3.1745e-06
850.8	2.9855e-06
851.0	2.8078e-06
851.2	2.6407e-06
851.4	2.4836e-06
851.6	2.3358e-06
851.8	2.1967e-06
852.0	2.066e-06
852.2	1.9626e-06
852.4	1.8708e-06
852.6	1.7833e-06
852.8	1.6998e-06
853.0	1.6203e-06
853.2	1.5445e-06
853.4	1.4723e-06
853.6	1.4034e-06
853.8	1.3377e-06
854.0	1.2751e-06
854.2	1.2102e-06
854.4	1.148e-06
854.6	1.089e-06
854.8	1.033e-06
855.0	9.7984e-07
855.2	9.2945e-07
855.4	8.8165e-07
855.6	8.3631e-07
855.8	7.933e-07
856.0	7.525e-07
856.2	7.235e-07
856.4	7.1405e-07
856.6	7.0473e-07
856.8	6.9553e-07
857.0	6.8645e-07
857.2	6.7749e-07
857.4	6.6865e-07
857.6	6.5992e-07
857.8	6.5131e-07
858.0	6.4281e-07
858.2	6.3406e-07
858.4	6.2506e-07
858.6	6.1619e-07
858.8	6.0744e-07
859.0	5.9881e-07
859.2	5.9031e-07
859.4	5.8193e-07
859.6	5.7367e-07
859.8	5.6552e-07
860.0	5.5749e-07
860.2	5.4946e-07
860.4	5.4148e-07
860.6	5.3362e-07
860.8	5.2587e-07
861.0	5.1823e-07
861.2	5.107e-07
861.4	5.0328e-07
861.6	4.9597e-07
861.8	4.8877e-07
862.0	4.8167e-07
862.2	4.7835e-07
862.4	4.7614e-07
862.6	4.7395e-07
862.8	4.7176e-07
863.0	4.6959e-07
863.2	4.6742e-07
863.4	4.6527e-07
863.6	4.6313e-07
863.8	4.6099e-07
864.0	4.5887e-07
864.2	4.5744e-07
864.4	4.5608e-07
864.6	4.5473e-07
864.8	4.5338e-07
865.0	4.5203e-07
865.2	4.5069e-07
865.4	4.4935e-07
865.6	4.4802e-07
865.8	4.4668e-07
866.0	4.4536e-07
866.2	4.4657e-07
866.4	4.5287e-07
866.6	4.5927e-07
866.8	4.6575e-07
867.0	4.7232e-07
867.2	4.7899e-07
867.4	4.8575e-07
867.6	4.9261e-07
867.8	4.9956e-07
868.0	5.0662e-07
868.2	5.1442e-07
868.4	5.2306e-07
868.6	5.3184e-07
868.8	5.4077e-07
869.0	5.4985e-07
869.2	5.5908e-07
869.4	5.6847e-07
869.6	5.7802e-07
869.8	5.8772e-07
870.0	5.9759e-07
870.2	6.0812e-07
870.4	6.1914e-07
870.6	6.3036e-07
870.8	6.4178e-07
871.0	6.5341e-07
871.2	6.6525e-07
871.4	6.773e-07
871.6	6.8957e-07
871.8	7.0207e-07
872.0	7.1479e-07
872.2	7.3559e-07
872.4	7.5924e-07
872.6	7.8364e-07
872.8	8.0882e-07
873.0	8.3482e-07
873.2	8.6165e-07
873.4	8.8935e-07
873.6	9.1793e-07
873.8	9.4743e-07
874.0	9.7788e-07
874.2	1.007e-06
874.4	1.0368e-06
874.6	1.0675e-06
874.8	1.0992e-06
875.0	1.1317e-06
875.2	1.1653e-06
875.4	1.1998e-06
875.6	1.2353e-06
875.8	1.2719e-06
876.0	1.3096e-06
876.2	1.3575e-06
876.4	1.429e-06
876.6	1.5043e-06
876.8	1.5835e-06
877.0	1.6669e-06
877.2	1.7547e-06
877.4	1.8472e-06
877.6	1.9445e-06
877.8	2.0469e-06
878.0	2.1547e-06
878.2	2.2609e-06
878.4	2.3633e-06
878.6	2.4705e-06
878.8	2.5824e-06
879.0	2.6994e-06
879.2	2.8218e-06
879.4	2.9497e-06
879.6	3.0833e-06
879.8	3.2231e-06
880.0	3.3691e-06
880.2	3.508e-06
880.4	3.6435e-06
880.6	3.7844e-06
880.8	3.9306e-06
881.0	4.0825e-06
881.2	4.2403e-06
881.4	4.4042e-06
881.6	4.5744e-06
881.8	4.7511e-06
882.0	4.9348e-06
882.2	5.0584e-06
882.4	5.1653e-06
882.6	5.2744e-06
882.8	5.3859e-06
883.0	5.4997e-06
883.2	5.616e-06
883.4	5.7346e-06
883.6	5.8558e-06
883.8	5.9796e-06
884.0	6.106e-06
884.2	6.06e-06
884.4	6.0034e-06
884.6	5.9474e-06
884.8	5.8919e-06
885.0	5.8369e-06
885.2	5.7824e-06
885.4	5.7284e-06
885.6	5.675e-06
885.8	5.622e-06
886.0	5.5695e-06
886.2	5.5296e-06
886.4	5.5217e-06
886.6	5.5138e-06
886.8	5.5059e-06
887.0	5.4981e-06
887.2	5.4902e-06
887.4	5.4824e-06
887.6	5.4745e-06
887.8	5.4667e-06
888.0	5.4589e-06
888.2	5.4344e-06
888.4	5.3887e-06
888.6	5.3433e-06
888.8	5.2983e-06
889.0	5.2537e-06
889.2	5.2095e-06
889.4	5.1656e-06
889.6	5.1221e-06
889.8	5.079e-06
890.0	5.0362e-06
890.2	5.012e-06
890.4	5.0001e-06
890.6	4.9882e-06
890.8	4.9763e-06
891.0	4.9645e-06
891.2	4.9526e-06
891.4	4.9408e-06
891.6	4.9291e-06
891.8	4.9173e-06
892.0	4.9056e-06
892.2	4.9219e-06
892.4	4.9469e-06
892.6	4.9721e-06
892.8	4.9973e-06
893.0	5.0227e-06
893.2	5.0482e-06
893.4	5.0739e-06
893.6	5.0997e-06
893.8	5.1256e-06
894.0	5.1516e-06
894.2	5.1783e-06
894.4	5.2052e-06
894.6	5.2322e-06
894.8	5.2593e-06
895.0	5.2866e-06
895.2	5.314e-06
895.4	5.3416e-06
895.6	5.3693e-06
895.8	5.3971e-06
896.0	5.4251e-06
896.2	5.4739e-06
896.4	5.5812e-06
896.6	5.6906e-06
896.8	5.8022e-06
897.0	5.916e-06
897.2	6.0319e-06
897.4	6.1502e-06
897.6	6.2708e-06
897.8	6.3937e-06
898.0	6.5191e-06
898.2	6.6233e-06
898.4	6.698e-06
898.6	6.7736e-06
898.8	6.8501e-06
899.0	6.9275e-06
899.2	7.0057e-06
899.4	7.0847e-06
899.6	7.1647e-06
899.8	7.2456e-06
900.0	7.3274e-06
900.2	7.3877e-06
900.4	7.4337e-06
900.6	7.48e-06
900.8	7.5266e-06
901.0	7.5735e-06
901.2	7.6207e-06
901.4	7.6682e-06
901.6	7.716e-06
901.8	7.7641e-06
902.0	7.8124e-06
902.2	7.8267e-06
902.4	7.8314e-06
902.6	7.836e-06
902.8	7.8407e-06
903.0	7.8453e-06
903.2	7.85e-06
903.4	7.8547e-06
903.6	7.8593e-06
903.8	7.864e-06
904.0	7.8687e-06
904.2	7.8134e-06
904.4	7.7558e-06
904.6	7.6986e-06
904.8	7.6418e-06
905.0	7.5854e-06
905.2	7.5294e-06
905.4	7.4739e-06
905.6	7.4187e-06
905.8	7.364e-06
906.0	7.3097e-06
906.2	7.2651e-06
906.4	7.2466e-06
906.6	7.2283e-06
906.8	7.2099e-06
907.0	7.1916e-06
907.2	7.1734e-06
907.4	7.1552e-06
907.6	7.137e-06
907.8	7.1189e-06
908.0	7.1008e-06
908.2	7.0797e-06
908.4	7.0546e-06
908.6	7.0297e-06
908.8	7.0048e-06
909.0	6.98e-06
909.2	6.9553e-06
909.4	6.9308e-06
909.6	6.9062e-06
909.8	6.8818e-06
910.0	6.8575e-06
910.2	6.8482e-06
910.4	6.8484e-06
910.6	6.8486e-06
910.8	6.8488e-06
911.0	6.849e-06
911.2	6.8492e-06
911.4	6.8494e-06
911.6	6.8496e-06
911.8	6.8498e-06
912.0	6.85e-06
912.2	6.8718e-06
912.4	6.8993e-06
912.6	6.9269e-06
912.8	6.9546e-06
913.0	6.9824e-06
913.2	7.0103e-06
913.4	7.0383e-06
913.6	7.0665e-06
913.8	7.0947e-06
914.0	7.1231e-06
914.2	7.1738e-06
914.4	7.2253e-06
914.6	7.2772e-06
914.8	7.3294e-06
915.0	7.382e-06
915.2	7.435e-06
915.4	7.4884e-06
915.6	7.5422e-06
915.8	7.5963e-06
916.0	7.6509e-06
916.2	7.7109e-06
916.4	7.7882e-06
916.6	7.8663e-06
916.8	7.9452e-06
917.0	8.0248e-06
917.2	8.1053e-06
917.4	8.1865e-06
917.6	8.2686e-06
917.8	8.3515e-06
918.0	8.4352e-06
918.2	8.4964e-06
918.4	8.5249e-06
918.6	8.5536e-06
918.8	8.5823e-06
919.0	8.6111e-06
919.2	8.64e-06
919.4	8.669e-06
919.6	8.6981e-06
919.8	8.7273e-06
920.0	8.7566e-06
920.2	8.7475e-06
920.4	8.7129e-06
920.6	8.6784e-06
920.8	8.6441e-06
921.0	8.6099e-06
921.2	8.5758e-06
921.4	8.5419e-06
921.6	8.5081e-06
921.8	8.4745e-06
922.0	8.4409e-06
922.2	8.3415e-06
922.4	8.226e-06
922.6	8.1121e-06
922.8	7.9997e-06
923.0	7.889e-06
923.2	7.7797e-06
923.4	7.672e-06
923.6	7.5657e-06
923.8	7.461e-06
924.0	7.3577e-06
924.2	7.2167e-06
924.4	7.0777e-06
924.6	6.9414e-06
924.8	6.8077e-06
925.0	6.6765e-06
925.2	6.5479e-06
925.4	6.4218e-06
925.6	6.2981e-06
925.8	6.1768e-06
926.0	6.0578e-06
926.2	5.9388e-06
926.4	5.8143e-06
926.6	5.6924e-06
926.8	5.5731e-06
927.0	5.4562e-06
927.2	5.3418e-06
927.4	5.2298e-06
927.6	5.1202e-06
927.8	5.0128e-06
928.0	4.9077e-06
928.2	4.811e-06
928.4	4.7246e-06
928.6	4.6398e-06
928.8	4.5566e-06
929.0	4.4748e-06
929.2	4.3945e-06
929.4	4.3156e-06
929.6	4.2382e-06
929.8	4.1621e-06
930.0	4.0874e-06
930.2	4.02e-06
930.4	3.9576e-06
930.6	3.8962e-06
930.8	3.8357e-06
931.0	3.7761e-06
931.2	3.7175e-06
931.4	3.6598e-06
931.6	3.6029e-06
931.8	3.547e-06
932.0	3.4919e-06
932.2	3.4543e-06
932.4	3.4212e-06
932.6	3.3884e-06
932.8	3.3559e-06
933.0	3.3238e-06
933.2	3.2919e-06
933.4	3.2604e-06
933.6	3.2291e-06
933.8	3.1982e-06
934.0	3.1675e-06
934.2	3.1441e-06
934.4	3.1209e-06
934.6	3.0979e-06
934.8	3.0751e-06
935.0	3.0524e-06
935.2	3.0298e-06
935.4	3.0075e-06
935.6	2.9853e-06
935.8	2.9633e-06
936.0	2.9414e-06
936.2	2.9237e-06
936.4	2.9218e-06
936.6	2.92e-06
936.8	2.9181e-06
937.0	2.9162e-06
937.2	2.9143e-06
937.4	2.9124e-06
937.6	2.9105e-06
937.8	2.9086e-06
938.0	2.9067e-06
938.2	2.9104e-06
938.4	2.9224e-06
938.6	2.9343e-06
938.8	2.9464e-06
939.0	2.9584e-06
939.2	2.9705e-06
939.4	2.9827e-06
939.6	2.9949e-06
939.8	3.0072e-06
940.0	3.0195e-06
940.2	3.0357e-06
940.4	3.0545e-06
940.6	3.0735e-06
940.8	3.0926e-06
941.0	3.1118e-06
941.2	3.1311e-06
941.4	3.1505e-06
941.6	3.1701e-06
941.8	3.1897e-06
942.0	3.2095e-06
942.2	3.2514e-06
942.4	3.2992e-06
942.6	3.3477e-06
942.8	3.397e-06
943.0	3.4469e-06
943.2	3.4976e-06
943.4	3.549e-06
943.6	3.6012e-06
943.8	3.6542e-06
944.0	3.7081e-06
944.2	3.7759e-06
944.4	3.845e-06
944.6	3.9154e-06
944.8	3.9871e-06
945.0	4.06e-06
945.2	4.1344e-06
945.4	4.21e-06
945.6	4.2871e-06
945.8	4.3655e-06
946.0	4.4454e-06
946.2	4.5315e-06
946.4	4.6354e-06
946.6	4.7416e-06
946.8	4.8503e-06
947.0	4.9614e-06
947.2	5.0751e-06
947.4	5.1914e-06
947.6	5.3104e-06
947.8	5.4321e-06
948.0	5.5566e-06
948.2	5.6969e-06
948.4	5.858e-06
948.6	6.0236e-06
948.8	6.1939e-06
949.0	6.3691e-06
949.2	6.5492e-06
949.4	6.7343e-06
949.6	6.9248e-06
949.8	7.1206e-06
950.0	7.3219e-06
950.2	7.5551e-06
950.4	7.8109e-06
950.6	8.0754e-06
950.8	8.3488e-06
951.0	8.6315e-06
951.2	8.9238e-06
951.4	9.2259e-06
951.6	9.5383e-06
951.8	9.8613e-06
952.0	1.0195e-05
952.2	1.0599e-05
952.4	1.103e-05
952.6	1.1478e-05
952.8	1.1945e-05
953.0	1.243e-05
953.2	1.2935e-05
953.4	1.3461e-05
953.6	1.4008e-05
953.8	1.4577e-05
954.0	1.5176e-05
954.2	1.5906e-05
954.4	1.6671e-05
954.6	1.7472e-05
954.8	1.8312e-05
955.0	1.9192e-05
955.2	2.0115e-05
955.4	2.1082e-05
955.6	2.2096e-05
955.8	2.3158e-05
956.0	2.4271e-05
956.2	2.5462e-05
956.4	2.6807e-05
956.6	2.8222e-05
956.8	2.9712e-05
957.0	3.1281e-05
957.2	3.2933e-05
957.4	3.4671e-05
957.6	3.6502e-05
957.8	3.8429e-05
958.0	4.0458e-05
958.2	4.2591e-05
958.4	4.4832e-05
958.6	4.7191e-05
958.8	4.9674e-05
959.0	5.2287e-05
959.2	5.5038e-05
959.4	5.7933e-05
959.6	6.0981e-05
959.8	6.419e-05
960.0	6.7567e-05
960.2	7.0702e-05
960.4	7.3726e-05
960.6	7.6879e-05
960.8	8.0167e-05
961.0	8.3595e-05
961.2	8.717e-05
961.4	9.0898e-05
961.6	9.4786e-05
961.8	9.884e-05
962.0	1.0307e-04
962.2	1.057e-04
962.4	1.0807e-04
962.6	1.1049e-04
962.8	1.1296e-04
963.0	1.155e-04
963.2	1.1808e-04
963.4	1.2073e-04
963.6	1.2344e-04
963.8	1.262e-04
964.0	1.2886e-04
964.2	1.2917e-04
964.4	1.2948e-04
964.6	1.2978e-04
964.8	1.3009e-04
965.0	1.304e-04
965.2	1.3071e-04
965.4	1.3102e-04
965.6	1.3133e-04
965.8	1.3164e-04
966.0	1.3195e-04
966.2	1.3202e-04
966.4	1.3097e-04
966.6	1.2993e-04
966.8	1.2889e-04
967.0	1.2786e-04
967.2	1.2684e-04
967.4	1.2583e-04
967.6	1.2483e-04
967.8	1.2384e-04
968.0	1.2285e-04
968.2	1.2197e-04
968.4	1.2124e-04
968.6	1.2052e-04
968.8	1.198e-04
969.0	1.1909e-04
969.2	1.1838e-04
969.4	1.1768e-04
969.6	1.1698e-04
969.8	1.1628e-04
970.0	1.1559e-04
970.2	1.1527e-04
970.4	1.152e-04
970.6	1.1512e-04
970.8	1.1504e-04
971.0	1.1496e-04
971.2	1.1488e-04
971.4	1.148e-04
971.6	1.1473e-04
971.8	1.1465e-04
972.0	1.1457e-04
972.2	1.1514e-04
972.4	1.1584e-04
972.6	1.1654e-04
972.8	1.1725e-04
973.0	1.1796e-04
973.2	1.1867e-04
973.4	1.1939e-04
973.6	1.2012e-04
973.8	1.2085e-04
974.0	1.2164e-04
974.2	1.2335e-04
974.4	1.251e-04
974.6	1.2686e-04
974.8	1.2865e-04
975.0	1.3047e-04
975.2	1.3231e-04
975.4	1.3418e-04
975.6	1.3605e-04
975.8	1.3787e-04
976.0	1.3965e-04
976.2	1.4109e-04
976.4	1.4268e-04
976.6	1.4517e-04
976.8	1.4776e-04
977.0	1.5097e-04
977.2	1.5426e-04
977.4	1.5783e-04
977.6	1.6148e-04
977.8	1.646e-04
978.0	1.6779e-04
978.2	1.7214e-04
978.4	1.7661e-04
978.6	1.8067e-04
978.8	1.848e-04
979.0	1.9036e-04
979.2	1.9622e-04
979.4	2.0137e-04
979.6	2.0652e-04
979.8	2.1329e-04
980.0	2.2059e-04
980.2	2.2757e-04
980.4	2.3463e-04
980.6	2.4185e-04
980.8	2.4927e-04
981.0	2.5748e-04
981.2	2.6617e-04
981.4	2.7571e-04
981.6	2.8584e-04
981.8	2.9588e-04
982.0	3.0604e-04
982.2	3.1848e-04
982.4	3.3263e-04
982.6	3.4631e-04
982.8	3.5977e-04
983.0	3.7534e-04
983.2	3.9289e-04
983.4	4.1146e-04
983.6	4.3108e-04
983.8	4.5076e-04
984.0	4.704e-04
984.2	4.9321e-04
984.4	5.2007e-04
984.6	5.4765e-04
984.8	5.7564e-04
985.0	6.0637e-04
985.2	6.2833e-04
985.4	6.5108e-04
985.6	6.7465e-04
985.8	6.9912e-04
986.0	7.4627e-04
986.2	8.001e-04
986.4	8.3527e-04
986.6	8.8868e-04
986.8	9.4587e-04
987.0	0.00101
987.2	0.00108
987.4	0.00115
987.6	0.00123
987.8	0.00133
988.0	0.00145
988.2	0.00155
988.4	0.00166
988.6	0.0018
988.8	0.00198
989.0	0.00215
989.2	0.00234
989.4	0.00267
989.6	0.00292
989.8	0.00312
990.0	0.00346
990.2	0.00376
990.4	0.00411
990.6	0.00451
990.8	0.00503
991.0	0.00568
991.2	0.00637
991.4	0.00714
991.6	0.00808
991.8	0.00928
992.0	0.01067
992.2	0.01223
992.4	0.01411
992.6	0.01643
992.8	0.01928
993.0	0.02263
993.2	0.02682
993.4	0.03167
993.6	0.0374
993.8	0.04406
994.0	0.05159
994.2	0.05947
994.4	0.06588
994.6	0.07136
994.8	0.07521
995.0	0.07607
995.2	0.07095
995.4	0.06618
995.6	0.06173
995.8	0.0573
996.0	0.05116
996.2	0.04541
996.4	0.04069
996.6	0.03662
996.8	0.03291
997.0	0.02973
997.2	0.02703
997.4	0.02474
997.6	0.02269
997.8	0.02099
998.0	0.01953
998.2	0.01818
998.4	0.01704
998.6	0.01606
998.8	0.0152
999.0	0.01445
999.2	0.01372
999.4	0.01313
999.6	0.01258
999.8	0.01211
1000.0	0.01163
1000.2	0.01121
1000.4	0.01091
1000.6	0.01061
1000.8	0.01031
1001.0	0.01002
1001.2	0.00982
1001.4	0.00965
1001.6	0.00948
1001.8	0.00927
1002.0	0.00908
1002.2	0.00904
1002.4	0.00894
1002.6	0.0088
1002.8	0.00871
1003.0	0.00867
1003.2	0.00867
1003.4	0.00856
1003.6	0.00856
1003.8	0.00857
1004.0	0.00859
1004.2	0.00857
1004.4	0.0086
1004.6	0.00866
1004.8	0.00871
1005.0	0.00882
1005.2	0.00898
1005.4	0.00905
1005.6	0.00914
1005.8	0.0092
1006.0	0.00931
1006.2	0.00942
1006.4	0.00954
1006.6	0.00969
1006.8	0.00982
1007.0	0.00996
1007.2	0.01011
1007.4	0.01032
1007.6	0.01046
1007.8	0.01064
1008.0	0.01091
1008.2	0.01113
1008.4	0.0114
1008.6	0.01167
1008.8	0.01194
1009.0	0.01222
1009.2	0.0125
1009.4	0.01286
1009.6	0.01321
1009.8	0.01358
1010.0	0.01396
1010.2	0.01434
1010.4	0.01489
1010.6	0.01529
1010.8	0.01578
1011.0	0.01635
1011.2	0.01693
1011.4	0.01756
1011.6	0.01817
1011.8	0.01887
1012.0	0.0196
1012.2	0.02034
1012.4	0.02126
1012.6	0.02201
1012.8	0.02307
1013.0	0.02404
1013.2	0.02515
1013.4	0.02634
1013.6	0.02761
1013.8	0.02888
1014.0	0.03031
1014.2	0.03187
1014.4	0.03351
1014.6	0.03533
1014.8	0.03705
1015.0	0.03921
1015.2	0.04143
1015.4	0.04399
1015.6	0.04642
1015.8	0.04926
1016.0	0.05243
1016.2	0.05569
1016.4	0.0593
1016.6	0.06323
1016.8	0.06779
1017.0	0.07246
1017.2	0.07776
1017.4	0.08331
1017.6	0.08959
1017.8	0.09643
1018.0	0.10376
1018.2	0.11247
1018.4	0.12169
1018.6	0.13152
1018.8	0.14201
1019.0	0.15493
1019.2	0.16869
1019.4	0.18311
1019.6	0.19933
1019.8	0.21696
1020.0	0.2364
1020.2	0.25688
1020.4	0.28058
1020.6	0.30474
1020.8	0.32946
1021.0	0.3554
1021.2	0.38481
1021.4	0.41291
1021.6	0.43909
1021.8	0.46453
1022.0	0.48969
1022.2	0.51223
1022.4	0.52921
1022.6	0.54284
1022.8	0.55209
1023.0	0.55523
1023.2	0.55467
1023.4	0.55108
1023.6	0.54242
1023.8	0.5297
1024.0	0.51451
1024.2	0.49845
1024.4	0.48073
1024.6	0.4631
1024.8	0.44638
1025.0	0.42262
1025.2	0.40353
1025.4	0.38733
1025.6	0.36967
1025.8	0.35336
1026.0	0.3415
1026.2	0.32779
1026.4	0.31569
1026.6	0.30474
1026.8	0.2929
1027.0	0.28148
1027.2	0.27336
1027.4	0.26655
1027.6	0.25864
1027.8	0.25059
1028.0	0.24385
1028.2	0.23903
1028.4	0.23277
1028.6	0.22909
1028.8	0.22571
1029.0	0.22046
1029.2	0.21593
1029.4	0.21389
1029.6	0.2119
1029.8	0.20913
1030.0	0.20767
1030.2	0.20565
1030.4	0.20399
1030.6	0.20205
1030.8	0.20282
1031.0	0.20304
1031.2	0.2022
1031.4	0.20224
1031.6	0.20284
1031.8	0.20353
1032.0	0.20504
1032.2	0.20761
1032.4	0.20897
1032.6	0.21029
1032.8	0.2127
1033.0	0.21626
1033.2	0.21897
1033.4	0.22324
1033.6	0.22797
1033.8	0.23122
1034.0	0.23483
1034.2	0.24117
1034.4	0.24696
1034.6	0.25278
1034.8	0.26
1035.0	0.26724
1035.2	0.2749
1035.4	0.28267
1035.6	0.29273
1035.8	0.30323
1036.0	0.31416
1036.2	0.32588
1036.4	0.33794
1036.6	0.35077
1036.8	0.36618
1037.0	0.38244
1037.2	0.39938
1037.4	0.41778
1037.6	0.43723
1037.8	0.45806
1038.0	0.48019
1038.2	0.50465
1038.4	0.52981
1038.6	0.55623
1038.8	0.58525
1039.0	0.61305
1039.2	0.64398
1039.4	0.67494
1039.6	0.70746
1039.8	0.73798
1040.0	0.76875
1040.2	0.7982
1040.4	0.82561
1040.6	0.84979
1040.8	0.87088
1041.0	0.88805
1041.2	0.89832
1041.4	0.90459
1041.6	0.90483
1041.8	0.89987
1042.0	0.88746
1042.2	0.87125
1042.4	0.84951
1042.6	0.82305
1042.8	0.79491
1043.0	0.76424
1043.2	0.73188
1043.4	0.69742
1043.6	0.66381
1043.8	0.63056
1044.0	0.59779
1044.2	0.56548
1044.4	0.53561
1044.6	0.50676
1044.8	0.47989
1045.0	0.45094
1045.2	0.42438
1045.4	0.40132
1045.6	0.38038
1045.8	0.36058
1046.0	0.34303
1046.2	0.32564
1046.4	0.30977
1046.6	0.29537
1046.8	0.2819
1047.0	0.26896
1047.2	0.25759
1047.4	0.24624
1047.6	0.23551
1047.8	0.22574
1048.0	0.21717
1048.2	0.20942
1048.4	0.20134
1048.6	0.19456
1048.8	0.18758
1049.0	0.18118
1049.2	0.17527
1049.4	0.16979
1049.6	0.16478
1049.8	0.16039
1050.0	0.15589
1050.2	0.15207
1050.4	0.14844
1050.6	0.14385
1050.8	0.14023
1051.0	0.13788
1051.2	0.13469
1051.4	0.13208
1051.6	0.13031
1051.8	0.12742
1052.0	0.12529
1052.2	0.12303
1052.4	0.12079
1052.6	0.11921
1052.8	0.11802
1053.0	0.11616
1053.2	0.11527
1053.4	0.11419
1053.6	0.11244
1053.8	0.11149
1054.0	0.11071
1054.2	0.10924
1054.4	0.10937
1054.6	0.10862
1054.8	0.10834
1055.0	0.10831
1055.2	0.10784
1055.4	0.10726
1055.6	0.10715
1055.8	0.10681
1056.0	0.10671
1056.2	0.10732
1056.4	0.10741
1056.6	0.10796
1056.8	0.10891
1057.0	0.10895
1057.2	0.10954
1057.4	0.11027
1057.6	0.11038
1057.8	0.11193
1058.0	0.1127
1058.2	0.11389
1058.4	0.11531
1058.6	0.11666
1058.8	0.11793
1059.0	0.11969
1059.2	0.12095
1059.4	0.12296
1059.6	0.1245
1059.8	0.12676
1060.0	0.12907
1060.2	0.13213
1060.4	0.13386
1060.6	0.13699
1060.8	0.13971
1061.0	0.14218
1061.2	0.14569
1061.4	0.14883
1061.6	0.15193
1061.8	0.15623
1062.0	0.1602
1062.2	0.16515
1062.4	0.16954
1062.6	0.17427
1062.8	0.17969
1063.0	0.18461
1063.2	0.18999
1063.4	0.19644
1063.6	0.20197
1063.8	0.20925
1064.0	0.21724
1064.2	0.22467
1064.4	0.23313
1064.6	0.2419
1064.8	0.25029
1065.0	0.26129
1065.2	0.27358
1065.4	0.28065
1065.6	0.29507
1065.8	0.30705
1066.0	0.31973
1066.2	0.33585
1066.4	0.34972
1066.6	0.36378
1066.8	0.38097
1067.0	0.39446
1067.2	0.4131
1067.4	0.42995
1067.6	0.44778
1067.8	0.46844
1068.0	0.48831
1068.2	0.50903
1068.4	0.53404
1068.6	0.55279
1068.8	0.57557
1069.0	0.59652
1069.2	0.61638
1069.4	0.63745
1069.6	0.65572
1069.8	0.67471
1070.0	0.69411
1070.2	0.70909
1070.4	0.72612
1070.6	0.7386
1070.8	0.74951
1071.0	0.7588
1071.2	0.76481
1071.4	0.76723
1071.6	0.76844
1071.8	0.76846
1072.0	0.7645
1072.2	0.7595
1072.4	0.75186
1072.6	0.74192
1072.8	0.73038
1073.0	0.7174
1073.2	0.70234
1073.4	0.68893
1073.6	0.67293
1073.8	0.65883
1074.0	0.64259
1074.2	0.62562
1074.4	0.61183
1074.6	0.59409
1074.8	0.57948
1075.0	0.56268
1075.2	0.54579
1075.4	0.53243
1075.6	0.51658
1075.8	0.50236
1076.0	0.48894
1076.2	0.47591
1076.4	0.46423
1076.6	0.45209
1076.8	0.44111
1077.0	0.43047
1077.2	0.42037
1077.4	0.41167
1077.6	0.40068
1077.8	0.39235
1078.0	0.38353
1078.2	0.37495
1078.4	0.36777
1078.6	0.36045
1078.8	0.35279
1079.0	0.34691
1079.2	0.34076
1079.4	0.33562
1079.6	0.32936
1079.8	0.3246
1080.0	0.32012
1080.2	0.31571
1080.4	0.31142
1080.6	0.30661
1080.8	0.30299
1081.0	0.2997
1081.2	0.29665
1081.4	0.2935
1081.6	0.29006
1081.8	0.28687
1082.0	0.28509
1082.2	0.28209
1082.4	0.28
1082.6	0.27743
1082.8	0.27573
1083.0	0.27415
1083.2	0.27318
1083.4	0.27163
1083.6	0.27025
1083.8	0.26843
1084.0	0.26762
1084.2	0.26648
1084.4	0.26659
1084.6	0.26607
1084.8	0.26551
1085.0	0.26474
1085.2	0.26442
1085.4	0.26404
1085.6	0.26447
1085.8	0.26344
1086.0	0.26527
1086.2	0.26468
1086.4	0.26455
1086.6	0.26505
1086.8	0.26469
1087.0	0.26597
1087.2	0.26599
1087.4	0.26761
1087.6	0.26811
1087.8	0.26919
1088.0	0.2699
1088.2	0.27041
1088.4	0.27261
1088.6	0.27218
1088.8	0.27478
1089.0	0.27525
1089.2	0.27621
1089.4	0.27855
1089.6	0.27872
1089.8	0.28056
1090.0	0.28211
1090.2	0.28209
1090.4	0.28528
1090.6	0.28575
1090.8	0.28845
1091.0	0.28922
1091.2	0.29078
1091.4	0.2927
1091.6	0.29426
1091.8	0.29663
1092.0	0.29725
1092.2	0.30082
1092.4	0.30368
1092.6	0.30516
1092.8	0.30914
1093.0	0.31014
1093.2	0.31509
1093.4	0.31693
1093.6	0.32177
1093.8	0.3254
1094.0	0.32929
1094.2	0.33314
1094.4	0.3356
1094.6	0.34048
1094.8	0.34315
1095.0	0.34904
1095.2	0.35107
1095.4	0.35501
1095.6	0.36094
1095.8	0.36413
1096.0	0.37028
1096.2	0.37358
1096.4	0.38038
1096.6	0.38402
1096.8	0.38969
1097.0	0.39589
1097.2	0.39882
1097.4	0.40761
1097.6	0.41064
1097.8	0.42127
1098.0	0.42373
1098.2	0.43499
1098.4	0.43979
1098.6	0.45046
1098.8	0.45816
1099.0	0.46673
1099.2	0.47624
1099.4	0.4841
1099.6	0.49535
1099.8	0.50347
1100.0	0.51525
1100.2	0.52488
1100.4	0.53509
1100.6	0.54442
1100.8	0.55591
1101.0	0.56745
1101.2	0.57541
1101.4	0.58929
1101.6	0.59647
1101.8	0.61023
1102.0	0.61837
1102.2	0.62967
1102.4	0.63758
1102.6	0.64677
1102.8	0.65359
1103.0	0.66236
1103.2	0.6674
1103.4	0.67421
1103.6	0.67662
1103.8	0.68115
1104.0	0.68302
1104.2	0.68361
1104.4	0.68224
1104.6	0.68016
1104.8	0.6768
1105.0	0.66844
1105.2	0.66359
1105.4	0.65194
1105.6	0.64356
1105.8	0.63031
1106.0	0.61884
1106.2	0.60337
1106.4	0.58733
1106.6	0.57088
1106.8	0.55608
1107.0	0.53854
1107.2	0.51868
1107.4	0.50284
1107.6	0.48378
1107.8	0.46746
1108.0	0.44699
1108.2	0.4302
1108.4	0.41339
1108.6	0.39702
1108.8	0.37793
1109.0	0.36504
1109.2	0.34933
1109.4	0.33385
1109.6	0.3211
1109.8	0.30735
1110.0	0.29351
1110.2	0.28061
1110.4	0.26963
1110.6	0.25871
1110.8	0.24842
1111.0	0.23659
1111.2	0.2275
1111.4	0.21776
1111.6	0.20946
1111.8	0.20016
1112.0	0.19388
1112.2	0.18597
1112.4	0.17876
1112.6	0.17174
1112.8	0.1657
1113.0	0.15797
1113.2	0.15323
1113.4	0.14741
1113.6	0.14341
1113.8	0.13863
1114.0	0.13336
1114.2	0.12917
1114.4	0.12536
1114.6	0.12127
1114.8	0.11705
1115.0	0.11376
1115.2	0.10978
1115.4	0.10696
1115.6	0.10265
1115.8	0.1007
1116.0	0.09767
1116.2	0.09572
1116.4	0.0928
1116.6	0.08999
1116.8	0.08785
1117.0	0.0864
1117.2	0.08324
1117.4	0.0821
1117.6	0.08011
1117.8	0.07819
1118.0	0.07696
1118.2	0.07501
1118.4	0.07356
1118.6	0.0724
1118.8	0.07125
1119.0	0.06998
1119.2	0.06822
1119.4	0.06737
1119.6	0.06675
1119.8	0.06543
1120.0	0.0644
1120.2	0.06317
1120.4	0.06271
1120.6	0.06152
1120.8	0.06108
1121.0	0.05842
1121.2	0.05784
1121.4	0.05727
1121.6	0.0567
1121.8	0.05614
1122.0	0.05559
1122.2	0.05521
1122.4	0.05483
1122.6	0.05446
1122.8	0.05409
1123.0	0.05373
1123.2	0.05351
1123.4	0.05329
1123.6	0.05307
1123.8	0.05285
1124.0	0.05264
1124.2	0.05263
1124.4	0.05262
1124.6	0.05261
1124.8	0.0526
1125.0	0.0526
1125.2	0.05276
1125.4	0.05292
1125.6	0.05308
1125.8	0.05324
1126.0	0.05342
1126.2	0.0538
1126.4	0.05418
1126.6	0.05457
1126.8	0.05496
1127.0	0.05535
1127.2	0.05599
1127.4	0.05664
1127.6	0.0573
1127.8	0.05797
1128.0	0.05865
1128.2	0.05958
1128.4	0.06053
1128.6	0.06149
1128.8	0.06247
1129.0	0.06347
1129.2	0.06478
1129.4	0.06612
1129.6	0.06748
1129.8	0.06888
1130.0	0.07031
1130.2	0.07213
1130.4	0.074
1130.6	0.07591
1130.8	0.07787
1131.0	0.0799
1131.2	0.08272
1131.4	0.08563
1131.6	0.08865
1131.8	0.09177
1132.0	0.09501
1132.2	0.09907
1132.4	0.1033
1132.6	0.10772
1132.8	0.11232
1133.0	0.11716
1133.2	0.1232
1133.4	0.12956
1133.6	0.13624
1133.8	0.14327
1134.0	0.15068
1134.2	0.15932
1134.4	0.16844
1134.6	0.17809
1134.8	0.18829
1135.0	0.19919
1135.2	0.21326
1135.4	0.22833
1135.6	0.24446
1135.8	0.26173
1136.0	0.28029
1136.2	0.30237
1136.4	0.32619
1136.6	0.35188
1136.8	0.3796
1137.0	0.40937
1137.2	0.43189
1137.4	0.45566
1137.6	0.48073
1137.8	0.50718
1138.0	0.53361
1138.2	0.5296
1138.4	0.52561
1138.6	0.52166
1138.8	0.51773
1139.0	0.51321
1139.2	0.47937
1139.4	0.44776
1139.6	0.41823
1139.8	0.39066
1140.0	0.36449
1140.2	0.33296
1140.4	0.30415
1140.6	0.27784
1140.8	0.2538
1141.0	0.23186
1141.2	0.21214
1141.4	0.1941
1141.6	0.1776
1141.8	0.1625
1142.0	0.14872
1142.2	0.1372
1142.4	0.12658
1142.6	0.11678
1142.8	0.10774
1143.0	0.0994
1143.2	0.09216
1143.4	0.08545
1143.6	0.07923
1143.8	0.07346
1144.0	0.06817
1144.2	0.06445
1144.4	0.06093
1144.6	0.0576
1144.8	0.05445
1145.0	0.05148
1145.2	0.04885
1145.4	0.04636
1145.6	0.04399
1145.8	0.04174
1146.0	0.03961
1146.2	0.03764
1146.4	0.03577
1146.6	0.03399
1146.8	0.0323
1147.0	0.03071
1147.2	0.02946
1147.4	0.02826
1147.6	0.02711
1147.8	0.026
1148.0	0.02495
1148.2	0.02412
1148.4	0.02331
1148.6	0.02253
1148.8	0.02178
1149.0	0.02105
1149.2	0.02038
1149.4	0.01973
1149.6	0.0191
1149.8	0.01849
1150.0	0.0179
1150.2	0.01733
1150.4	0.01677
1150.6	0.01624
1150.8	0.01572
1151.0	0.01522
1151.2	0.01489
1151.4	0.01457
1151.6	0.01426
1151.8	0.01395
1152.0	0.01365
1152.2	0.01335
1152.4	0.01305
1152.6	0.01276
1152.8	0.01247
1153.0	0.0122
1153.2	0.01195
1153.4	0.0117
1153.6	0.01146
1153.8	0.01123
1154.0	0.011
1154.2	0.01086
1154.4	0.01071
1154.6	0.01057
1154.8	0.01043
1155.0	0.01029
1155.2	0.01014
1155.4	0.01
1155.6	0.00986
1155.8	0.00972
1156.0	0.00958
1156.2	0.00945
1156.4	0.00932
1156.6	0.00919
1156.8	0.00907
1157.0	0.00895
1157.2	0.0089
1157.4	0.00885
1157.6	0.0088
1157.8	0.00875
1158.0	0.0087
1158.2	0.00863
1158.4	0.00856
1158.6	0.00849
1158.8	0.00841
1159.0	0.00834
1159.2	0.00831
1159.4	0.00828
1159.6	0.00825
1159.8	0.00822
1160.0	0.00819
1160.2	0.00819
1160.4	0.00819
1160.6	0.00819
1160.8	0.00819
1161.0	0.00819
1161.2	0.00817
1161.4	0.00814
1161.6	0.00812
1161.8	0.0081
1162.0	0.00807
1162.2	0.00812
1162.4	0.00816
1162.6	0.0082
1162.8	0.00824
1163.0	0.00829
1163.2	0.00831
1163.4	0.00833
1163.6	0.00835
1163.8	0.00837
1164.0	0.00839
1164.2	0.00847
1164.4	0.00855
1164.6	0.00862
1164.8	0.0087
1165.0	0.00878
1165.2	0.00886
1165.4	0.00894
1165.6	0.00902
1165.8	0.0091
1166.0	0.00919
1166.2	0.00931
1166.4	0.00943
1166.6	0.00955
1166.8	0.00967
1167.0	0.0098
1167.2	0.00996
1167.4	0.01013
1167.6	0.0103
1167.8	0.01048
1168.0	0.01066
1168.2	0.01083
1168.4	0.01102
1168.6	0.0112
1168.8	0.01139
1169.0	0.01158
1169.2	0.01182
1169.4	0.01207
1169.6	0.01232
1169.8	0.01258
1170.0	0.01285
1170.2	0.01315
1170.4	0.01346
1170.6	0.01378
1170.8	0.0141
1171.0	0.01444
1171.2	0.01485
1171.4	0.01527
1171.6	0.0157
1171.8	0.01615
1172.0	0.01661
1172.2	0.01714
1172.4	0.01768
1172.6	0.01824
1172.8	0.01881
1173.0	0.01941
1173.2	0.02009
1173.4	0.02079
1173.6	0.02152
1173.8	0.02228
1174.0	0.02307
1174.2	0.02405
1174.4	0.02508
1174.6	0.02615
1174.8	0.02726
1175.0	0.02842
1175.2	0.02967
1175.4	0.03097
1175.6	0.03232
1175.8	0.03373
1176.0	0.03522
1176.2	0.037
1176.4	0.03887
1176.6	0.04083
1176.8	0.04289
1177.0	0.04506
1177.2	0.04747
1177.4	0.05
1177.6	0.05267
1177.8	0.05548
1178.0	0.05843
1178.2	0.06157
1178.4	0.06487
1178.6	0.06835
1178.8	0.07201
1179.0	0.07587
1179.2	0.07989
1179.4	0.08413
1179.6	0.0886
1179.8	0.0933
1180.0	0.09818
1180.2	0.10134
1180.4	0.10461
1180.6	0.10798
1180.8	0.11146
1181.0	0.11495
1181.2	0.11647
1181.4	0.11801
1181.6	0.11957
1181.8	0.12115
1182.0	0.1227
1182.2	0.1206
1182.4	0.11853
1182.6	0.1165
1182.8	0.11451
1183.0	0.11248
1183.2	0.10827
1183.4	0.10422
1183.6	0.10033
1183.8	0.09658
1184.0	0.09295
1184.2	0.08915
1184.4	0.08551
1184.6	0.08202
1184.8	0.07866
1185.0	0.07544
1185.2	0.07173
1185.4	0.0682
1185.6	0.06485
1185.8	0.06166
1186.0	0.05864
1186.2	0.05621
1186.4	0.05388
1186.6	0.05164
1186.8	0.0495
1187.0	0.04745
1187.2	0.04564
1187.4	0.0439
1187.6	0.04222
1187.8	0.04061
1188.0	0.03906
1188.2	0.03761
1188.4	0.03621
1188.6	0.03487
1188.8	0.03357
1189.0	0.03234
1189.2	0.03153
1189.4	0.03073
1189.6	0.02996
1189.8	0.02921
1190.0	0.02847
1190.2	0.02771
1190.4	0.02697
1190.6	0.02625
1190.8	0.02555
1191.0	0.02487
1191.2	0.02432
1191.4	0.02378
1191.6	0.02325
1191.8	0.02273
1192.0	0.02224
1192.2	0.02199
1192.4	0.02174
1192.6	0.02149
1192.8	0.02125
1193.0	0.02101
1193.2	0.02072
1193.4	0.02043
1193.6	0.02014
1193.8	0.01986
1194.0	0.01959
1194.2	0.0194
1194.4	0.01921
1194.6	0.01903
1194.8	0.01884
1195.0	0.01867
1195.2	0.01866
1195.4	0.01865
1195.6	0.01864
1195.8	0.01864
1196.0	0.01863
1196.2	0.01858
1196.4	0.01852
1196.6	0.01847
1196.8	0.01842
1197.0	0.01837
1197.2	0.01842
1197.4	0.01846
1197.6	0.01851
1197.8	0.01856
1198.0	0.01861
1198.2	0.01885
1198.4	0.01909
1198.6	0.01934
1198.8	0.01959
1199.0	0.01984
1199.2	0.02008
1199.4	0.02031
1199.6	0.02055
1199.8	0.02079
1200.0	0.02103
