250	55.70766174
251	54.50651358
252	53.61890042
253	53.17288585
254	53.55266063
255	53.66306028
256	54.55950541
257	55.22631928
258	56.07418856
259	57.07220137
260	57.67277545
261	58.93133142
262	59.56723338
263	60.58732612
264	61.46610731
265	62.24332082
266	62.26540075
267	61.77522632
268	60.66681387
269	58.01280636
270	54.73172886
271	50.92073305
272	46.79620225
273	43.01170236
274	39.58489733
275	36.68359461
276	34.21461691
277	32.20534334
278	30.52329433
279	29.26473835
280	27.7191433
281	26.47383528
282	25.2815191
283	24.42481784
284	23.63435637
285	23.25899757
286	23.2192537
287	23.42680503
288	23.64318834
289	23.83307573
290	24.29675425
291	24.39390594
292	24.4998896
293	24.57496136
294	24.70302495
295	24.67211305
296	24.77368072
297	24.74276882
298	24.83992051
299	24.89732833
300	25.06955178
301	25.36983882
302	25.73636564
303	26.17354824
304	26.72996246
305	27.41002429
306	28.17840583
307	29.03952307
308	30.10333407
309	31.22102009
310	32.52329433
311	34.07816295
312	35.75182159
313	37.58445573
314	39.62905719
315	41.76197836
316	43.90328991
317	46.1249724
318	48.57142857
319	50.91190108
320	53.33186134
321	55.65025392
322	58.02605432
323	60.3444469
324	62.69816737
325	64.97681607
326	67.13623316
327	69.27798631
328	71.33141974
329	73.79553985
330	75.58843012
331	77.27533672
332	79.04173107
333	80.68447781
334	82.00927357
335	83.50629278
336	84.61470523
337	85.92625304
338	87.01700155
339	88.23139766
340	89.13225878
341	90.0640318
342	91.17686023
343	91.9673217
344	92.85493486
345	93.71605211
346	94.47560168
347	95.10708766
348	95.85780526
349	96.48929123
350	97.0942813
351	97.54029587
352	97.98631044
353	98.48531685
354	98.7811879
355	99.17862663
356	99.48774564
357	99.74828881
358	99.92934423
359	100
360	99.82336057
361	99.56723338
362	99.27577832
363	98.74144403
364	98.02163833
365	97.16935306
366	96.14926032
367	94.85537646
368	93.72046809
369	92.13512917
370	90.73084566
371	89.12784279
372	87.35261647
373	85.45374255
374	83.77125193
375	81.75756238
376	79.82336057
377	77.6551115
378	75.55751822
379	73.23029366
380	71.1547803
381	68.71274012
382	66.16030029
383	63.55928461
384	60.54316626
385	57.01479355
386	53.98984323
387	50.95164495
388	47.77655112
389	44.65003312
390	41.5009936
391	38.39258114
392	35.22190329
393	32.2499448
394	29.33097814
395	26.51799514
396	23.9699713
397	21.55442703
398	19.26253036
399	17.1251932
400	15.23515125
401	13.42901303
402	11.88341797
403	10.35990285
404	9.043939059
405	7.904614705
406	6.888937955
407	5.935085008
408	5.065135792
409	4.44689777
410	3.850739678
411	3.241333628
412	2.879222786
413	2.495032016
414	2.132921175
415	1.810554206
416	1.558843012
417	1.338043718
418	1.103996467
419	0.918525061
420	0.759549569
421	0.675645838
422	0.587326121
423	0.529918304
424	0.48134246
425	0.35327887
426	0.33119894
427	0.251711195
428	0.216383308
429	0.154559505
430	0.132479576
431	0.105983661
432	0.035327887
433	0.004415986
