Typical Measured Spectrum of Semrock FF01-405/10 Optical Filter
For wavelengths between 320 and 1120 nm, values near or below 3e-7 (Optical Density 6.5) are measurement noise limited.
For wavelengths < 320 nm and > 1120 nm, values near or below 3e-6 (Optical Density 5.5) are measurement noise limited. 
Data format:  Wavelength (nm) <tab> Transmission (0 to 1)
345.0	8.7688e-07
345.2	8.4824e-07
345.4	8.2054e-07
345.6	7.9374e-07
345.8	7.6782e-07
346.0	7.4274e-07
346.2	7.1848e-07
346.4	6.9502e-07
346.6	6.7232e-07
346.8	6.5036e-07
347.0	6.2912e-07
347.2	6.0858e-07
347.4	5.887e-07
347.6	5.6947e-07
347.8	5.5088e-07
348.0	5.1646e-07
348.2	4.8099e-07
348.4	4.4796e-07
348.6	4.172e-07
348.8	3.8855e-07
349.0	3.6187e-07
349.2	3.3701e-07
349.4	3.1387e-07
349.6	2.9232e-07
349.8	2.7224e-07
350.0	2.5355e-07
350.2	2.3613e-07
350.4	2.1992e-07
350.6	2.0481e-07
350.8	1.9075e-07
351.0	1.7765e-07
351.2	1.6545e-07
351.4	1.5409e-07
351.6	1.4351e-07
351.8	1.3365e-07
352.0	1.4101e-07
352.2	1.6773e-07
352.4	1.9951e-07
352.6	2.373e-07
352.8	2.8226e-07
353.0	3.3574e-07
353.2	3.9935e-07
353.4	4.7501e-07
353.6	5.65e-07
353.8	6.7205e-07
354.0	7.9937e-07
354.2	9.5082e-07
354.4	1.131e-06
354.6	1.3452e-06
354.8	1.6001e-06
355.0	1.9032e-06
355.2	1.9433e-06
355.4	1.9843e-06
355.6	2.0261e-06
355.8	2.0688e-06
356.0	2.1124e-06
356.2	2.1569e-06
356.4	2.2023e-06
356.6	2.2487e-06
356.8	2.2961e-06
357.0	2.3445e-06
357.2	2.3939e-06
357.4	2.4443e-06
357.6	2.4958e-06
357.8	2.5484e-06
358.0	2.634e-06
358.2	2.7297e-06
358.4	2.829e-06
358.6	2.9318e-06
358.8	3.0384e-06
359.0	3.1488e-06
359.2	3.2633e-06
359.4	3.382e-06
359.6	3.5049e-06
359.8	3.6323e-06
360.0	3.7644e-06
360.2	3.9012e-06
360.4	4.043e-06
360.6	4.19e-06
360.8	4.3424e-06
361.0	4.5002e-06
361.2	4.6638e-06
361.4	4.8334e-06
361.6	5.0091e-06
361.8	5.1912e-06
362.0	5.0543e-06
362.2	4.64e-06
362.4	4.2597e-06
362.6	3.9106e-06
362.8	3.5901e-06
363.0	3.2959e-06
363.2	3.0257e-06
363.4	2.7777e-06
363.6	2.5501e-06
363.8	2.3411e-06
364.0	2.1492e-06
364.2	1.973e-06
364.4	1.8113e-06
364.6	1.6629e-06
364.8	1.5266e-06
365.0	1.4015e-06
365.2	1.4135e-06
365.4	1.4257e-06
365.6	1.4379e-06
365.8	1.4503e-06
366.0	1.4628e-06
366.2	1.4753e-06
366.4	1.488e-06
366.6	1.5008e-06
366.8	1.5137e-06
367.0	1.5267e-06
367.2	1.5398e-06
367.4	1.5531e-06
367.6	1.5664e-06
367.8	1.5799e-06
368.0	1.5935e-06
368.2	1.6072e-06
368.4	1.621e-06
368.6	1.6349e-06
368.8	1.649e-06
369.0	1.6632e-06
369.2	1.6549e-06
369.4	1.6467e-06
369.6	1.6384e-06
369.8	1.6302e-06
370.0	1.622e-06
370.2	1.6139e-06
370.4	1.6058e-06
370.6	1.5978e-06
370.8	1.5898e-06
371.0	1.5818e-06
371.2	1.5739e-06
371.4	1.566e-06
371.6	1.5582e-06
371.8	1.5504e-06
372.0	1.5426e-06
372.2	1.5349e-06
372.4	1.5272e-06
372.6	1.5392e-06
372.8	1.5913e-06
373.0	1.6451e-06
373.2	1.7008e-06
373.4	1.7583e-06
373.6	1.8178e-06
373.8	1.8793e-06
374.0	1.9429e-06
374.2	2.0086e-06
374.4	2.0766e-06
374.6	2.1468e-06
374.8	2.2195e-06
375.0	2.2946e-06
375.2	2.3722e-06
375.4	2.4525e-06
375.6	2.5355e-06
375.8	2.6212e-06
376.0	2.7099e-06
376.2	2.8096e-06
376.4	2.9145e-06
376.6	3.0233e-06
376.8	3.1362e-06
377.0	3.2533e-06
377.2	3.3748e-06
377.4	3.5008e-06
377.6	3.6316e-06
377.8	3.7672e-06
378.0	3.9078e-06
378.2	4.0538e-06
378.4	4.2051e-06
378.6	4.3622e-06
378.8	4.5251e-06
379.0	4.694e-06
379.2	4.8693e-06
379.4	5.0511e-06
379.6	5.2397e-06
379.8	5.4354e-06
380.0	5.6384e-06
380.2	4.0944e-06
380.4	2.816e-06
380.6	3.2061e-06
380.8	3.8366e-06
381.0	4.0168e-06
381.2	5.6229e-06
381.4	5.6135e-06
381.6	7.5817e-06
381.8	7.5766e-06
382.0	7.3993e-06
382.2	8.0108e-06
382.4	9.9644e-06
382.6	8.8682e-06
382.8	7.5311e-06
383.0	5.1066e-06
383.2	5.2121e-06
383.4	5.6972e-06
383.6	5.052e-06
383.8	4.0357e-06
384.0	3.0153e-06
384.2	3.8195e-06
384.4	3.0656e-06
384.6	3.3976e-06
384.8	6.4367e-06
385.0	6.1661e-06
385.2	7.6414e-06
385.4	8.8026e-06
385.6	8.7681e-06
385.8	7.4947e-06
386.0	7.0426e-06
386.2	8.0188e-06
386.4	8.2143e-06
386.6	8.9122e-06
386.8	9.8108e-06
387.0	1.0505e-05
387.2	1.0123e-05
387.4	8.8658e-06
387.6	8.2213e-06
387.8	6.9407e-06
388.0	6.9456e-06
388.2	7.1514e-06
388.4	7.182e-06
388.6	9.4269e-06
388.8	1.265e-05
389.0	1.4722e-05
389.2	1.3023e-05
389.4	1.032e-05
389.6	8.2801e-06
389.8	7.41e-06
390.0	4.2732e-06
390.2	1.9565e-06
390.4	3.3905e-06
390.6	1.573e-06
390.8	1.0584e-06
391.0	2.5111e-06
391.2	1.627e-06
391.4	1.8504e-06
391.6	1.2202e-06
391.8	1.6463e-06
392.0	1.5944e-06
392.2	1.1809e-06
392.4	1.8608e-06
392.6	2.3291e-06
392.8	3.7329e-06
393.0	5.3689e-06
393.2	6.6353e-06
393.4	8.1002e-06
393.6	1.0217e-05
393.8	1.457e-05
394.0	1.7886e-05
394.2	2.0606e-05
394.4	2.356e-05
394.6	2.7092e-05
394.8	3.1124e-05
395.0	3.7486e-05
395.2	4.3996e-05
395.4	5.7139e-05
395.6	7.8195e-05
395.8	1.0644e-04
396.0	1.5243e-04
396.2	2.3624e-04
396.4	3.6936e-04
396.6	6.2358e-04
396.8	0.00113
397.0	0.00221
397.2	0.00506
397.4	0.01088
397.6	0.02578
397.8	0.06627
398.0	0.17568
398.2	0.39939
398.4	0.66333
398.6	0.83281
398.8	0.90115
399.0	0.9348
399.2	0.94204
399.4	0.93783
399.6	0.93633
399.8	0.9389
400.0	0.94404
400.2	0.95076
400.4	0.95271
400.6	0.95306
400.8	0.95228
401.0	0.95238
401.2	0.95455
401.4	0.95484
401.6	0.95521
401.8	0.95449
402.0	0.95555
402.2	0.95363
402.4	0.95394
402.6	0.9556
402.8	0.95664
403.0	0.95579
403.2	0.95598
403.4	0.95362
403.6	0.95413
403.8	0.95571
404.0	0.95501
404.2	0.95536
404.4	0.95341
404.6	0.95193
404.8	0.94943
405.0	0.94729
405.2	0.94459
405.4	0.94441
405.6	0.94596
405.8	0.94863
406.0	0.95107
406.2	0.95354
406.4	0.95392
406.6	0.95501
406.8	0.95537
407.0	0.95366
407.2	0.95398
407.4	0.9535
407.6	0.95299
407.8	0.9528
408.0	0.95143
408.2	0.95174
408.4	0.94851
408.6	0.94696
408.8	0.94383
409.0	0.94061
409.2	0.93694
409.4	0.93432
409.6	0.93529
409.8	0.93674
410.0	0.94025
410.2	0.94177
410.4	0.9419
410.6	0.9387
410.8	0.93284
411.0	0.9287
411.2	0.9307
411.4	0.93916
411.6	0.90914
411.8	0.76427
412.0	0.51233
412.2	0.28469
412.4	0.14548
412.6	0.07505
412.8	0.04084
413.0	0.02217
413.2	0.01292
413.4	0.00783
413.6	0.0049
413.8	0.00311
414.0	0.00194
414.2	0.00123
414.4	6.4563e-04
414.6	3.6746e-04
414.8	2.242e-04
415.0	1.3888e-04
415.2	8.858e-05
415.4	5.8429e-05
415.6	3.8125e-05
415.8	2.4665e-05
416.0	1.6991e-05
416.2	1.2219e-05
416.4	7.8289e-06
416.6	6.2015e-06
416.8	5.2656e-06
417.0	4.3347e-06
417.2	3.2709e-06
417.4	2.5401e-06
417.6	1.6662e-06
417.8	2.1865e-06
418.0	1.8376e-06
418.2	1.4461e-06
418.4	1.3463e-06
418.6	1.2605e-06
418.8	1.1262e-06
419.0	1.4993e-06
419.2	2.0109e-06
419.4	1.9377e-06
419.6	1.681e-06
419.8	2.1564e-06
420.0	2.3791e-06
420.2	2.1839e-06
420.4	2.2073e-06
420.6	2.8159e-06
420.8	1.7514e-06
421.0	1.032e-06
421.2	1.5315e-06
421.4	1.4316e-06
421.6	1.5501e-06
421.8	1.1335e-06
422.0	8.7765e-07
422.2	1.0449e-06
422.4	1.1732e-06
422.6	8.7971e-07
422.8	1.6565e-06
423.0	1.7899e-06
423.2	3.0655e-06
423.4	3.6792e-06
423.6	3.6869e-06
423.8	2.6045e-06
424.0	2.107e-06
424.2	1.1705e-06
424.4	1.2773e-06
424.6	5.9605e-07
424.8	3.7046e-07
425.0	8.0636e-07
425.2	1.9254e-07
425.4	6.2804e-07
425.6	6.3126e-07
425.8	1.4286e-06
426.0	2.0341e-07
426.2	8.418e-07
426.4	8.965e-07
426.6	1.7954e-06
426.8	2.4115e-06
427.0	3.8839e-06
427.2	3.4487e-06
427.4	2.381e-06
427.6	1.6299e-06
427.8	5.2812e-07
428.0	5.5159e-07
428.2	5.7792e-07
428.4	6.0551e-07
428.6	6.3441e-07
428.8	6.647e-07
429.0	6.9643e-07
429.2	7.2967e-07
429.4	7.645e-07
429.6	8.01e-07
429.8	8.3923e-07
430.0	8.7929e-07
430.2	9.2127e-07
430.4	9.6525e-07
430.6	1.0113e-06
430.8	1.0596e-06
431.0	1.1102e-06
431.2	1.1504e-06
431.4	1.191e-06
431.6	1.233e-06
431.8	1.2764e-06
432.0	1.3214e-06
432.2	1.368e-06
432.4	1.4162e-06
432.6	1.4662e-06
432.8	1.5179e-06
433.0	1.5714e-06
433.2	1.6268e-06
433.4	1.6841e-06
433.6	1.7435e-06
433.8	1.805e-06
434.0	1.8686e-06
434.2	1.9345e-06
434.4	2.0027e-06
434.6	2.0733e-06
434.8	2.1464e-06
435.0	2.222e-06
435.2	2.1971e-06
435.4	2.129e-06
435.6	2.063e-06
435.8	1.9991e-06
436.0	1.9372e-06
436.2	1.8772e-06
436.4	1.819e-06
436.6	1.7627e-06
436.8	1.7081e-06
437.0	1.6552e-06
437.2	1.6039e-06
437.4	1.5542e-06
437.6	1.5061e-06
437.8	1.4594e-06
438.0	1.4142e-06
438.2	1.3601e-06
438.4	1.3081e-06
438.6	1.2581e-06
438.8	1.21e-06
439.0	1.1638e-06
439.2	1.1193e-06
439.4	1.0765e-06
439.6	1.0354e-06
439.8	9.9577e-07
440.0	9.5771e-07
440.2	9.211e-07
440.4	8.8588e-07
440.6	8.5202e-07
440.8	8.1945e-07
441.0	7.8812e-07
441.2	7.8069e-07
441.4	7.7518e-07
441.6	7.6971e-07
441.8	7.6427e-07
442.0	7.5888e-07
442.2	7.5352e-07
442.4	7.482e-07
442.6	7.4292e-07
442.8	7.3768e-07
443.0	7.3247e-07
443.2	7.273e-07
443.4	7.2217e-07
443.6	7.1707e-07
443.8	7.1201e-07
444.0	7.0698e-07
444.2	7.0199e-07
444.4	6.9703e-07
444.6	6.9211e-07
444.8	6.8723e-07
445.0	6.8238e-07
445.2	6.4028e-07
445.4	5.8704e-07
445.6	5.3823e-07
445.8	4.9348e-07
446.0	4.5245e-07
446.2	4.1484e-07
446.4	3.8035e-07
446.6	3.4872e-07
446.8	3.1973e-07
447.0	2.9315e-07
447.2	2.6877e-07
447.4	2.4643e-07
447.6	2.2594e-07
447.8	2.0715e-07
448.0	1.8993e-07
448.2	1.8674e-07
448.4	1.8359e-07
448.6	1.8051e-07
448.8	1.7747e-07
449.0	1.7448e-07
449.2	1.7155e-07
449.4	1.6866e-07
449.6	1.6582e-07
449.8	1.6303e-07
450.0	1.6029e-07
450.2	1.5759e-07
450.4	1.5494e-07
450.6	1.5234e-07
450.8	1.4977e-07
451.0	1.4725e-07
451.2	1.4781e-07
451.4	1.4864e-07
451.6	1.4948e-07
451.8	1.5032e-07
452.0	1.5116e-07
452.2	1.5201e-07
452.4	1.5286e-07
452.6	1.5372e-07
452.8	1.5459e-07
453.0	1.5545e-07
453.2	1.5633e-07
453.4	1.572e-07
453.6	1.5809e-07
453.8	1.5898e-07
454.0	1.5987e-07
454.2	1.6077e-07
454.4	1.6167e-07
454.6	1.6258e-07
454.8	1.6349e-07
455.0	1.6441e-07
455.2	1.5987e-07
455.4	1.5343e-07
455.6	1.4725e-07
455.8	1.4132e-07
456.0	1.3564e-07
456.2	1.3018e-07
456.4	1.2493e-07
456.6	1.1991e-07
456.8	1.1508e-07
457.0	1.1045e-07
457.2	1.06e-07
457.4	1.0173e-07
457.6	9.7636e-08
457.8	9.3706e-08
458.0	8.9933e-08
458.2	9.128e-08
458.4	9.2647e-08
458.6	9.4034e-08
458.8	9.5442e-08
459.0	9.6871e-08
459.2	9.8321e-08
459.4	9.9793e-08
459.6	1.0129e-07
459.8	1.028e-07
460.0	1.0434e-07
460.2	1.0591e-07
460.4	1.0749e-07
460.6	1.091e-07
460.8	1.1073e-07
461.0	1.1239e-07
461.2	1.0882e-07
461.4	1.0488e-07
461.6	1.0107e-07
461.8	9.7407e-08
462.0	9.3875e-08
462.2	9.047e-08
462.4	8.7189e-08
462.6	8.4027e-08
462.8	8.098e-08
463.0	7.8043e-08
463.2	7.5213e-08
463.4	7.2485e-08
463.6	6.9857e-08
463.8	6.7323e-08
464.0	6.4882e-08
464.2	6.2529e-08
464.4	6.0261e-08
464.6	5.8076e-08
464.8	5.597e-08
465.0	5.394e-08
465.2	5.0529e-08
465.4	4.6813e-08
465.6	4.3371e-08
465.8	4.0182e-08
466.0	3.7227e-08
466.2	3.449e-08
466.4	3.1954e-08
466.6	2.9604e-08
466.8	2.7427e-08
467.0	2.5411e-08
467.2	2.3542e-08
467.4	2.1811e-08
467.6	2.0207e-08
467.8	1.8721e-08
468.0	1.7345e-08
468.2	1.9481e-08
468.4	2.188e-08
468.6	2.4574e-08
468.8	2.76e-08
469.0	3.0999e-08
469.2	3.4817e-08
469.4	3.9104e-08
469.6	4.392e-08
469.8	4.9328e-08
470.0	5.5403e-08
470.2	6.2225e-08
470.4	6.9888e-08
470.6	7.8495e-08
470.8	8.8161e-08
471.0	9.9018e-08
471.2	9.1263e-08
471.4	8.2584e-08
471.6	7.4731e-08
471.8	6.7625e-08
472.0	6.1194e-08
472.2	5.5375e-08
472.4	5.0109e-08
472.6	4.5344e-08
472.8	4.1032e-08
473.0	3.7131e-08
473.2	3.36e-08
473.4	3.0405e-08
473.6	2.7513e-08
473.8	2.4897e-08
474.0	2.253e-08
474.2	2.0387e-08
474.4	1.8449e-08
474.6	1.6694e-08
474.8	1.5107e-08
475.0	1.367e-08
475.2	1.3893e-08
475.4	1.4708e-08
475.6	1.5571e-08
475.8	1.6484e-08
476.0	1.7451e-08
476.2	1.8474e-08
476.4	1.9557e-08
476.6	2.0704e-08
476.8	2.1919e-08
477.0	2.3204e-08
477.2	2.4565e-08
477.4	2.6006e-08
477.6	2.7531e-08
477.8	2.9145e-08
478.0	3.0854e-08
478.2	3.2664e-08
478.4	3.458e-08
478.6	3.6608e-08
478.8	3.823e-08
479.0	3.965e-08
479.2	4.1123e-08
479.4	4.2651e-08
479.6	4.4236e-08
479.8	4.588e-08
480.0	4.7584e-08
480.2	4.9353e-08
480.4	5.1186e-08
480.6	5.3088e-08
480.8	5.5061e-08
481.0	5.7107e-08
481.2	5.9229e-08
481.4	6.1429e-08
481.6	6.3712e-08
481.8	6.6079e-08
482.0	6.8534e-08
482.2	6.8989e-08
482.4	6.9178e-08
482.6	6.9368e-08
482.8	6.9558e-08
483.0	6.9749e-08
483.2	6.994e-08
483.4	7.0131e-08
483.6	7.0323e-08
483.8	7.0516e-08
484.0	7.0709e-08
484.2	7.0903e-08
484.4	7.1097e-08
484.6	7.1292e-08
484.8	7.1487e-08
485.0	7.1683e-08
485.2	7.188e-08
485.4	7.2077e-08
485.6	7.2274e-08
485.8	7.2472e-08
486.0	7.2671e-08
486.2	6.8958e-08
486.4	6.4079e-08
486.6	5.9545e-08
486.8	5.5332e-08
487.0	5.1418e-08
487.2	4.778e-08
487.4	4.4399e-08
487.6	4.1258e-08
487.8	3.8339e-08
488.0	3.5626e-08
488.2	3.9234e-08
488.4	4.3207e-08
488.6	4.7582e-08
488.8	5.24e-08
489.0	5.7707e-08
489.2	6.355e-08
489.4	6.9985e-08
489.6	7.7072e-08
489.8	8.4876e-08
490.0	9.3471e-08
490.2	1.0014e-07
490.4	1.0061e-07
490.6	1.0108e-07
490.8	1.0155e-07
491.0	1.0202e-07
491.2	1.025e-07
491.4	1.0298e-07
491.6	1.0346e-07
491.8	1.0394e-07
492.0	1.0443e-07
492.2	1.0492e-07
492.4	1.0541e-07
492.6	1.059e-07
492.8	1.064e-07
493.0	1.0689e-07
493.2	1.0739e-07
493.4	1.0789e-07
493.6	1.084e-07
493.8	1.089e-07
494.0	1.0941e-07
494.2	1.1035e-07
494.4	1.1301e-07
494.6	1.1574e-07
494.8	1.1854e-07
495.0	1.214e-07
495.2	1.2433e-07
495.4	1.2734e-07
495.6	1.3041e-07
495.8	1.3356e-07
496.0	1.3679e-07
496.2	1.4009e-07
496.4	1.4347e-07
496.6	1.4694e-07
496.8	1.5049e-07
497.0	1.5412e-07
497.2	1.5785e-07
497.4	1.6166e-07
497.6	1.6556e-07
497.8	1.6956e-07
498.0	1.7366e-07
498.2	1.7688e-07
498.4	1.7234e-07
498.6	1.6792e-07
498.8	1.6362e-07
499.0	1.5942e-07
499.2	1.5533e-07
499.4	1.5135e-07
499.6	1.4747e-07
499.8	1.4369e-07
500.0	1.4e-07
500.2	1.3493e-07
500.4	1.3004e-07
500.6	1.2533e-07
500.8	1.208e-07
501.0	1.1642e-07
501.2	1.1221e-07
501.4	1.0814e-07
501.6	1.0423e-07
501.8	1.0045e-07
502.0	9.6813e-08
502.2	9.3307e-08
502.4	8.9928e-08
502.6	8.6671e-08
502.8	8.3532e-08
503.0	8.2709e-08
503.2	8.4373e-08
503.4	8.607e-08
503.6	8.7801e-08
503.8	8.9567e-08
504.0	9.1368e-08
504.2	9.3206e-08
504.4	9.5081e-08
504.6	9.6993e-08
504.8	9.8944e-08
505.0	1.0093e-07
505.2	1.0296e-07
505.4	1.0504e-07
505.6	1.0715e-07
505.8	1.093e-07
506.0	1.115e-07
506.2	1.1374e-07
506.4	1.1603e-07
506.6	1.1837e-07
506.8	1.2075e-07
507.0	1.2213e-07
507.2	1.214e-07
507.4	1.2067e-07
507.6	1.1995e-07
507.8	1.1923e-07
508.0	1.1852e-07
508.2	1.1781e-07
508.4	1.171e-07
508.6	1.164e-07
508.8	1.1571e-07
509.0	1.1501e-07
509.2	1.1433e-07
509.4	1.1364e-07
509.6	1.1296e-07
509.8	1.1229e-07
510.0	1.1161e-07
510.2	1.1095e-07
510.4	1.1028e-07
510.6	1.0962e-07
510.8	1.0897e-07
511.0	1.1032e-07
511.2	1.2051e-07
511.4	1.3163e-07
511.6	1.4378e-07
511.8	1.5705e-07
512.0	1.7154e-07
512.2	1.8737e-07
512.4	2.0466e-07
512.6	2.2355e-07
512.8	2.4419e-07
513.0	2.6672e-07
513.2	2.9134e-07
513.4	3.1823e-07
513.6	3.476e-07
513.8	3.7968e-07
514.0	4.1472e-07
514.2	4.5299e-07
514.4	4.948e-07
514.6	5.4047e-07
514.8	5.9035e-07
515.0	6.4062e-07
515.2	6.4118e-07
515.4	6.4175e-07
515.6	6.4231e-07
515.8	6.4288e-07
516.0	6.4344e-07
516.2	6.4401e-07
516.4	6.4458e-07
516.6	6.4515e-07
516.8	6.4571e-07
517.0	6.4628e-07
517.2	6.4685e-07
517.4	6.4742e-07
517.6	6.4799e-07
517.8	6.4856e-07
518.0	6.4913e-07
518.2	6.4971e-07
518.4	6.5028e-07
518.6	6.5085e-07
518.8	6.5142e-07
519.0	6.52e-07
519.2	6.6488e-07
519.4	6.7848e-07
519.6	6.9236e-07
519.8	7.0652e-07
520.0	7.2097e-07
520.2	7.3571e-07
520.4	7.5076e-07
520.6	7.6611e-07
520.8	7.8178e-07
521.0	7.9777e-07
521.2	8.1409e-07
521.4	8.3074e-07
521.6	8.4773e-07
521.8	8.6507e-07
522.0	8.8276e-07
522.2	9.0081e-07
522.4	9.1924e-07
522.6	9.3804e-07
522.8	9.5722e-07
523.0	9.768e-07
523.2	1.094e-06
523.4	1.2433e-06
523.6	1.4129e-06
523.8	1.6056e-06
524.0	1.8246e-06
524.2	2.0735e-06
524.4	2.3563e-06
524.6	2.6777e-06
524.8	3.043e-06
525.0	3.4581e-06
525.2	3.9298e-06
525.4	4.4658e-06
525.6	5.075e-06
525.8	5.7673e-06
526.0	6.554e-06
526.2	7.448e-06
526.4	8.4639e-06
526.6	9.6185e-06
526.8	1.0931e-05
527.0	1.2422e-05
527.2	1.1525e-05
527.4	1.0099e-05
527.6	8.8498e-06
527.8	7.7548e-06
528.0	6.7954e-06
528.2	5.9546e-06
528.4	5.2179e-06
528.6	4.5723e-06
528.8	4.0066e-06
529.0	3.5109e-06
529.2	3.0765e-06
529.4	2.6959e-06
529.6	2.3623e-06
529.8	2.07e-06
530.0	1.8139e-06
530.2	1.5895e-06
530.4	1.3928e-06
530.6	1.2205e-06
530.8	1.0695e-06
531.0	9.3717e-07
531.2	9.0132e-07
531.4	9.0128e-07
531.6	9.0123e-07
531.8	9.0118e-07
532.0	9.0113e-07
532.2	9.0108e-07
532.4	9.0103e-07
532.6	9.0098e-07
532.8	9.0093e-07
533.0	9.0088e-07
533.2	9.0083e-07
533.4	9.0078e-07
533.6	9.0073e-07
533.8	9.0068e-07
534.0	9.0063e-07
534.2	9.0059e-07
534.4	9.0054e-07
534.6	9.0049e-07
534.8	9.0044e-07
535.0	9.0039e-07
535.2	8.5027e-07
535.4	7.7805e-07
535.6	7.1197e-07
535.8	6.5149e-07
536.0	5.9616e-07
536.2	5.4552e-07
536.4	4.9919e-07
536.6	4.5679e-07
536.8	4.1799e-07
537.0	3.8249e-07
537.2	3.5e-07
537.4	3.2027e-07
537.6	2.9307e-07
537.8	2.6818e-07
538.0	2.454e-07
538.2	2.2455e-07
538.4	2.0548e-07
538.6	1.8803e-07
538.8	1.7206e-07
539.0	1.5744e-07
539.2	1.5314e-07
539.4	1.5528e-07
539.6	1.5745e-07
539.8	1.5964e-07
540.0	1.6187e-07
540.2	1.6413e-07
540.4	1.6642e-07
540.6	1.6874e-07
540.8	1.7109e-07
541.0	1.7348e-07
541.2	1.759e-07
541.4	1.7835e-07
541.6	1.8084e-07
541.8	1.8337e-07
542.0	1.8592e-07
542.2	1.8852e-07
542.4	1.9115e-07
542.6	1.9382e-07
542.8	1.9652e-07
543.0	1.9926e-07
543.2	1.9747e-07
543.4	1.9569e-07
543.6	1.9392e-07
543.8	1.9257e-07
544.0	2.1859e-07
544.2	2.4813e-07
544.4	2.8165e-07
544.6	3.1971e-07
544.8	3.6292e-07
545.0	4.1196e-07
545.2	4.6763e-07
545.4	5.3082e-07
545.6	6.0255e-07
545.8	6.8397e-07
546.0	7.764e-07
546.2	8.8131e-07
546.4	1.0004e-06
546.6	1.1356e-06
546.8	1.289e-06
547.0	1.4632e-06
547.2	1.661e-06
547.4	1.8854e-06
547.6	2.1402e-06
547.8	2.4294e-06
548.0	2.4474e-06
548.2	2.4238e-06
548.4	2.4005e-06
548.6	2.3774e-06
548.8	2.3545e-06
549.0	2.3319e-06
549.2	2.3094e-06
549.4	2.2872e-06
549.6	2.2652e-06
549.8	2.2434e-06
550.0	2.2218e-06
550.2	2.2004e-06
550.4	2.1793e-06
550.6	2.1583e-06
550.8	2.1375e-06
551.0	2.1169e-06
551.2	2.0966e-06
551.4	2.0764e-06
551.6	2.0564e-06
551.8	2.0366e-06
552.0	1.9196e-06
552.2	1.779e-06
552.4	1.6486e-06
552.6	1.5278e-06
552.8	1.4159e-06
553.0	1.3122e-06
553.2	1.216e-06
553.4	1.1269e-06
553.6	1.0443e-06
553.8	9.6782e-07
554.0	8.9691e-07
554.2	8.3119e-07
554.4	7.7029e-07
554.6	7.1385e-07
554.8	6.6155e-07
555.0	6.1308e-07
555.2	5.6816e-07
555.4	5.2653e-07
555.6	4.8795e-07
555.8	4.522e-07
556.0	4.6529e-07
556.2	5.091e-07
556.4	5.5703e-07
556.6	6.0948e-07
556.8	6.6687e-07
557.0	7.2966e-07
557.2	7.9836e-07
557.4	8.7353e-07
557.6	9.5578e-07
557.8	1.0458e-06
558.0	1.1442e-06
558.2	1.252e-06
558.4	1.3699e-06
558.6	1.4988e-06
558.8	1.64e-06
559.0	1.7944e-06
559.2	1.9633e-06
559.4	2.1482e-06
559.6	2.3505e-06
559.8	2.5718e-06
560.0	2.5739e-06
560.2	2.3802e-06
560.4	2.2011e-06
560.6	2.0355e-06
560.8	1.8823e-06
561.0	1.7406e-06
561.2	1.6096e-06
561.4	1.4885e-06
561.6	1.3765e-06
561.8	1.2729e-06
562.0	1.1771e-06
562.2	1.0885e-06
562.4	1.0066e-06
562.6	9.3086e-07
562.8	8.6081e-07
563.0	7.9603e-07
563.2	7.3613e-07
563.4	6.8073e-07
563.6	6.295e-07
563.8	5.8213e-07
564.0	5.4676e-07
564.2	5.2379e-07
564.4	5.0179e-07
564.6	4.8071e-07
564.8	4.6052e-07
565.0	4.4117e-07
565.2	4.2264e-07
565.4	4.0489e-07
565.6	3.8788e-07
565.8	3.7159e-07
566.0	3.5598e-07
566.2	3.4102e-07
566.4	3.267e-07
566.6	3.1298e-07
566.8	2.9983e-07
567.0	2.8723e-07
567.2	2.7517e-07
567.4	2.6361e-07
567.6	2.5254e-07
567.8	2.4193e-07
568.0	2.3175e-07
568.2	2.2196e-07
568.4	2.1259e-07
568.6	2.0361e-07
568.8	1.9501e-07
569.0	1.8678e-07
569.2	1.7889e-07
569.4	1.7133e-07
569.6	1.641e-07
569.8	1.5717e-07
570.0	1.5053e-07
570.2	1.4417e-07
570.4	1.3809e-07
570.6	1.3226e-07
570.8	1.2667e-07
571.0	1.2132e-07
571.2	1.162e-07
571.4	1.1129e-07
571.6	1.0659e-07
571.8	1.0209e-07
572.0	1.0238e-07
572.2	1.1458e-07
572.4	1.2824e-07
572.6	1.4352e-07
572.8	1.6063e-07
573.0	1.7977e-07
573.2	2.012e-07
573.4	2.2518e-07
573.6	2.5202e-07
573.8	2.8206e-07
574.0	3.1569e-07
574.2	3.5331e-07
574.4	3.9543e-07
574.6	4.4256e-07
574.8	4.9531e-07
575.0	5.5435e-07
575.2	6.2042e-07
575.4	6.9437e-07
575.6	7.7714e-07
575.8	8.6977e-07
576.0	9.6481e-07
576.2	1.0405e-06
576.4	1.1221e-06
576.6	1.2101e-06
576.8	1.305e-06
577.0	1.4073e-06
577.2	1.5177e-06
577.4	1.6367e-06
577.6	1.7651e-06
577.8	1.9035e-06
578.0	2.0528e-06
578.2	2.2138e-06
578.4	2.3875e-06
578.6	2.5747e-06
578.8	2.7766e-06
579.0	2.9944e-06
579.2	3.2293e-06
579.4	3.4825e-06
579.6	3.7556e-06
579.8	4.0502e-06
580.0	4.2906e-06
580.2	4.2223e-06
580.4	4.1551e-06
580.6	4.0889e-06
580.8	4.0238e-06
581.0	3.9598e-06
581.2	3.8968e-06
581.4	3.8347e-06
581.6	3.7737e-06
581.8	3.7136e-06
582.0	3.6545e-06
582.2	3.5963e-06
582.4	3.5391e-06
582.6	3.4828e-06
582.8	3.4273e-06
583.0	3.3728e-06
583.2	3.3191e-06
583.4	3.2663e-06
583.6	3.2143e-06
583.8	3.1631e-06
584.0	3.08e-06
584.2	2.8427e-06
584.4	2.6236e-06
584.6	2.4215e-06
584.8	2.2349e-06
585.0	2.0627e-06
585.2	1.9038e-06
585.4	1.7571e-06
585.6	1.6217e-06
585.8	1.4967e-06
586.0	1.3814e-06
586.2	1.275e-06
586.4	1.1767e-06
586.6	1.0861e-06
586.8	1.0024e-06
587.0	9.2515e-07
587.2	8.5386e-07
587.4	7.8807e-07
587.6	7.2735e-07
587.8	6.7131e-07
588.0	6.3401e-07
588.2	6.8218e-07
588.4	7.3401e-07
588.6	7.8978e-07
588.8	8.4979e-07
589.0	9.1436e-07
589.2	9.8383e-07
589.4	1.0586e-06
589.6	1.139e-06
589.8	1.2256e-06
590.0	1.3187e-06
590.2	1.4189e-06
590.4	1.5267e-06
590.6	1.6427e-06
590.8	1.7675e-06
591.0	1.9018e-06
591.2	2.0463e-06
591.4	2.2017e-06
591.6	2.369e-06
591.8	2.549e-06
592.0	2.7251e-06
592.2	2.8044e-06
592.4	2.886e-06
592.6	2.9701e-06
592.8	3.0565e-06
593.0	3.1455e-06
593.2	3.2371e-06
593.4	3.3313e-06
593.6	3.4283e-06
593.8	3.5281e-06
594.0	3.6308e-06
594.2	3.7365e-06
594.4	3.8453e-06
594.6	3.9573e-06
594.8	4.0725e-06
595.0	4.191e-06
595.2	4.3131e-06
595.4	4.4386e-06
595.6	4.5678e-06
595.8	4.7008e-06
596.0	4.8163e-06
596.2	4.8125e-06
596.4	4.8087e-06
596.6	4.8049e-06
596.8	4.8011e-06
597.0	4.7973e-06
597.2	4.7935e-06
597.4	4.7898e-06
597.6	4.786e-06
597.8	4.7822e-06
598.0	4.7784e-06
598.2	4.7746e-06
598.4	4.7709e-06
598.6	4.7671e-06
598.8	4.7633e-06
599.0	4.7596e-06
599.2	4.7558e-06
599.4	4.7521e-06
599.6	4.7483e-06
599.8	4.7445e-06
600.0	4.7219e-06
600.2	4.6086e-06
600.4	4.498e-06
600.6	4.3901e-06
600.8	4.2847e-06
601.0	4.1819e-06
601.2	4.0816e-06
601.4	3.9836e-06
601.6	3.888e-06
601.8	3.7947e-06
602.0	3.7037e-06
602.2	3.6148e-06
602.4	3.5281e-06
602.6	3.4434e-06
602.8	3.3608e-06
603.0	3.2801e-06
603.2	3.2014e-06
603.4	3.1246e-06
603.6	3.0496e-06
603.8	2.9764e-06
604.0	2.9366e-06
604.2	3.0253e-06
604.4	3.1168e-06
604.6	3.211e-06
604.8	3.308e-06
605.0	3.408e-06
605.2	3.511e-06
605.4	3.6171e-06
605.6	3.7264e-06
605.8	3.839e-06
606.0	3.9551e-06
606.2	4.0746e-06
606.4	4.1977e-06
606.6	4.3246e-06
606.8	4.4553e-06
607.0	4.59e-06
607.2	4.7287e-06
607.4	4.8716e-06
607.6	5.0188e-06
607.8	5.1705e-06
608.0	5.0284e-06
608.2	5.1095e-06
608.4	5.1919e-06
608.6	5.2756e-06
608.8	5.3607e-06
609.0	5.3291e-06
609.2	5.0866e-06
609.4	4.8551e-06
609.6	4.6342e-06
609.8	4.4233e-06
610.0	4.222e-06
610.2	4.0299e-06
610.4	3.8465e-06
610.6	3.6714e-06
610.8	3.5044e-06
611.0	3.3449e-06
611.2	3.1927e-06
611.4	3.0474e-06
611.6	2.9087e-06
611.8	2.7763e-06
612.0	2.65e-06
612.2	2.5294e-06
612.4	2.4143e-06
612.6	2.3044e-06
612.8	2.1996e-06
613.0	2.1368e-06
613.2	2.165e-06
613.4	2.1936e-06
613.6	2.2225e-06
613.8	2.2519e-06
614.0	2.2816e-06
614.2	2.3117e-06
614.4	2.3422e-06
614.6	2.3732e-06
614.8	2.4045e-06
615.0	2.4363e-06
615.2	2.4684e-06
615.4	2.501e-06
615.6	2.534e-06
615.8	2.5675e-06
616.0	2.6014e-06
616.2	2.6357e-06
616.4	2.6705e-06
616.6	2.7058e-06
616.8	2.7415e-06
617.0	2.7456e-06
617.2	2.6552e-06
617.4	2.5679e-06
617.6	2.4834e-06
617.8	2.4017e-06
618.0	2.3227e-06
618.2	2.2462e-06
618.4	2.1723e-06
618.6	2.1009e-06
618.8	2.0317e-06
619.0	1.9649e-06
619.2	1.9002e-06
619.4	1.8377e-06
619.6	1.7772e-06
619.8	1.7188e-06
620.0	1.6622e-06
620.2	1.6075e-06
620.4	1.5546e-06
620.6	1.5035e-06
620.8	1.454e-06
621.0	1.4089e-06
621.2	1.3749e-06
621.4	1.3418e-06
621.6	1.3094e-06
621.8	1.2778e-06
622.0	1.247e-06
622.2	1.217e-06
622.4	1.1876e-06
622.6	1.159e-06
622.8	1.131e-06
623.0	1.1037e-06
623.2	1.0771e-06
623.4	1.0511e-06
623.6	1.0258e-06
623.8	1.0011e-06
624.0	9.7691e-07
624.2	9.5335e-07
624.4	9.3036e-07
624.6	9.0792e-07
624.8	8.8603e-07
625.0	8.7828e-07
625.2	9.2863e-07
625.4	9.8187e-07
625.6	1.0382e-06
625.8	1.0977e-06
626.0	1.1606e-06
626.2	1.2271e-06
626.4	1.2975e-06
626.6	1.3719e-06
626.8	1.4505e-06
627.0	1.5337e-06
627.2	1.6216e-06
627.4	1.7146e-06
627.6	1.8129e-06
627.8	1.9168e-06
628.0	2.0267e-06
628.2	2.1429e-06
628.4	2.2657e-06
628.6	2.3956e-06
628.8	2.533e-06
629.0	2.6727e-06
629.2	2.7956e-06
629.4	2.9242e-06
629.6	3.0588e-06
629.8	3.1995e-06
630.0	3.3466e-06
630.2	3.5006e-06
630.4	3.6616e-06
630.6	3.8301e-06
630.8	4.0063e-06
631.0	4.1906e-06
631.2	4.3833e-06
631.4	4.585e-06
631.6	4.7959e-06
631.8	5.0165e-06
632.0	5.2473e-06
632.2	5.4886e-06
632.4	5.7411e-06
632.6	6.0052e-06
632.8	6.2815e-06
633.0	6.4978e-06
633.2	6.4103e-06
633.4	6.324e-06
633.6	6.2389e-06
633.8	6.1549e-06
634.0	6.0721e-06
634.2	5.9903e-06
634.4	5.9097e-06
634.6	5.8301e-06
634.8	5.7517e-06
635.0	5.6742e-06
635.2	5.5979e-06
635.4	5.5225e-06
635.6	5.4482e-06
635.8	5.3748e-06
636.0	5.3025e-06
636.2	5.2311e-06
636.4	5.1607e-06
636.6	5.0912e-06
636.8	5.0227e-06
637.0	4.9518e-06
637.2	4.8698e-06
637.4	4.7892e-06
637.6	4.7099e-06
637.8	4.6319e-06
638.0	4.5552e-06
638.2	4.4797e-06
638.4	4.4055e-06
638.6	4.3326e-06
638.8	4.2608e-06
639.0	4.1903e-06
639.2	4.1209e-06
639.4	4.0527e-06
639.6	3.9855e-06
639.8	3.9195e-06
640.0	3.8546e-06
640.2	3.7908e-06
640.4	3.728e-06
640.6	3.6663e-06
640.8	3.6056e-06
641.0	3.523e-06
641.2	3.3703e-06
641.4	3.2243e-06
641.6	3.0846e-06
641.8	2.951e-06
642.0	2.8231e-06
642.2	2.7008e-06
642.4	2.5838e-06
642.6	2.4718e-06
642.8	2.3647e-06
643.0	2.2623e-06
643.2	2.1643e-06
643.4	2.0705e-06
643.6	1.9808e-06
643.8	1.895e-06
644.0	1.8129e-06
644.2	1.7343e-06
644.4	1.6592e-06
644.6	1.5873e-06
644.8	1.5185e-06
645.0	1.4772e-06
645.2	1.5015e-06
645.4	1.5262e-06
645.6	1.5514e-06
645.8	1.5769e-06
646.0	1.6029e-06
646.2	1.6293e-06
646.4	1.6561e-06
646.6	1.6834e-06
646.8	1.7111e-06
647.0	1.7393e-06
647.2	1.7679e-06
647.4	1.7971e-06
647.6	1.8267e-06
647.8	1.8567e-06
648.0	1.8873e-06
648.2	1.9184e-06
648.4	1.95e-06
648.6	1.9821e-06
648.8	2.0147e-06
649.0	2.0542e-06
649.2	2.1076e-06
649.4	2.1625e-06
649.6	2.2187e-06
649.8	2.2765e-06
650.0	2.3357e-06
650.2	2.3965e-06
650.4	2.4588e-06
650.6	2.5228e-06
650.8	2.5885e-06
651.0	2.6558e-06
651.2	2.7249e-06
651.4	2.7958e-06
651.6	2.8686e-06
651.8	2.9432e-06
652.0	3.0198e-06
652.2	3.0984e-06
652.4	3.179e-06
652.6	3.2617e-06
652.8	3.3466e-06
653.0	3.4144e-06
653.2	3.4531e-06
653.4	3.4922e-06
653.6	3.5318e-06
653.8	3.5718e-06
654.0	3.6123e-06
654.2	3.6532e-06
654.4	3.6946e-06
654.6	3.7365e-06
654.8	3.7788e-06
655.0	3.8217e-06
655.2	3.865e-06
655.4	3.9088e-06
655.6	3.9531e-06
655.8	3.9979e-06
656.0	4.0432e-06
656.2	4.089e-06
656.4	4.1353e-06
656.6	4.1822e-06
656.8	4.2296e-06
657.0	4.2883e-06
657.2	4.3605e-06
657.4	4.434e-06
657.6	4.5087e-06
657.8	4.5846e-06
658.0	4.6618e-06
658.2	4.7403e-06
658.4	4.8202e-06
658.6	4.9014e-06
658.8	4.9839e-06
659.0	5.0679e-06
659.2	5.1532e-06
659.4	5.24e-06
659.6	5.3283e-06
659.8	5.418e-06
660.0	5.5093e-06
660.2	5.6021e-06
660.4	5.6964e-06
660.6	5.7924e-06
660.8	5.8899e-06
661.0	5.8206e-06
661.2	5.622e-06
661.4	5.4302e-06
661.6	5.2449e-06
661.8	5.066e-06
662.0	4.8931e-06
662.2	4.7262e-06
662.4	4.5649e-06
662.6	4.4092e-06
662.8	4.2587e-06
663.0	4.1134e-06
663.2	3.9731e-06
663.4	3.8375e-06
663.6	3.7066e-06
663.8	3.5801e-06
664.0	3.458e-06
664.2	3.34e-06
664.4	3.226e-06
664.6	3.116e-06
664.8	3.0096e-06
665.0	2.977e-06
665.2	2.9819e-06
665.4	2.9867e-06
665.6	2.9916e-06
665.8	2.9965e-06
666.0	3.0014e-06
666.2	3.0063e-06
666.4	3.0112e-06
666.6	3.0161e-06
666.8	3.0211e-06
667.0	3.026e-06
667.2	3.031e-06
667.4	3.0359e-06
667.6	3.0409e-06
667.8	3.0458e-06
668.0	3.0508e-06
668.2	3.0558e-06
668.4	3.0608e-06
668.6	3.0658e-06
668.8	3.0708e-06
669.0	3.0677e-06
669.2	3.0621e-06
669.4	3.0566e-06
669.6	3.0511e-06
669.8	3.0455e-06
670.0	3.04e-06
670.2	3.0345e-06
670.4	3.029e-06
670.6	3.0235e-06
670.8	3.0181e-06
671.0	3.0126e-06
671.2	3.0072e-06
671.4	3.0017e-06
671.6	2.9963e-06
671.8	2.9909e-06
672.0	2.9854e-06
672.2	2.98e-06
672.4	2.9746e-06
672.6	2.9692e-06
672.8	2.9639e-06
673.0	2.906e-06
673.2	2.8551e-06
673.4	2.805e-06
673.6	2.7559e-06
673.8	2.7076e-06
674.0	2.6601e-06
674.2	2.6596e-06
674.4	2.6794e-06
674.6	2.6995e-06
674.8	2.7197e-06
675.0	2.74e-06
675.2	2.7605e-06
675.4	2.7811e-06
675.6	2.8019e-06
675.8	2.8229e-06
676.0	2.844e-06
676.2	2.8652e-06
676.4	2.8866e-06
676.6	2.9082e-06
676.8	2.93e-06
677.0	2.9519e-06
677.2	2.9739e-06
677.4	2.9962e-06
677.6	3.0186e-06
677.8	3.0411e-06
678.0	3.0639e-06
678.2	3.1422e-06
678.4	3.2443e-06
678.6	3.3497e-06
678.8	3.4585e-06
679.0	3.5709e-06
679.2	3.6869e-06
679.4	3.8067e-06
679.6	3.9304e-06
679.8	4.0581e-06
680.0	4.19e-06
680.2	4.3261e-06
680.4	4.4667e-06
680.6	4.6118e-06
680.8	4.7617e-06
681.0	4.9164e-06
681.2	5.0761e-06
681.4	5.2411e-06
681.6	5.4114e-06
681.8	5.5872e-06
682.0	5.7687e-06
682.2	5.7788e-06
682.4	5.7355e-06
682.6	5.6924e-06
682.8	5.6497e-06
683.0	5.6072e-06
683.2	5.5651e-06
683.4	5.5234e-06
683.6	5.4819e-06
683.8	5.4407e-06
684.0	5.3999e-06
684.2	5.3594e-06
684.4	5.3191e-06
684.6	5.2792e-06
684.8	5.2395e-06
685.0	5.2002e-06
685.2	5.1612e-06
685.4	5.1224e-06
685.6	5.084e-06
685.8	5.0458e-06
686.0	5.0079e-06
686.2	4.9887e-06
686.4	4.9738e-06
686.6	4.9589e-06
686.8	4.9441e-06
687.0	4.9293e-06
687.2	4.9146e-06
687.4	4.8999e-06
687.6	4.8852e-06
687.8	4.8706e-06
688.0	4.856e-06
688.2	4.8415e-06
688.4	4.827e-06
688.6	4.8126e-06
688.8	4.7982e-06
689.0	4.7838e-06
689.2	4.7695e-06
689.4	4.7552e-06
689.6	4.741e-06
689.8	4.7268e-06
690.0	4.7127e-06
690.2	4.5402e-06
690.4	4.3536e-06
690.6	4.1747e-06
690.8	4.0031e-06
691.0	3.8386e-06
691.2	3.6809e-06
691.4	3.5296e-06
691.6	3.3846e-06
691.8	3.2455e-06
692.0	3.1121e-06
692.2	2.9842e-06
692.4	2.8616e-06
692.6	2.744e-06
692.8	2.6312e-06
693.0	2.5231e-06
693.2	2.4194e-06
693.4	2.32e-06
693.6	2.2246e-06
693.8	2.1332e-06
694.0	2.0455e-06
694.2	1.9855e-06
694.4	1.9284e-06
694.6	1.8729e-06
694.8	1.819e-06
695.0	1.7667e-06
695.2	1.7159e-06
695.4	1.6665e-06
695.6	1.6186e-06
695.8	1.572e-06
696.0	1.5268e-06
696.2	1.4828e-06
696.4	1.4402e-06
696.6	1.3987e-06
696.8	1.3585e-06
697.0	1.3194e-06
697.2	1.2814e-06
697.4	1.2446e-06
697.6	1.2088e-06
697.8	1.174e-06
698.0	1.1412e-06
698.2	1.129e-06
698.4	1.117e-06
698.6	1.1052e-06
698.8	1.0934e-06
699.0	1.0818e-06
699.2	1.0703e-06
699.4	1.0589e-06
699.6	1.0477e-06
699.8	1.0365e-06
700.0	1.0255e-06
700.2	1.0146e-06
700.4	1.0038e-06
700.6	9.9314e-07
700.8	9.8259e-07
701.0	9.7214e-07
701.2	9.6181e-07
701.4	9.5159e-07
701.6	9.4147e-07
701.8	9.3146e-07
702.0	9.2379e-07
702.2	9.2986e-07
702.4	9.3598e-07
702.6	9.4213e-07
702.8	9.4833e-07
703.0	9.5456e-07
703.2	9.6084e-07
703.4	9.6716e-07
703.6	9.7352e-07
703.8	9.7992e-07
704.0	9.8636e-07
704.2	9.9285e-07
704.4	9.9938e-07
704.6	1.006e-06
704.8	1.0126e-06
705.0	1.0192e-06
705.2	1.0259e-06
705.4	1.0327e-06
705.6	1.0395e-06
705.8	1.0463e-06
706.0	1.0628e-06
706.2	1.1086e-06
706.4	1.1564e-06
706.6	1.2063e-06
706.8	1.2583e-06
707.0	1.3126e-06
707.2	1.3692e-06
707.4	1.4282e-06
707.6	1.4898e-06
707.8	1.5541e-06
708.0	1.6211e-06
708.2	1.691e-06
708.4	1.7639e-06
708.6	1.84e-06
708.8	1.9193e-06
709.0	2.0021e-06
709.2	2.0885e-06
709.4	2.1785e-06
709.6	2.2725e-06
709.8	2.3705e-06
710.0	2.4851e-06
710.2	2.6267e-06
710.4	2.7763e-06
710.6	2.9344e-06
710.8	3.1016e-06
711.0	3.2783e-06
711.2	3.465e-06
711.4	3.6624e-06
711.6	3.871e-06
711.8	4.0915e-06
712.0	4.3246e-06
712.2	4.5709e-06
712.4	4.8313e-06
712.6	5.1065e-06
712.8	5.3974e-06
713.0	5.7048e-06
713.2	6.0298e-06
713.4	6.3732e-06
713.6	6.7363e-06
713.8	7.12e-06
714.0	7.3072e-06
714.2	7.2941e-06
714.4	7.2811e-06
714.6	7.2681e-06
714.8	7.2551e-06
715.0	7.2421e-06
715.2	7.2292e-06
715.4	7.2162e-06
715.6	7.2034e-06
715.8	7.1905e-06
716.0	7.1776e-06
716.2	7.1648e-06
716.4	7.152e-06
716.6	7.1392e-06
716.8	7.1265e-06
717.0	7.1137e-06
717.2	7.101e-06
717.4	7.0883e-06
717.6	7.0756e-06
717.8	7.063e-06
718.0	6.8719e-06
718.2	6.5982e-06
718.4	6.3353e-06
718.6	6.083e-06
718.8	5.8407e-06
719.0	5.6081e-06
719.2	5.3847e-06
719.4	5.1702e-06
719.6	4.9643e-06
719.8	4.7666e-06
720.0	4.5767e-06
720.2	4.3944e-06
720.4	4.2194e-06
720.6	4.0513e-06
720.8	3.8899e-06
721.0	3.735e-06
721.2	3.5862e-06
721.4	3.4434e-06
721.6	3.3062e-06
721.8	3.1746e-06
722.0	3.0968e-06
722.2	3.0315e-06
722.4	2.9675e-06
722.6	2.905e-06
722.8	2.8437e-06
723.0	2.7837e-06
723.2	2.725e-06
723.4	2.6675e-06
723.6	2.6113e-06
723.8	2.5562e-06
724.0	2.5023e-06
724.2	2.4495e-06
724.4	2.3978e-06
724.6	2.3473e-06
724.8	2.2978e-06
725.0	2.2493e-06
725.2	2.2019e-06
725.4	2.1554e-06
725.6	2.11e-06
725.8	2.0655e-06
726.0	2.0638e-06
726.2	2.0623e-06
726.4	2.0609e-06
726.6	2.0594e-06
726.8	2.0579e-06
727.0	2.0565e-06
727.2	2.055e-06
727.4	2.0536e-06
727.6	2.0521e-06
727.8	2.0507e-06
728.0	2.0492e-06
728.2	2.0478e-06
728.4	2.0463e-06
728.6	2.0449e-06
728.8	2.0434e-06
729.0	2.042e-06
729.2	2.0405e-06
729.4	2.0391e-06
729.6	2.0376e-06
729.8	2.0397e-06
730.0	2.0582e-06
730.2	2.0768e-06
730.4	2.0957e-06
730.6	2.1147e-06
730.8	2.1338e-06
731.0	2.1532e-06
731.2	2.1727e-06
731.4	2.1924e-06
731.6	2.2123e-06
731.8	2.2324e-06
732.0	2.2526e-06
732.2	2.273e-06
732.4	2.2937e-06
732.6	2.3145e-06
732.8	2.3354e-06
733.0	2.3566e-06
733.2	2.378e-06
733.4	2.3996e-06
733.6	2.4213e-06
733.8	2.4444e-06
734.0	2.4697e-06
734.2	2.4952e-06
734.4	2.521e-06
734.6	2.5471e-06
734.8	2.5734e-06
735.0	2.6e-06
735.2	2.6269e-06
735.4	2.6541e-06
735.6	2.6815e-06
735.8	2.7092e-06
736.0	2.7372e-06
736.2	2.7655e-06
736.4	2.7941e-06
736.6	2.823e-06
736.8	2.8522e-06
737.0	2.8817e-06
737.2	2.9115e-06
737.4	2.9416e-06
737.6	2.972e-06
737.8	3.0244e-06
738.0	3.0938e-06
738.2	3.1476e-06
738.4	3.2023e-06
738.6	3.258e-06
738.8	3.3146e-06
739.0	3.3723e-06
739.2	3.4291e-06
739.4	3.4477e-06
739.6	3.4665e-06
739.8	3.4853e-06
740.0	3.5043e-06
740.2	3.5234e-06
740.4	3.5425e-06
740.6	3.5618e-06
740.8	3.5812e-06
741.0	3.6006e-06
741.2	3.6202e-06
741.4	3.6399e-06
741.6	3.6597e-06
741.8	3.6796e-06
742.0	3.6996e-06
742.2	3.7197e-06
742.4	3.74e-06
742.6	3.7603e-06
742.8	3.7808e-06
743.0	3.8013e-06
743.2	3.811e-06
743.4	3.7615e-06
743.6	3.7126e-06
743.8	3.6643e-06
744.0	3.6166e-06
744.2	3.5696e-06
744.4	3.5232e-06
744.6	3.4773e-06
744.8	3.4321e-06
745.0	3.3875e-06
745.2	3.3434e-06
745.4	3.2999e-06
745.6	3.257e-06
745.8	3.2147e-06
746.0	3.1729e-06
746.2	3.1316e-06
746.4	3.0909e-06
746.6	3.0507e-06
746.8	3.011e-06
747.0	2.9718e-06
747.2	2.9389e-06
747.4	2.9208e-06
747.6	2.9027e-06
747.8	2.8847e-06
748.0	2.8669e-06
748.2	2.8492e-06
748.4	2.8315e-06
748.6	2.814e-06
748.8	2.7966e-06
749.0	2.7793e-06
749.2	2.7621e-06
749.4	2.745e-06
749.6	2.728e-06
749.8	2.7112e-06
750.0	2.6944e-06
750.2	2.6777e-06
750.4	2.6612e-06
750.6	2.6447e-06
750.8	2.6283e-06
751.0	2.6121e-06
751.2	2.5909e-06
751.4	2.5629e-06
751.6	2.5353e-06
751.8	2.508e-06
752.0	2.481e-06
752.2	2.4542e-06
752.4	2.4278e-06
752.6	2.4016e-06
752.8	2.3757e-06
753.0	2.3501e-06
753.2	2.3248e-06
753.4	2.2997e-06
753.6	2.2749e-06
753.8	2.2504e-06
754.0	2.2261e-06
754.2	2.2021e-06
754.4	2.1784e-06
754.6	2.1549e-06
754.8	2.1317e-06
755.0	2.1087e-06
755.2	2.0823e-06
755.4	2.0535e-06
755.6	2.025e-06
755.8	1.997e-06
756.0	1.9693e-06
756.2	1.9421e-06
756.4	1.9152e-06
756.6	1.8887e-06
756.8	1.8625e-06
757.0	1.8368e-06
757.2	1.8113e-06
757.4	1.7863e-06
757.6	1.7615e-06
757.8	1.7371e-06
758.0	1.7131e-06
758.2	1.6894e-06
758.4	1.666e-06
758.6	1.6429e-06
758.8	1.6202e-06
759.0	1.5978e-06
759.2	1.5947e-06
759.4	1.5987e-06
759.6	1.6027e-06
759.8	1.6067e-06
760.0	1.6108e-06
760.2	1.6148e-06
760.4	1.6189e-06
760.6	1.6229e-06
760.8	1.627e-06
761.0	1.6311e-06
761.2	1.6352e-06
761.4	1.6393e-06
761.6	1.6434e-06
761.8	1.6476e-06
762.0	1.6517e-06
762.2	1.6559e-06
762.4	1.66e-06
762.6	1.6642e-06
762.8	1.6684e-06
763.0	1.6726e-06
763.2	1.6799e-06
763.4	1.6877e-06
763.6	1.6955e-06
763.8	1.7033e-06
764.0	1.7111e-06
764.2	1.719e-06
764.4	1.7269e-06
764.6	1.7349e-06
764.8	1.7428e-06
765.0	1.7509e-06
765.2	1.7589e-06
765.4	1.767e-06
765.6	1.7752e-06
765.8	1.7833e-06
766.0	1.7916e-06
766.2	1.7998e-06
766.4	1.8081e-06
766.6	1.8164e-06
766.8	1.8248e-06
767.0	1.8356e-06
767.2	1.8707e-06
767.4	1.9064e-06
767.6	1.9429e-06
767.8	1.98e-06
768.0	2.0178e-06
768.2	2.0564e-06
768.4	2.0957e-06
768.6	2.1358e-06
768.8	2.1766e-06
769.0	2.2182e-06
769.2	2.2606e-06
769.4	2.3039e-06
769.6	2.3479e-06
769.8	2.3928e-06
770.0	2.4385e-06
770.2	2.4851e-06
770.4	2.5326e-06
770.6	2.5811e-06
770.8	2.6304e-06
771.0	2.7027e-06
771.2	2.833e-06
771.4	2.9696e-06
771.6	3.1128e-06
771.8	3.2629e-06
772.0	3.4202e-06
772.2	3.5851e-06
772.4	3.758e-06
772.6	3.9392e-06
772.8	4.1292e-06
773.0	4.3283e-06
773.2	4.537e-06
773.4	4.7557e-06
773.6	4.9851e-06
773.8	5.2254e-06
774.0	5.4774e-06
774.2	5.7415e-06
774.4	6.0184e-06
774.6	6.3086e-06
774.8	6.6128e-06
775.0	6.7351e-06
775.2	6.6653e-06
775.4	6.5962e-06
775.6	6.5278e-06
775.8	6.4601e-06
776.0	6.3931e-06
776.2	6.3268e-06
776.4	6.2612e-06
776.6	6.1962e-06
776.8	6.132e-06
777.0	6.0684e-06
777.2	6.0055e-06
777.4	5.9432e-06
777.6	5.8816e-06
777.8	5.8206e-06
778.0	5.7602e-06
778.2	5.7005e-06
778.4	5.6413e-06
778.6	5.5828e-06
778.8	5.5249e-06
779.0	5.4109e-06
779.2	5.2778e-06
779.4	5.1479e-06
779.6	5.0213e-06
779.8	4.8977e-06
780.0	4.7772e-06
780.2	4.6597e-06
780.4	4.5451e-06
780.6	4.4332e-06
780.8	4.3242e-06
781.0	4.2178e-06
781.2	4.114e-06
781.4	4.0128e-06
781.6	3.9141e-06
781.8	3.8178e-06
782.0	3.7238e-06
782.2	3.6322e-06
782.4	3.5429e-06
782.6	3.4557e-06
782.8	3.3707e-06
783.0	3.4265e-06
783.2	3.49e-06
783.4	3.5546e-06
783.6	3.6205e-06
783.8	3.6876e-06
784.0	3.7559e-06
784.2	3.8255e-06
784.4	3.8964e-06
784.6	3.9686e-06
784.8	4.0421e-06
785.0	4.117e-06
785.2	4.1933e-06
785.4	4.271e-06
785.6	4.3502e-06
785.8	4.4308e-06
786.0	4.5129e-06
786.2	4.5965e-06
786.4	4.6817e-06
786.6	4.7684e-06
786.8	4.8625e-06
787.0	4.9815e-06
787.2	5.1035e-06
787.4	5.2285e-06
787.6	5.3566e-06
787.8	5.4877e-06
788.0	5.6221e-06
788.2	5.7598e-06
788.4	5.9009e-06
788.6	6.0454e-06
788.8	6.1934e-06
789.0	6.3451e-06
789.2	6.5005e-06
789.4	6.6597e-06
789.6	6.8227e-06
789.8	6.9898e-06
790.0	7.161e-06
790.2	7.3364e-06
790.4	7.516e-06
790.6	7.7001e-06
790.8	7.797e-06
791.0	7.7854e-06
791.2	7.7738e-06
791.4	7.7623e-06
791.6	7.7507e-06
791.8	7.7392e-06
792.0	7.7277e-06
792.2	7.7162e-06
792.4	7.7048e-06
792.6	7.6933e-06
792.8	7.6819e-06
793.0	7.6704e-06
793.2	7.659e-06
793.4	7.6476e-06
793.6	7.6363e-06
793.8	7.6249e-06
794.0	7.6136e-06
794.2	7.6023e-06
794.4	7.591e-06
794.6	7.5797e-06
794.8	7.31e-06
795.0	6.9575e-06
795.2	6.9334e-06
795.4	6.9093e-06
795.6	6.9067e-06
795.8	6.9063e-06
796.0	6.9059e-06
796.2	6.9056e-06
796.4	6.9052e-06
796.6	6.9048e-06
796.8	6.9044e-06
797.0	6.904e-06
797.2	6.9036e-06
797.4	6.9033e-06
797.6	6.9029e-06
797.8	6.9025e-06
798.0	6.9021e-06
798.2	6.9017e-06
798.4	6.9013e-06
798.6	6.9009e-06
798.8	6.9006e-06
799.0	6.9002e-06
799.2	6.8998e-06
799.4	6.8988e-06
799.6	6.8955e-06
799.8	6.8922e-06
800.0	6.8889e-06
800.2	6.8856e-06
800.4	6.8822e-06
800.6	6.8789e-06
800.8	6.8756e-06
801.0	6.8723e-06
801.2	6.869e-06
801.4	6.8657e-06
801.6	6.8624e-06
801.8	6.8591e-06
802.0	6.8558e-06
802.2	6.8525e-06
802.4	6.8492e-06
802.6	6.8459e-06
802.8	6.8426e-06
803.0	6.8393e-06
803.2	6.8727e-06
803.4	6.9062e-06
803.6	6.9398e-06
803.8	6.9736e-06
804.0	7.0076e-06
804.2	7.0418e-06
804.4	7.0761e-06
804.6	7.1106e-06
804.8	7.1452e-06
805.0	7.1801e-06
805.2	7.2104e-06
805.4	7.2299e-06
805.6	7.2494e-06
805.8	7.269e-06
806.0	7.2886e-06
806.2	7.3083e-06
806.4	7.328e-06
806.6	7.3478e-06
806.8	7.3677e-06
807.0	7.3876e-06
807.2	7.4075e-06
807.4	7.4275e-06
807.6	7.4476e-06
807.8	7.4677e-06
808.0	7.4879e-06
808.2	7.5081e-06
808.4	7.5284e-06
808.6	7.5487e-06
808.8	7.5691e-06
809.0	7.5896e-06
809.2	7.6001e-06
809.4	7.6016e-06
809.6	7.603e-06
809.8	7.6045e-06
810.0	7.606e-06
810.2	7.6075e-06
810.4	7.609e-06
810.6	7.6105e-06
810.8	7.6119e-06
811.0	7.6134e-06
811.2	7.6149e-06
811.4	7.6164e-06
811.6	7.6179e-06
811.8	7.6194e-06
812.0	7.6209e-06
812.2	7.6223e-06
812.4	7.6238e-06
812.6	7.6253e-06
812.8	7.6268e-06
813.0	7.6283e-06
813.2	7.5527e-06
813.4	7.4546e-06
813.6	7.3578e-06
813.8	7.2622e-06
814.0	7.1678e-06
814.2	7.0747e-06
814.4	6.9828e-06
814.6	6.8921e-06
814.8	6.8026e-06
815.0	6.7142e-06
815.2	6.627e-06
815.4	6.5409e-06
815.6	6.4559e-06
815.8	6.3721e-06
816.0	6.2893e-06
816.2	6.2076e-06
816.4	6.127e-06
816.6	6.0474e-06
816.8	5.9688e-06
817.0	5.8912e-06
817.2	5.8036e-06
817.4	5.7174e-06
817.6	5.6325e-06
817.8	5.5488e-06
818.0	5.4664e-06
818.2	5.3852e-06
818.4	5.3052e-06
818.6	5.2264e-06
818.8	5.1487e-06
819.0	5.0722e-06
819.2	4.9969e-06
819.4	4.9226e-06
819.6	4.8495e-06
819.8	4.7775e-06
820.0	4.7065e-06
820.2	4.6366e-06
820.4	4.5677e-06
820.6	4.4998e-06
820.8	4.433e-06
821.0	4.3721e-06
821.2	4.3252e-06
821.4	4.2787e-06
821.6	4.2328e-06
821.8	4.1874e-06
822.0	4.1425e-06
822.2	4.098e-06
822.4	4.0541e-06
822.6	4.0106e-06
822.8	3.9675e-06
823.0	3.925e-06
823.2	3.8829e-06
823.4	3.8412e-06
823.6	3.8e-06
823.8	3.7592e-06
824.0	3.7189e-06
824.2	3.679e-06
824.4	3.6395e-06
824.6	3.6004e-06
824.8	3.5618e-06
825.0	2.3141e-06
825.2	1.2936e-06
825.4	1.3489e-06
825.6	1.4066e-06
825.8	1.4667e-06
826.0	1.5294e-06
826.2	1.5948e-06
826.4	1.663e-06
826.6	1.7341e-06
826.8	1.8082e-06
827.0	1.8855e-06
827.2	1.9661e-06
827.4	2.0502e-06
827.6	2.1378e-06
827.8	2.2292e-06
828.0	2.3246e-06
828.2	2.4239e-06
828.4	2.5276e-06
828.6	2.6356e-06
828.8	2.7483e-06
829.0	2.8658e-06
829.2	2.9512e-06
829.4	3.0068e-06
829.6	3.0635e-06
829.8	3.1213e-06
830.0	3.1801e-06
830.2	3.2401e-06
830.4	3.3012e-06
830.6	3.3635e-06
830.8	3.4269e-06
831.0	3.4915e-06
831.2	3.5573e-06
831.4	3.6244e-06
831.6	3.6928e-06
831.8	3.7624e-06
832.0	3.8333e-06
832.2	3.9056e-06
832.4	3.9793e-06
832.6	4.0543e-06
832.8	4.1308e-06
833.0	4.2086e-06
833.2	4.288e-06
833.4	4.3689e-06
833.6	4.4512e-06
833.8	4.5352e-06
834.0	4.6207e-06
834.2	4.7035e-06
834.4	4.7842e-06
834.6	4.8662e-06
834.8	4.9497e-06
835.0	5.0346e-06
835.2	5.1209e-06
835.4	5.2087e-06
835.6	5.2981e-06
835.8	5.3889e-06
836.0	5.4814e-06
836.2	5.5754e-06
836.4	5.671e-06
836.6	5.7683e-06
836.8	5.8672e-06
837.0	5.9678e-06
837.2	6.0702e-06
837.4	6.1743e-06
837.6	6.2802e-06
837.8	6.3879e-06
838.0	6.4974e-06
838.2	6.6089e-06
838.4	6.7222e-06
838.6	6.8375e-06
838.8	6.9548e-06
839.0	7.0741e-06
839.2	7.0311e-06
839.4	6.8627e-06
839.6	6.6984e-06
839.8	6.538e-06
840.0	6.3814e-06
840.2	6.2286e-06
840.4	6.0794e-06
840.6	5.9338e-06
840.8	5.7917e-06
841.0	5.653e-06
841.2	5.5177e-06
841.4	5.3855e-06
841.6	5.2565e-06
841.8	5.1307e-06
842.0	5.0078e-06
842.2	4.8879e-06
842.4	4.7708e-06
842.6	4.6566e-06
842.8	4.5451e-06
843.0	4.4362e-06
843.2	4.33e-06
843.4	4.2263e-06
843.6	4.1251e-06
843.8	4.0263e-06
844.0	3.9299e-06
844.2	3.9259e-06
844.4	4.0003e-06
844.6	4.0761e-06
844.8	4.1533e-06
845.0	4.232e-06
845.2	4.3122e-06
845.4	4.3939e-06
845.6	4.4771e-06
845.8	4.562e-06
846.0	4.6484e-06
846.2	4.7365e-06
846.4	4.8262e-06
846.6	4.9177e-06
846.8	5.0108e-06
847.0	5.1058e-06
847.2	5.2025e-06
847.4	5.3011e-06
847.6	5.4015e-06
847.8	5.5039e-06
848.0	5.6082e-06
848.2	5.7144e-06
848.4	5.8227e-06
848.6	5.933e-06
848.8	6.0455e-06
849.0	6.16e-06
849.2	6.2252e-06
849.4	6.2444e-06
849.6	6.2636e-06
849.8	6.2829e-06
850.0	6.3023e-06
850.2	6.3217e-06
850.4	6.3412e-06
850.6	6.3608e-06
850.8	6.3804e-06
851.0	6.4e-06
851.2	6.4197e-06
851.4	6.4395e-06
851.6	6.4594e-06
851.8	6.4793e-06
852.0	6.4992e-06
852.2	6.5193e-06
852.4	6.5394e-06
852.6	6.5595e-06
852.8	6.5797e-06
853.0	6.6e-06
