300.00	37.53000
301.00	42.08000
302.00	47.15000
303.00	45.71000
304.00	39.82000
305.00	37.94000
306.00	42.83000
307.00	47.33000
308.00	43.74000
309.00	32.97000
310.00	22.34000
311.00	16.60000
312.00	15.43000
313.00	17.66000
314.00	23.36000
315.00	32.44000
316.00	43.39000
317.00	52.74000
318.00	57.67000
319.00	58.12000
320.00	57.26000
321.00	57.80000
322.00	61.67000
323.00	68.08000
324.00	73.96000
325.00	76.13000
326.00	73.80000
327.00	69.22000
328.00	66.55000
329.00	68.15000
330.00	72.50000
331.00	76.39000
332.00	77.11000
333.00	74.32000
334.00	70.31000
335.00	68.53000
336.00	70.09000
337.00	73.66000
338.00	76.36000
339.00	75.85000
340.00	72.31000
341.00	67.69000
342.00	65.23000
343.00	66.44000
344.00	70.30000
345.00	73.98000
346.00	75.04000
347.00	72.37000
348.00	66.95000
349.00	61.61000
350.00	59.35000
351.00	61.31000
352.00	65.90000
353.00	70.39000
354.00	72.35000
355.00	70.32000
356.00	64.83000
357.00	58.24000
358.00	54.10000
359.00	54.15000
360.00	57.68000
361.00	62.47000
362.00	66.08000
363.00	66.58000
364.00	63.05000
365.00	56.55000
366.00	50.05000
367.00	46.43000
368.00	46.25000
369.00	48.59000
370.00	52.04000
371.00	54.86000
372.00	55.36000
373.00	52.55000
374.00	47.55000
375.00	42.20000
376.00	37.32000
377.00	33.44000
378.00	31.41000
379.00	31.48000
380.00	32.31000
381.00	31.67000
382.00	28.76000
383.00	24.31000
384.00	18.63000
385.00	12.12000
386.00	6.41600
387.00	3.06000
388.00	1.58000
389.00	0.95630
390.00	0.65580
391.00	0.49140
392.00	0.39280
393.00	0.33350
394.00	0.29660
395.00	0.27360
396.00	0.26560
397.00	0.26480
398.00	0.27450
399.00	0.29360
400.00	0.32390
401.00	0.37030
402.00	0.43600
403.00	0.52890
404.00	0.66750
405.00	0.87140
406.00	1.17700
407.00	1.65300
408.00	2.41000
409.00	3.61500
410.00	5.53900
411.00	8.47400
412.00	12.66000
413.00	18.10000
414.00	24.62000
415.00	32.09000
416.00	40.44000
417.00	49.37000
418.00	58.58000
419.00	67.61000
420.00	75.82000
421.00	82.78000
422.00	88.25000
423.00	92.04000
424.00	94.28000
425.00	95.33000
426.00	95.69000
427.00	95.83000
428.00	95.85000
429.00	95.82000
430.00	95.81000
431.00	95.77000
432.00	95.81000
433.00	95.86000
434.00	96.01000
435.00	96.15000
436.00	96.27000
437.00	96.27000
438.00	96.27000
439.00	96.16000
440.00	96.05000
441.00	95.88000
442.00	95.73000
443.00	95.58000
444.00	95.48000
445.00	95.37000
446.00	95.27000
447.00	95.15000
448.00	95.03000
449.00	94.99000
450.00	94.84000
451.00	94.75000
452.00	94.72000
453.00	94.71000
454.00	94.70000
455.00	94.76000
456.00	94.83000
457.00	94.90000
458.00	94.95000
459.00	95.00000
460.00	94.99000
461.00	94.96000
462.00	94.83000
463.00	94.71000
464.00	94.56000
465.00	94.42000
466.00	94.20000
467.00	94.01000
468.00	93.90000
469.00	93.75000
470.00	93.67000
471.00	93.58000
472.00	93.54000
473.00	93.50000
474.00	93.50000
475.00	93.47000
476.00	93.47000
477.00	93.45000
478.00	93.45000
479.00	93.49000
480.00	93.53000
481.00	93.57000
482.00	93.66000
483.00	93.78000
484.00	93.90000
485.00	94.05000
486.00	94.20000
487.00	94.33000
488.00	94.43000
489.00	94.48000
490.00	94.49000
491.00	94.45000
492.00	94.33000
493.00	94.15000
494.00	93.96000
495.00	93.70000
496.00	93.45000
497.00	93.19000
498.00	93.01000
499.00	92.80000
500.00	92.71000
501.00	92.67000
502.00	92.74000
503.00	92.88000
504.00	93.06000
505.00	93.35000
506.00	93.63000
507.00	93.95000
508.00	94.26000
509.00	94.55000
510.00	94.79000
511.00	94.96000
512.00	95.03000
513.00	95.03000
514.00	94.96000
515.00	94.76000
516.00	94.56000
517.00	94.30000
518.00	94.00000
519.00	93.71000
520.00	93.44000
521.00	93.17000
522.00	92.99000
523.00	92.87000
524.00	92.79000
525.00	92.80000
526.00	92.87000
527.00	93.06000
528.00	93.22000
529.00	93.49000
530.00	93.74000
531.00	93.99000
532.00	94.23000
533.00	94.44000
534.00	94.63000
535.00	94.75000
536.00	94.84000
537.00	94.83000
538.00	94.77000
539.00	94.63000
540.00	94.48000
541.00	94.26000
542.00	94.07000
543.00	93.83000
544.00	93.62000
545.00	93.47000
546.00	93.33000
547.00	93.23000
548.00	93.15000
549.00	93.17000
550.00	93.26000
551.00	93.31000
552.00	93.51000
553.00	93.74000
554.00	93.95000
555.00	94.17000
556.00	94.46000
557.00	94.71000
558.00	94.96000
559.00	95.15000
560.00	95.28000
561.00	95.42000
562.00	95.47000
563.00	95.48000
564.00	95.43000
565.00	95.31000
566.00	95.17000
567.00	94.94000
568.00	94.69000
569.00	94.42000
570.00	94.15000
571.00	93.88000
572.00	93.59000
573.00	93.30000
574.00	93.08000
575.00	92.84000
576.00	92.63000
577.00	92.46000
578.00	92.31000
579.00	92.24000
580.00	92.15000
581.00	92.15000
582.00	92.12000
583.00	92.18000
584.00	92.27000
585.00	92.37000
586.00	92.46000
587.00	92.55000
588.00	92.69000
589.00	92.81000
590.00	92.91000
591.00	93.04000
592.00	93.18000
593.00	93.27000
594.00	93.37000
595.00	93.45000
596.00	93.53000
597.00	93.58000
598.00	93.68000
599.00	93.72000
600.00	93.76000
601.00	93.82000
602.00	93.89000
603.00	93.92000
604.00	93.99000
605.00	94.05000
606.00	94.13000
607.00	94.18000
608.00	94.26000
609.00	94.34000
610.00	94.39000
611.00	94.48000
612.00	94.58000
613.00	94.63000
614.00	94.70000
615.00	94.77000
616.00	94.85000
617.00	94.87000
618.00	94.94000
619.00	94.97000
620.00	94.98000
621.00	95.05000
622.00	95.01000
623.00	95.04000
624.00	95.00000
625.00	94.96000
626.00	94.95000
627.00	94.98000
628.00	94.92000
629.00	94.92000
630.00	94.89000
631.00	94.84000
632.00	94.89000
633.00	94.84000
634.00	94.86000
635.00	94.86000
636.00	94.89000
637.00	94.93000
638.00	94.95000
639.00	95.02000
640.00	95.04000
641.00	95.10000
642.00	95.16000
643.00	95.24000
644.00	95.32000
645.00	95.38000
646.00	95.46000
647.00	95.47000
648.00	95.52000
649.00	95.57000
650.00	95.62000
651.00	95.63000
652.00	95.65000
653.00	95.64000
654.00	95.63000
655.00	95.62000
656.00	95.59000
657.00	95.54000
658.00	95.50000
659.00	95.42000
660.00	95.37000
661.00	95.28000
662.00	95.25000
663.00	95.14000
664.00	95.08000
665.00	95.00000
666.00	94.96000
667.00	94.94000
668.00	94.86000
669.00	94.82000
670.00	94.81000
671.00	94.78000
672.00	94.81000
673.00	94.83000
674.00	94.87000
675.00	94.93000
676.00	94.96000
677.00	95.02000
678.00	95.11000
679.00	95.19000
680.00	95.31000
681.00	95.38000
682.00	95.56000
683.00	95.64000
684.00	95.71000
685.00	95.82000
686.00	95.90000
687.00	96.00000
688.00	96.07000
689.00	96.11000
690.00	96.21000
691.00	96.23000
692.00	96.25000
693.00	96.33000
694.00	96.30000
695.00	96.27000
696.00	96.28000
697.00	96.30000
698.00	96.24000
699.00	96.18000
700.00	96.12000
701.00	96.11000
702.00	96.02000
703.00	95.96000
704.00	95.91000
705.00	95.82000
706.00	95.79000
707.00	95.73000
708.00	95.67000
709.00	95.69000
710.00	95.60000
711.00	95.65000
712.00	95.61000
713.00	95.60000
714.00	95.59000
715.00	95.61000
716.00	95.66000
717.00	95.69000
718.00	95.74000
719.00	95.74000
720.00	95.88000
721.00	95.95000
722.00	96.01000
723.00	96.07000
724.00	96.15000
725.00	96.25000
726.00	96.34000
727.00	96.39000
728.00	96.50000
729.00	96.58000
730.00	96.68000
731.00	96.70000
732.00	96.71000
733.00	96.77000
734.00	96.81000
735.00	96.86000
736.00	96.82000
737.00	96.86000
738.00	96.84000
739.00	96.78000
740.00	96.84000
741.00	96.84000
742.00	96.84000
743.00	96.77000
744.00	96.68000
745.00	96.67000
746.00	96.62000
747.00	96.53000
748.00	96.55000
749.00	96.45000
750.00	96.39000
