375	0.3099814
376	0.3761108
377	0.4387959
378	0.4436179
379	0.4436179
380	0.4753048
381	0.6085968
382	0.6726596
383	0.7604877
384	0.8872357
385	1.077358
386	1.26748
387	1.489288
388	1.711097
389	2.154715
390	2.534959
391	3.010264
392	3.612317
393	4.214369
394	5.196666
395	5.955087
396	6.989391
397	8.211752
398	9.330441
399	10.29138
400	11.81029
401	13.05848
402	14.49921
403	16.12385
404	18.02439
405	19.83295
406	21.67218
407	23.9712
408	25.7629
409	27.85424
410	29.88496
411	31.34325
412	33.74044
413	35.68919
414	37.63519
415	39.88427
416	41.86127
417	44.49955
418	46.20789
419	48.60853
420	50.91616
421	53.22725
422	55.47978
423	57.34656
424	58.7587
425	61.18689
426	62.79879
427	64.87566
428	67.10064
429	69.64938
430	71.31638
431	73.77557
432	75.06372
433	77.14404
434	79.04526
435	80.80182
436	82.08997
437	83.72942
438	84.78336
439	85.69263
440	86.97734
441	89.6604
442	91.28952
443	91.32052
444	92.74299
445	94.37211
446	94.37211
447	95.08163
448	95.85313
449	96.62121
450	96.325
451	97.00696
452	97.48226
453	97.80602
454	99.27327
455	98.82552
456	99.30427
457	99.57291
458	98.79452
459	99.32493
460	99.41104
461	100
462	99.13206
463	99.88978
464	99.81401
465	98.8324
466	99.10449
467	97.98512
468	98.16422
469	97.15851
470	96.98285
471	96.13213
472	95.28139
473	94.26534
474	93.05641
475	92.40201
476	91.38596
477	90.76599
478	91.12765
479	90.10126
480	89.37453
481	87.25632
482	86.56403
483	84.15651
484	83.4711
485	82.38961
486	81.63532
487	80.26108
488	79.11758
489	78.23586
490	78.06709
491	77.07516
492	75.09128
493	73.96501
494	73.07295
495	71.98112
496	70.69298
497	69.10519
498	68.62299
499	67.58627
500	66.75277
501	64.81367
502	64.67245
503	63.25343
504	61.80341
505	60.99401
506	61.0009
507	59.296
508	58.06985
509	57.51877
510	55.79665
511	55.03892
512	53.83344
513	53.08604
514	51.90122
515	51.06771
516	50.23765
517	48.79796
518	48.07123
519	47.25494
520	45.87036
521	45.38472
522	44.34456
523	42.91176
524	42.12992
525	41.40663
526	40.81766
527	39.7224
528	39.13687
529	38.17937
530	37.25977
531	36.78791
532	35.56175
533	34.76269
534	33.82552
535	33.1873
536	32.35517
537	31.67321
538	31.27299
539	30.24075
540	29.93456
541	29.04732
542	28.68396
543	27.5942
544	27.09237
545	26.54268
546	25.82489
547	24.99311
548	24.81091
549	23.77213
550	23.49349
551	23.00992
552	22.51567
553	22.02797
554	21.31294
555	20.82111
556	20.33478
557	19.96246
558	19.2123
559	18.95089
560	18.36261
561	18.00475
562	17.58111
563	17.08342
564	16.82717
565	16.31708
566	15.84349
567	15.75325
568	15.14569
569	14.87222
570	14.39106
571	13.93125
572	13.40222
573	13.18179
574	12.92933
575	12.44059
576	12.4027
577	11.99972
578	11.6863
579	11.27988
580	10.96404
581	10.82042
582	10.32031
583	9.911139
584	9.592892
585	9.619757
586	9.161673
587	9.024247
588	8.657781
589	8.353654
590	8.215196
591	8.076737
592	7.753668
593	7.569057
594	7.061376
595	7.253564
596	6.881587
597	6.742095
598	6.509609
599	6.323621