300.00	9.165E-06
301.00	2.565E-06
302.00	2.523E-06
303.00	9.100E-06
304.00	-1.547E-06
305.00	9.352E-06
306.00	-1.676E-06
307.00	-1.830E-06
308.00	-2.393E-07
309.00	1.258E-05
310.00	-1.438E-06
311.00	-6.286E-06
312.00	-1.650E-06
313.00	-1.689E-07
314.00	1.267E-05
315.00	-3.724E-06
316.00	5.923E-06
317.00	-4.031E-06
318.00	-6.252E-07
319.00	-5.352E-06
320.00	-1.686E-06
321.00	-3.498E-06
322.00	-6.225E-06
323.00	-3.730E-06
324.00	-5.466E-06
325.00	-1.109E-05
326.00	-3.658E-06
327.00	-1.154E-05
328.00	-3.917E-06
329.00	-7.784E-06
330.00	5.891E-07
331.00	1.003E-06
332.00	-1.386E-06
333.00	-1.921E-05
334.00	-1.516E-06
335.00	1.576E-06
336.00	-1.005E-06
337.00	-7.326E-07
338.00	-2.346E-06
339.00	-7.711E-06
340.00	-3.950E-06
341.00	-3.538E-06
342.00	-3.955E-06
343.00	-9.859E-06
344.00	9.168E-07
345.00	-5.597E-06
346.00	-3.913E-06
347.00	-7.671E-06
348.00	9.910E-07
349.00	-9.821E-06
350.00	9.529E-07
351.00	-9.954E-06
352.00	-4.027E-06
353.00	-7.974E-06
354.00	5.198E-06
355.00	1.052E-06
356.00	-5.723E-06
357.00	-7.467E-06
358.00	-6.035E-06
359.00	-7.847E-06
360.00	-5.398E-06
361.00	-3.071E-06
362.00	-1.010E-05
363.00	-7.600E-06
364.00	1.002E-06
365.00	-5.876E-06
366.00	-3.457E-06
367.00	-1.775E-05
368.00	-1.256E-05
369.00	5.800E-06
370.00	5.338E-06
371.00	-1.273E-05
372.00	2.309E-05
373.00	-1.606E-05
374.00	1.015E-06
375.00	-3.726E-06
376.00	-1.634E-05
377.00	-5.357E-06
378.00	-1.046E-05
379.00	1.017E-05
380.00	-1.233E-06
381.00	-3.128E-06
382.00	-8.089E-06
383.00	-1.206E-05
384.00	5.534E-06
385.00	-5.975E-06
386.00	-5.667E-06
387.00	-9.584E-06
388.00	-1.715E-05
389.00	-3.529E-06
390.00	-4.081E-06
391.00	-1.553E-06
392.00	1.940E-05
393.00	-1.764E-06
394.00	1.027E-05
395.00	-5.600E-06
396.00	-1.693E-06
397.00	-1.468E-05
398.00	-1.344E-05
399.00	-1.580E-06
400.00	-4.341E-06
401.00	-3.983E-06
402.00	-9.275E-06
403.00	-1.796E-05
404.00	3.419E-05
405.00	1.025E-05
406.00	-3.831E-06
407.00	-1.440E-05
408.00	5.831E-06
409.00	-1.017E-05
410.00	-1.552E-05
411.00	-1.698E-05
412.00	-6.453E-06
413.00	-1.278E-05
414.00	8.583E-07
415.00	-6.244E-06
416.00	-4.487E-06
417.00	5.252E-05
418.00	-6.113E-06
419.00	1.790E-06
420.00	5.786E-06
421.00	-1.556E-06
422.00	1.771E-06
423.00	-1.150E-06
424.00	-3.963E-06
425.00	1.590E-06
426.00	-7.986E-06
427.00	2.076E-06
428.00	-8.645E-06
429.00	1.523E-05
430.00	-5.934E-06
431.00	-3.537E-06
432.00	1.527E-05
433.00	-7.656E-06
434.00	6.613E-06
435.00	-1.599E-05
436.00	-7.270E-06
437.00	-2.946E-06
438.00	-3.721E-06
439.00	1.080E-05
440.00	-2.615E-05
441.00	-8.035E-06
442.00	-5.741E-06
443.00	2.427E-05
444.00	2.425E-05
445.00	1.537E-05
446.00	1.097E-05
447.00	-7.706E-06
448.00	-7.653E-06
449.00	-7.616E-06
450.00	1.541E-05
451.00	-3.165E-06
452.00	2.412E-06
453.00	-3.096E-06
454.00	-3.061E-06
455.00	-9.469E-06
456.00	1.117E-05
457.00	-5.077E-06
458.00	-3.743E-06
459.00	6.327E-06
460.00	1.804E-06
461.00	-1.345E-06
462.00	-1.261E-05
463.00	-5.766E-06
464.00	2.447E-05
465.00	1.997E-05
466.00	2.163E-06
467.00	-9.962E-06
468.00	-1.057E-06
469.00	-2.517E-05
470.00	-5.347E-06
471.00	6.841E-06
472.00	2.422E-05
473.00	-1.379E-05
474.00	-6.140E-06
475.00	1.712E-06
476.00	6.374E-06
477.00	-5.949E-06
478.00	7.941E-05
479.00	1.978E-06
480.00	-1.237E-06
481.00	-3.444E-06
482.00	-2.131E-05
483.00	6.685E-06
484.00	2.294E-06
485.00	6.773E-06
486.00	-3.201E-06
487.00	-1.631E-05
488.00	1.126E-05
489.00	2.581E-06
490.00	1.131E-05
491.00	2.690E-06
492.00	-3.804E-06
493.00	2.492E-05
494.00	-1.757E-05
495.00	1.106E-05
496.00	-1.343E-06
497.00	1.568E-05
498.00	-8.112E-06
499.00	2.023E-05
500.00	1.570E-05
501.00	6.664E-06
502.00	2.193E-06
503.00	1.122E-05
504.00	1.123E-05
505.00	2.464E-05
506.00	-1.219E-05
507.00	-5.470E-06
508.00	-3.221E-06
509.00	-2.530E-05
510.00	6.910E-06
511.00	-5.335E-06
512.00	6.954E-06
513.00	1.122E-04
514.00	4.535E-04
515.00	1.919E-03
516.00	8.281E-03
517.00	3.639E-02
518.00	1.574E-01
519.00	4.633E-01
520.00	7.255E-01
521.00	7.925E-01
522.00	7.881E-01
523.00	7.825E-01
524.00	7.882E-01
525.00	7.952E-01
526.00	8.022E-01
527.00	8.107E-01
528.00	8.155E-01
529.00	8.033E-01
530.00	7.753E-01
531.00	7.495E-01
532.00	7.428E-01
533.00	7.556E-01
534.00	7.730E-01
535.00	7.732E-01
536.00	7.586E-01
537.00	7.424E-01
538.00	7.423E-01
539.00	7.606E-01
540.00	7.885E-01
541.00	8.087E-01
542.00	8.177E-01
543.00	8.191E-01
544.00	8.190E-01
545.00	8.110E-01
546.00	7.886E-01
547.00	7.610E-01
548.00	7.559E-01
549.00	7.807E-01
550.00	6.716E-01
551.00	3.198E-01
552.00	9.329E-02
553.00	2.573E-02
554.00	8.204E-03
555.00	3.001E-03
556.00	1.191E-03
557.00	5.187E-04
558.00	2.313E-04
559.00	1.325E-04
560.00	5.307E-05
561.00	1.591E-05
562.00	2.974E-05
563.00	-5.828E-06
564.00	-1.214E-06
565.00	1.592E-05
566.00	-3.527E-06
567.00	1.139E-05
568.00	-3.114E-06
569.00	-8.831E-06
570.00	-8.472E-06
571.00	-1.730E-05
572.00	-1.703E-06
573.00	-3.832E-06
574.00	-9.406E-06
575.00	-1.134E-05
576.00	3.634E-05
577.00	-4.277E-06
578.00	-7.391E-06
579.00	1.108E-05
580.00	1.604E-05
581.00	-4.378E-06
582.00	5.533E-06
583.00	-1.967E-05
584.00	3.694E-05
585.00	1.129E-06
586.00	6.572E-07
587.00	-2.386E-05
588.00	-2.119E-06
589.00	3.556E-05
590.00	1.105E-05
591.00	-1.380E-05
592.00	-1.332E-06
593.00	2.522E-05
594.00	-3.076E-06
595.00	1.613E-05
596.00	-5.964E-07
597.00	-2.703E-06
598.00	-3.894E-06
599.00	-5.974E-06
600.00	1.612E-05
601.00	-4.270E-06
602.00	-1.590E-06
603.00	3.784E-07
604.00	-3.993E-06
605.00	3.253E-05
606.00	-2.407E-06
607.00	-1.970E-05
608.00	-1.585E-05
609.00	1.172E-05
610.00	-9.818E-06
611.00	-1.001E-05
612.00	-1.040E-06
613.00	-3.366E-06
614.00	3.448E-05
615.00	2.422E-06
616.00	2.480E-06
617.00	-7.754E-06
618.00	-4.058E-06
619.00	6.572E-06
620.00	2.564E-05
621.00	-5.869E-06
622.00	2.112E-05
623.00	1.619E-05
624.00	-1.420E-06
625.00	-5.894E-06
626.00	-3.896E-05
627.00	1.635E-06
628.00	1.622E-05
629.00	-1.247E-06
630.00	-7.979E-06
631.00	2.077E-05
632.00	2.070E-05
633.00	-2.941E-06
634.00	2.064E-05
635.00	-2.461E-05
636.00	-2.673E-05
637.00	-2.765E-06
638.00	-5.997E-06
639.00	-1.218E-05
640.00	3.976E-06
641.00	-4.311E-06
642.00	-2.817E-07
643.00	7.726E-06
644.00	-1.959E-06
645.00	2.044E-05
646.00	-1.919E-05
647.00	-7.880E-06
648.00	-3.262E-06
649.00	-1.631E-06
650.00	1.633E-05
651.00	-6.383E-06
652.00	-5.691E-06
653.00	8.171E-06
654.00	-1.090E-05
655.00	-7.579E-06
656.00	1.228E-05
657.00	-1.699E-05
658.00	1.235E-05
659.00	8.087E-06
660.00	5.689E-07
661.00	4.156E-06
662.00	-1.515E-06
663.00	3.764E-07
664.00	1.105E-06
665.00	-5.565E-06
666.00	3.256E-05
667.00	-8.446E-06
668.00	5.636E-07
669.00	1.638E-05
670.00	4.791E-06
671.00	-3.709E-06
672.00	-4.021E-06
673.00	1.221E-05
674.00	-3.685E-06
675.00	1.755E-07
676.00	-4.265E-06
677.00	2.491E-05
678.00	4.329E-06
679.00	-6.204E-06
680.00	1.641E-05
681.00	-4.693E-06
682.00	8.288E-06
683.00	3.972E-06
684.00	-9.466E-06
685.00	-7.834E-06
686.00	1.236E-05
687.00	1.645E-05
688.00	-6.657E-06
689.00	2.947E-05
690.00	-6.085E-06
691.00	-9.501E-08
692.00	-2.363E-06
693.00	-6.866E-06
694.00	1.602E-07
695.00	4.140E-05
696.00	-1.078E-05
697.00	-3.445E-07
698.00	-3.896E-06
699.00	2.887E-05
700.00	-1.123E-07
701.00	-2.525E-07
702.00	8.507E-06
703.00	8.387E-06
704.00	4.112E-06
705.00	-8.576E-06
706.00	-1.096E-05
707.00	1.223E-05
708.00	-1.943E-06
709.00	-2.098E-06
710.00	-2.251E-06
711.00	2.946E-05
712.00	-2.572E-06
713.00	-4.938E-06
714.00	-8.277E-06
715.00	-2.207E-06
716.00	3.824E-06
717.00	2.532E-05
718.00	-3.918E-06
719.00	-2.030E-06
720.00	-2.174E-06
721.00	3.885E-06
722.00	-3.094E-07
723.00	1.230E-05
724.00	-1.987E-06
725.00	-2.134E-06
726.00	3.370E-05
727.00	1.241E-05
728.00	3.863E-05
729.00	2.564E-05
730.00	-1.041E-05
731.00	-8.561E-06
732.00	-6.658E-06
733.00	2.113E-05
734.00	-1.887E-06
735.00	-1.245E-05
736.00	2.947E-05
737.00	1.251E-05
738.00	-1.551E-05
739.00	-4.169E-07
740.00	-6.111E-06
741.00	-3.054E-09
742.00	-4.391E-06
743.00	1.684E-05
744.00	3.674E-06
745.00	-4.826E-07
746.00	4.266E-06
747.00	2.113E-05
748.00	-6.683E-06
749.00	1.690E-05
750.00	3.957E-07
751.00	-6.198E-06
752.00	4.174E-06
753.00	3.993E-06
754.00	3.815E-06
755.00	3.024E-05
756.00	-6.135E-06
757.00	-4.615E-09
758.00	-2.264E-06
759.00	1.260E-05
760.00	8.697E-06
761.00	-1.997E-06
762.00	1.698E-05
763.00	4.052E-06
764.00	-2.436E-06
765.00	1.257E-05
766.00	-1.933E-06
767.00	-2.089E-06
768.00	8.423E-06
769.00	8.304E-06
770.00	3.749E-06
771.00	1.706E-05
772.00	2.130E-05
773.00	-7.185E-08
774.00	3.969E-06
775.00	3.775E-06
776.00	-4.011E-06
777.00	1.284E-05
778.00	-2.233E-06
779.00	1.710E-05
780.00	1.712E-05
781.00	-1.176E-05
782.00	-2.068E-06
783.00	4.184E-06
784.00	-4.587E-06
785.00	1.716E-05
786.00	4.554E-06
787.00	4.366E-06
788.00	-4.410E-06
789.00	-2.055E-07
790.00	-3.334E-07
791.00	1.718E-05
792.00	-2.062E-06
793.00	4.200E-06
794.00	4.021E-06
795.00	-2.535E-06
796.00	-4.428E-07
797.00	-5.805E-07
798.00	-7.236E-07
799.00	-4.225E-07
800.00	-4.921E-07
801.00	1.716E-05
802.00	1.287E-05
803.00	-8.383E-08
804.00	-2.373E-06
805.00	3.899E-06
806.00	8.224E-06
807.00	2.622E-05
808.00	1.718E-05
809.00	8.567E-06
810.00	8.462E-06
811.00	-2.156E-07
812.00	-7.035E-06
813.00	2.166E-05
814.00	8.618E-06
815.00	4.170E-06
816.00	3.940E-06
817.00	1.710E-05
818.00	3.256E-07
819.00	9.889E-09
820.00	-2.317E-06
821.00	8.182E-06
822.00	4.458E-06
823.00	1.698E-05
824.00	-1.604E-06
825.00	4.196E-07
826.00	-6.578E-09
827.00	8.166E-06
828.00	8.555E-06
829.00	2.088E-05
830.00	4.627E-06
831.00	1.245E-05
832.00	7.588E-07
833.00	1.237E-05
834.00	8.617E-06
835.00	1.630E-05
836.00	-1.535E-06
837.00	8.151E-06
838.00	8.395E-06
839.00	1.202E-05
840.00	4.400E-06
841.00	2.393E-05
842.00	5.126E-06
843.00	1.572E-05
844.00	-1.113E-06
845.00	1.556E-05
846.00	8.270E-06
847.00	7.882E-06
848.00	7.432E-06
849.00	6.998E-06
850.00	6.568E-06
