Typical Measured Spectrum of Semrock FF01-632/22 Optical Filter	
For wavelengths between 320 and 1120 nm, values near or below 3e-7 (Optical Density 6.5) are measurement noise limited.
For wavelengths < 320 nm and > 1120 nm, values near or below 3e-6 (Optical Density 5.5) are measurement noise limited. 
Data format:  Wavelength (nm) <tab> Transmission (0 to 1)
300.0	6.93e-07
300.2	8.3788e-07
300.4	1.0131e-06
300.6	1.2249e-06
300.8	1.481e-06
301.0	1.7906e-06
301.2	2.165e-06
301.4	2.6176e-06
301.6	3.1649e-06
301.8	3.8266e-06
302.0	2.8188e-06
302.2	2.0713e-06
302.4	1.5221e-06
302.6	1.1184e-06
302.8	8.2185e-07
303.0	6.0391e-07
303.2	4.4376e-07
303.4	3.2608e-07
303.6	2.3961e-07
303.8	1.7607e-07
304.0	1.936e-07
304.2	2.3772e-07
304.4	2.9188e-07
304.6	3.584e-07
304.8	4.4007e-07
305.0	5.4035e-07
305.2	6.6348e-07
305.4	8.1467e-07
305.6	1.0003e-06
305.8	1.2283e-06
306.0	1.3747e-06
306.2	1.4367e-06
306.4	1.5015e-06
306.6	1.5693e-06
306.8	1.6401e-06
307.0	1.7141e-06
307.2	1.7915e-06
307.4	1.8723e-06
307.6	1.9568e-06
307.8	2.0451e-06
308.0	2.0029e-06
308.2	1.7559e-06
308.4	1.5395e-06
308.6	1.3497e-06
308.8	1.1833e-06
309.0	1.0374e-06
309.2	9.0947e-07
309.4	7.9734e-07
309.6	6.9904e-07
309.8	6.1285e-07
310.0	5.4186e-07
310.2	5.2808e-07
310.4	5.1465e-07
310.6	5.0155e-07
310.8	4.888e-07
311.0	4.7636e-07
311.2	4.6424e-07
311.4	4.5244e-07
311.6	4.4093e-07
311.8	4.2971e-07
312.0	4.9622e-07
312.2	5.7552e-07
312.4	6.6749e-07
312.6	7.7416e-07
312.8	8.9788e-07
313.0	1.0414e-06
313.2	1.2078e-06
313.4	1.4008e-06
313.6	1.6247e-06
313.8	1.8843e-06
314.0	1.59e-06
314.2	1.2167e-06
314.4	9.3111e-07
314.6	7.1253e-07
314.8	5.4527e-07
315.0	4.1727e-07
315.2	3.1931e-07
315.4	2.4436e-07
315.6	1.8699e-07
315.8	1.431e-07
316.0	1.4433e-07
316.2	1.8004e-07
316.4	2.2459e-07
316.6	2.8016e-07
316.8	3.4949e-07
317.0	4.3597e-07
317.2	5.4385e-07
317.4	6.7843e-07
317.6	8.463e-07
317.8	1.0557e-06
318.0	1.1169e-06
318.2	8.8726e-07
318.4	7.0481e-07
318.6	5.5988e-07
318.8	4.4475e-07
319.0	3.5329e-07
319.2	2.8064e-07
319.4	2.2293e-07
319.6	1.7709e-07
319.8	1.4067e-07
320.0	1.1388e-07
320.2	1.1455e-07
320.4	1.1523e-07
320.6	1.1591e-07
320.8	1.1659e-07
321.0	1.1728e-07
321.2	1.1798e-07
321.4	1.1867e-07
321.6	1.1938e-07
321.8	1.2008e-07
322.0	1.1946e-07
322.2	1.1881e-07
322.4	1.1816e-07
322.6	1.1752e-07
322.8	1.1688e-07
323.0	1.1624e-07
323.2	1.1561e-07
323.4	1.1498e-07
323.6	1.1436e-07
323.8	1.1373e-07
324.0	1.8426e-07
324.2	3.4256e-07
324.4	6.3685e-07
324.6	1.184e-06
324.8	2.2011e-06
325.0	4.0921e-06
325.2	7.6077e-06
325.4	1.4144e-05
325.6	2.6294e-05
325.8	4.8884e-05
326.0	4.3522e-05
326.2	2.2736e-05
326.4	1.1877e-05
326.6	6.2044e-06
326.8	3.2411e-06
327.0	1.6931e-06
327.2	8.8448e-07
327.4	4.6205e-07
327.6	2.4137e-07
327.8	1.2609e-07
328.0	8.5477e-08
328.2	8.7863e-08
328.4	9.0316e-08
328.6	9.2838e-08
328.8	9.5429e-08
329.0	9.8093e-08
329.2	1.0083e-07
329.4	1.0365e-07
329.6	1.0654e-07
329.8	1.0951e-07
330.0	1.1445e-07
330.2	1.401e-07
330.4	1.7149e-07
330.6	2.0991e-07
330.8	2.5693e-07
331.0	3.145e-07
331.2	3.8496e-07
331.4	4.712e-07
331.6	5.7677e-07
331.8	7.06e-07
332.0	6.2731e-07
332.2	5.4808e-07
332.4	4.7885e-07
332.6	4.1837e-07
332.8	3.6552e-07
333.0	3.1935e-07
333.2	2.7902e-07
333.4	2.4377e-07
333.6	2.1298e-07
333.8	1.8608e-07
334.0	1.6474e-07
334.2	1.4648e-07
334.4	1.3024e-07
334.6	1.158e-07
334.8	1.0296e-07
335.0	9.155e-08
335.2	8.1401e-08
335.4	7.2377e-08
335.6	6.4353e-08
335.8	5.7219e-08
336.0	5.4052e-08
336.2	5.3497e-08
336.4	5.2949e-08
336.6	5.2405e-08
336.8	5.1868e-08
337.0	5.1336e-08
337.2	5.0809e-08
337.4	5.0288e-08
337.6	4.9772e-08
337.8	4.9262e-08
338.0	5.1528e-08
338.2	5.9103e-08
338.4	6.7791e-08
338.6	7.7756e-08
338.8	8.9185e-08
339.0	1.023e-07
339.2	1.1733e-07
339.4	1.3458e-07
339.6	1.5436e-07
339.8	1.7705e-07
340.0	1.9715e-07
340.2	1.6553e-07
340.4	1.3898e-07
340.6	1.1669e-07
340.8	9.7979e-08
341.0	8.2266e-08
341.2	6.9072e-08
341.4	5.7995e-08
341.6	4.8694e-08
341.8	4.0884e-08
342.0	4.2753e-08
342.2	4.5452e-08
342.4	4.8321e-08
342.6	5.1372e-08
342.8	5.4615e-08
343.0	5.8063e-08
343.2	6.1728e-08
343.4	6.5625e-08
343.6	6.9768e-08
343.8	7.4172e-08
344.0	7.137e-08
344.2	6.6309e-08
344.4	6.1606e-08
344.6	5.7238e-08
344.8	5.3179e-08
345.0	4.9408e-08
345.2	4.5904e-08
345.4	4.2649e-08
345.6	3.9625e-08
345.8	3.6815e-08
346.0	3.5649e-08
346.2	3.5684e-08
346.4	3.5719e-08
346.6	3.5754e-08
346.8	3.5789e-08
347.0	3.5825e-08
347.2	3.586e-08
347.4	3.5895e-08
347.6	3.593e-08
347.8	3.5966e-08
348.0	4.0115e-08
348.2	5.3582e-08
348.4	7.1571e-08
348.6	9.56e-08
348.8	1.277e-07
349.0	1.7057e-07
349.2	2.2783e-07
349.4	3.0432e-07
349.6	4.0649e-07
349.8	5.4296e-07
350.0	6.8519e-07
350.2	5.0328e-07
350.4	3.6966e-07
350.6	2.7152e-07
350.8	1.9943e-07
351.0	1.4648e-07
351.2	1.0759e-07
351.4	7.9027e-08
351.6	5.8046e-08
351.8	4.2635e-08
352.0	4.1592e-08
352.2	4.145e-08
352.4	4.1309e-08
352.6	4.1168e-08
352.8	4.1028e-08
353.0	4.0888e-08
353.2	4.0748e-08
353.4	4.0609e-08
353.6	4.0471e-08
353.8	4.0333e-08
354.0	4.9503e-08
354.2	6.5247e-08
354.4	8.5997e-08
354.6	1.1335e-07
354.8	1.494e-07
355.0	1.9691e-07
355.2	2.5954e-07
355.4	3.4208e-07
355.6	4.5087e-07
355.8	5.9427e-07
356.0	6.5949e-07
356.2	6.4108e-07
356.4	6.2319e-07
356.6	6.058e-07
356.8	5.8889e-07
357.0	5.7246e-07
357.2	5.5648e-07
357.4	5.4095e-07
357.6	5.2585e-07
357.8	5.1117e-07
358.0	5.0073e-07
358.2	4.964e-07
358.4	4.9211e-07
358.6	4.8785e-07
358.8	4.8364e-07
359.0	4.7946e-07
359.2	4.7531e-07
359.4	4.712e-07
359.6	4.6713e-07
359.8	4.6309e-07
360.0	4.4657e-07
360.2	3.4021e-07
360.4	2.5919e-07
360.6	1.9746e-07
360.8	1.5043e-07
361.0	1.146e-07
361.2	8.7308e-08
361.4	6.6514e-08
361.6	5.0673e-08
361.8	3.8604e-08
362.0	4.5936e-08
362.2	5.6238e-08
362.4	6.8851e-08
362.6	8.4292e-08
362.8	1.032e-07
363.0	1.2634e-07
363.2	1.5468e-07
363.4	1.8937e-07
363.6	2.3184e-07
363.8	2.8383e-07
364.0	3.0435e-07
364.2	3.1332e-07
364.4	3.2255e-07
364.6	3.3206e-07
364.8	3.4185e-07
365.0	3.5193e-07
365.2	3.6231e-07
365.4	3.7299e-07
365.6	3.8399e-07
365.8	3.9531e-07
366.0	3.8908e-07
366.2	3.7119e-07
366.4	3.5411e-07
366.6	3.3783e-07
366.8	3.2229e-07
367.0	3.0746e-07
367.2	2.9332e-07
367.4	2.7983e-07
367.6	2.6696e-07
367.8	2.5468e-07
368.0	2.4766e-07
368.2	2.4742e-07
368.4	2.4719e-07
368.6	2.4695e-07
368.8	2.4671e-07
369.0	2.4648e-07
369.2	2.4624e-07
369.4	2.4601e-07
369.6	2.4577e-07
369.8	2.4554e-07
370.0	2.3876e-07
370.2	1.9215e-07
370.4	1.5463e-07
370.6	1.2445e-07
370.8	1.0015e-07
371.0	8.0598e-08
371.2	6.4863e-08
371.4	5.22e-08
371.6	4.2009e-08
371.8	3.3808e-08
372.0	4.1021e-08
372.2	5.1214e-08
372.4	6.394e-08
372.6	7.9828e-08
372.8	9.9664e-08
373.0	1.2443e-07
373.2	1.5535e-07
373.4	1.9395e-07
373.6	2.4214e-07
373.8	3.0231e-07
374.0	2.6695e-07
374.2	2.1194e-07
374.4	1.6827e-07
374.6	1.3359e-07
374.8	1.0606e-07
375.0	8.4207e-08
375.2	6.6854e-08
375.4	5.3078e-08
375.6	4.214e-08
375.8	3.3456e-08
376.0	3.464e-08
376.2	4.2812e-08
376.4	5.2912e-08
376.6	6.5394e-08
376.8	8.0821e-08
377.0	9.9887e-08
377.2	1.2345e-07
377.4	1.5258e-07
377.6	1.8857e-07
377.8	2.3305e-07
378.0	2.6715e-07
378.2	2.7716e-07
378.4	2.8755e-07
378.6	2.9832e-07
378.8	3.095e-07
379.0	3.211e-07
379.2	3.3313e-07
379.4	3.4561e-07
379.6	3.5856e-07
379.8	3.72e-07
380.0	3.7926e-07
380.2	3.4573e-07
380.4	3.1516e-07
380.6	2.873e-07
380.8	2.619e-07
381.0	2.3875e-07
381.2	2.1764e-07
381.4	1.984e-07
381.6	1.8086e-07
381.8	1.6487e-07
382.0	1.7795e-07
382.2	1.9472e-07
382.4	2.1307e-07
382.6	2.3315e-07
382.8	2.5512e-07
383.0	2.7916e-07
383.2	3.0546e-07
383.4	3.3425e-07
383.6	3.6575e-07
383.8	4.0021e-07
384.0	4.0895e-07
384.2	4.0894e-07
384.4	4.0894e-07
384.6	4.0893e-07
384.8	4.0892e-07
385.0	4.0892e-07
385.2	4.0891e-07
385.4	4.089e-07
385.6	4.0889e-07
385.8	4.0889e-07
386.0	3.447e-07
386.2	2.5932e-07
386.4	1.9509e-07
386.6	1.4677e-07
386.8	1.1042e-07
387.0	8.3069e-08
387.2	6.2494e-08
387.4	4.7015e-08
387.6	3.537e-08
387.8	2.661e-08
388.0	2.5391e-08
388.2	3.2786e-08
388.4	4.2336e-08
388.6	5.4668e-08
388.8	7.0592e-08
389.0	9.1154e-08
389.2	1.177e-07
389.4	1.5199e-07
389.6	1.9626e-07
389.8	2.5343e-07
390.0	3.2375e-07
390.2	3.8713e-07
390.4	4.6293e-07
390.6	5.5356e-07
390.8	6.6195e-07
391.0	7.9155e-07
391.2	9.4653e-07
391.4	1.1318e-06
391.6	1.3534e-06
391.8	1.6184e-06
392.0	1.5655e-06
392.2	1.4847e-06
392.4	1.408e-06
392.6	1.3354e-06
392.8	1.2665e-06
393.0	1.2011e-06
393.2	1.1391e-06
393.4	1.0803e-06
393.6	1.0246e-06
393.8	9.7169e-07
394.0	9.3062e-07
394.2	8.9405e-07
394.4	8.5891e-07
394.6	8.2516e-07
394.8	7.9273e-07
395.0	7.6158e-07
395.2	7.3165e-07
395.4	7.0289e-07
395.6	6.7527e-07
395.8	6.4873e-07
396.0	5.3733e-07
396.2	4.0316e-07
396.4	3.0249e-07
396.6	2.2696e-07
396.8	1.7029e-07
397.0	1.2777e-07
397.2	9.5864e-08
397.4	7.1927e-08
397.6	5.3967e-08
397.8	4.0492e-08
398.0	3.3462e-08
398.2	3.1118e-08
398.4	2.8938e-08
398.6	2.6911e-08
398.8	2.5026e-08
399.0	2.3273e-08
399.2	2.1643e-08
399.4	2.0126e-08
399.6	1.8717e-08
399.8	1.7405e-08
400.0	1.6349e-08
400.2	1.6256e-08
400.4	1.6163e-08
400.6	1.607e-08
400.8	1.5978e-08
401.0	1.5886e-08
401.2	1.5795e-08
401.4	1.5705e-08
401.6	1.5615e-08
401.8	1.5525e-08
402.0	1.5443e-08
402.2	1.5361e-08
402.4	1.5281e-08
402.6	1.52e-08
402.8	1.512e-08
403.0	1.5041e-08
403.2	1.4962e-08
403.4	1.4883e-08
403.6	1.4805e-08
403.8	1.4727e-08
404.0	1.4659e-08
404.2	1.4596e-08
404.4	1.4532e-08
404.6	1.4469e-08
404.8	1.4407e-08
405.0	1.4344e-08
405.2	1.4282e-08
405.4	1.422e-08
405.6	1.4158e-08
405.8	1.4097e-08
406.0	1.656e-08
406.2	2.1929e-08
406.4	2.9039e-08
406.6	3.8454e-08
406.8	5.0922e-08
407.0	6.7431e-08
407.2	8.9293e-08
407.4	1.1824e-07
407.6	1.5658e-07
407.8	2.0734e-07
408.0	2.1904e-07
408.2	1.715e-07
408.4	1.3428e-07
408.6	1.0514e-07
408.8	8.2318e-08
409.0	6.4452e-08
409.2	5.0464e-08
409.4	3.9512e-08
409.6	3.0937e-08
409.8	2.4222e-08
410.0	1.9498e-08
410.2	1.8605e-08
410.4	1.7753e-08
410.6	1.694e-08
410.8	1.6164e-08
411.0	1.5424e-08
411.2	1.4717e-08
411.4	1.4043e-08
411.6	1.34e-08
411.8	1.2786e-08
412.0	1.6022e-08
412.2	2.0875e-08
412.4	2.7196e-08
412.6	3.5432e-08
412.8	4.6162e-08
413.0	6.0141e-08
413.2	7.8354e-08
413.4	1.0208e-07
413.6	1.33e-07
413.8	1.7327e-07
414.0	1.5298e-07
414.2	1.1696e-07
414.4	8.9428e-08
414.6	6.8374e-08
414.8	5.2277e-08
415.0	3.9969e-08
415.2	3.0559e-08
415.4	2.3365e-08
415.6	1.7864e-08
415.8	1.3658e-08
416.0	1.2205e-08
416.2	1.2182e-08
416.4	1.2159e-08
416.6	1.2136e-08
416.8	1.2113e-08
417.0	1.209e-08
417.2	1.2067e-08
417.4	1.2044e-08
417.6	1.2021e-08
417.8	1.1999e-08
418.0	1.3601e-08
418.2	1.807e-08
418.4	2.4007e-08
418.6	3.1895e-08
418.8	4.2375e-08
419.0	5.6298e-08
419.2	7.4795e-08
419.4	9.9369e-08
419.6	1.3202e-07
419.8	1.7539e-07
420.0	2.2011e-07
420.2	2.0247e-07
420.4	1.8624e-07
420.6	1.7131e-07
420.8	1.5758e-07
421.0	1.4495e-07
421.2	1.3333e-07
421.4	1.2265e-07
421.6	1.1282e-07
421.8	1.0377e-07
422.0	1.0704e-07
422.2	1.1199e-07
422.4	1.1717e-07
422.6	1.2258e-07
422.8	1.2825e-07
423.0	1.3418e-07
423.2	1.4038e-07
423.4	1.4687e-07
423.6	1.5365e-07
423.8	1.6076e-07
424.0	1.6819e-07
424.2	1.7596e-07
424.4	1.8409e-07
424.6	2.0633e-07
424.8	2.3355e-07
425.0	2.6435e-07
425.2	2.9922e-07
425.4	3.3869e-07
425.6	3.8336e-07
425.8	4.3393e-07
426.0	4.9117e-07
426.2	5.5595e-07
426.4	5.8942e-07
426.6	5.1075e-07
426.8	4.4259e-07
427.0	3.8352e-07
427.2	3.3234e-07
427.4	2.8799e-07
427.6	2.4955e-07
427.8	2.1625e-07
428.0	1.8739e-07
428.2	1.6238e-07
428.4	1.4331e-07
428.6	1.4666e-07
428.8	1.5009e-07
429.0	1.5361e-07
429.2	1.572e-07
429.4	1.6088e-07
429.6	1.6464e-07
429.8	1.685e-07
430.0	1.7244e-07
430.2	1.7647e-07
430.4	1.806e-07
430.6	1.6897e-07
430.8	1.5772e-07
431.0	1.4723e-07
431.2	1.3743e-07
431.4	1.2828e-07
431.6	1.1975e-07
431.8	1.1178e-07
432.0	1.0434e-07
432.2	9.7393e-08
432.4	9.0911e-08
432.6	8.4861e-08
432.8	7.9213e-08
433.0	8.2377e-08
433.2	9.6534e-08
433.4	1.1312e-07
433.6	1.3256e-07
433.8	1.5534e-07
434.0	1.8204e-07
434.2	2.1332e-07
434.4	2.4998e-07
434.6	2.9294e-07
434.8	3.4328e-07
435.0	3.8678e-07
435.2	4.1141e-07
435.4	4.3761e-07
435.6	4.6547e-07
435.8	4.9511e-07
436.0	5.2664e-07
436.2	5.6018e-07
436.4	5.9585e-07
436.6	6.3379e-07
436.8	6.7415e-07
437.0	7.1708e-07
437.2	5.6584e-07
437.4	4.4583e-07
437.6	3.5128e-07
437.8	2.7677e-07
438.0	2.1807e-07
438.2	1.7182e-07
438.4	1.3538e-07
438.6	1.0667e-07
438.8	8.4044e-08
439.0	6.6219e-08
439.2	4.9783e-08
439.4	3.7153e-08
439.6	2.7727e-08
439.8	2.0693e-08
440.0	1.5443e-08
440.2	1.1525e-08
440.4	8.6014e-09
440.6	6.4192e-09
440.8	4.7907e-09
441.0	3.5753e-09
441.2	3.3033e-09
441.4	3.2961e-09
441.6	3.2889e-09
441.8	3.2817e-09
442.0	3.2746e-09
442.2	3.2675e-09
442.4	3.2604e-09
442.6	3.2533e-09
442.8	3.2462e-09
443.0	3.2392e-09
443.2	4.1817e-09
443.4	6.365e-09
443.6	9.6882e-09
443.8	1.4746e-08
444.0	2.2446e-08
444.2	3.4165e-08
444.4	5.2002e-08
444.6	7.9152e-08
444.8	1.2048e-07
445.0	1.8338e-07
445.2	1.5757e-07
445.4	1.354e-07
445.6	1.1635e-07
445.8	9.9975e-08
446.0	8.5906e-08
446.2	7.3818e-08
446.4	6.343e-08
446.6	5.4504e-08
446.8	4.6834e-08
447.0	4.0244e-08
447.2	3.5709e-08
447.4	3.1695e-08
447.6	2.8133e-08
447.8	2.4971e-08
448.0	2.2164e-08
448.2	1.9673e-08
448.4	1.7462e-08
448.6	1.5499e-08
448.8	1.3757e-08
449.0	1.2211e-08
449.2	1.0647e-08
449.4	9.2583e-09
449.6	8.0506e-09
449.8	7.0004e-09
450.0	6.0872e-09
450.2	5.2931e-09
450.4	4.6027e-09
450.6	4.0023e-09
450.8	3.4802e-09
451.0	3.0262e-09
451.2	3.3573e-09
451.4	4.0574e-09
451.6	4.9036e-09
451.8	5.9262e-09
452.0	7.1621e-09
452.2	8.6557e-09
452.4	1.0461e-08
452.6	1.2642e-08
452.8	1.5279e-08
453.0	1.8465e-08
453.2	2.0562e-08
453.4	2.1778e-08
453.6	2.3065e-08
453.8	2.4429e-08
454.0	2.5873e-08
454.2	2.7402e-08
454.4	2.9022e-08
454.6	3.0738e-08
454.8	3.2555e-08
455.0	3.4479e-08
455.2	2.95e-08
455.4	2.524e-08
455.6	2.1595e-08
455.8	1.8477e-08
456.0	1.5809e-08
456.2	1.3526e-08
456.4	1.1573e-08
456.6	9.9015e-09
456.8	8.4716e-09
457.0	7.2602e-09
457.2	8.641e-09
457.4	1.0284e-08
457.6	1.224e-08
457.8	1.4568e-08
458.0	1.7338e-08
458.2	2.0636e-08
458.4	2.456e-08
458.6	2.9231e-08
458.8	3.479e-08
459.0	4.1406e-08
459.2	4.5387e-08
459.4	4.9222e-08
459.6	5.338e-08
459.8	5.789e-08
460.0	6.278e-08
460.2	6.8084e-08
460.4	7.3836e-08
460.6	8.0073e-08
460.8	8.6838e-08
461.0	9.4174e-08
461.2	7.8324e-08
461.4	6.0177e-08
461.6	4.6234e-08
461.8	3.5522e-08
462.0	2.7292e-08
462.2	2.0968e-08
462.4	1.611e-08
462.6	1.2378e-08
462.8	9.5098e-09
463.0	7.3064e-09
463.2	7.0155e-09
463.4	7.5755e-09
463.6	8.1801e-09
463.8	8.8331e-09
464.0	9.5381e-09
464.2	1.0299e-08
464.4	1.1122e-08
464.6	1.2009e-08
464.8	1.2968e-08
465.0	1.4003e-08
465.2	1.6257e-08
465.4	1.8873e-08
465.6	2.1911e-08
465.8	2.5437e-08
466.0	2.9531e-08
466.2	3.4284e-08
466.4	3.9802e-08
466.6	4.6208e-08
466.8	5.3645e-08
467.0	6.2279e-08
467.2	4.5459e-08
467.4	3.2709e-08
467.6	2.3535e-08
467.8	1.6934e-08
468.0	1.2184e-08
468.2	8.767e-09
468.4	6.3081e-09
468.6	4.5388e-09
468.8	3.2658e-09
469.0	2.3498e-09
469.2	2.3693e-09
469.4	2.5295e-09
469.6	2.7007e-09
469.8	2.8833e-09
470.0	3.0784e-09
470.2	3.2866e-09
470.4	3.509e-09
470.6	3.7463e-09
470.8	3.9998e-09
471.0	4.2703e-09
471.2	4.1159e-09
471.4	3.8306e-09
471.6	3.5651e-09
471.8	3.3179e-09
472.0	3.0879e-09
472.2	2.8739e-09
472.4	2.6746e-09
472.6	2.4892e-09
472.8	2.3167e-09
473.0	2.1561e-09
473.2	2.3678e-09
473.4	2.8597e-09
473.6	3.4539e-09
473.8	4.1715e-09
474.0	5.0382e-09
474.2	6.085e-09
474.4	7.3493e-09
474.6	8.8763e-09
474.8	1.0721e-08
475.0	1.2948e-08
475.2	1.2312e-08
475.4	1.1707e-08
475.6	1.1132e-08
475.8	1.0585e-08
476.0	1.0064e-08
476.2	9.5699e-09
476.4	9.0997e-09
476.6	8.6525e-09
476.8	8.2274e-09
477.0	7.8231e-09
477.2	6.8016e-09
477.4	5.9081e-09
477.6	5.132e-09
477.8	4.4578e-09
478.0	3.8722e-09
478.2	3.3636e-09
478.4	2.9217e-09
478.6	2.5379e-09
478.8	2.2045e-09
479.0	1.9149e-09
479.2	1.8767e-09
479.4	1.8697e-09
479.6	1.8627e-09
479.8	1.8557e-09
480.0	1.8488e-09
480.2	1.8419e-09
480.4	1.835e-09
480.6	1.8282e-09
480.8	1.8213e-09
481.0	1.8146e-09
481.2	1.8076e-09
481.4	1.8006e-09
481.6	1.7937e-09
481.8	1.7868e-09
482.0	1.7799e-09
482.2	1.773e-09
482.4	1.7661e-09
482.6	1.7593e-09
482.8	1.7525e-09
483.0	1.7458e-09
483.2	1.9892e-09
483.4	2.418e-09
483.6	2.9393e-09
483.8	3.573e-09
484.0	4.3433e-09
484.2	5.2797e-09
484.4	6.4179e-09
484.6	7.8015e-09
484.8	9.4835e-09
485.0	1.1528e-08
485.2	9.4678e-09
485.4	7.7758e-09
485.6	6.3862e-09
485.8	5.2449e-09
486.0	4.3076e-09
486.2	3.5378e-09
486.4	2.9056e-09
486.6	2.3863e-09
486.8	1.9599e-09
487.0	1.6096e-09
487.2	1.8503e-09
487.4	2.161e-09
487.6	2.5239e-09
487.8	2.9476e-09
488.0	3.4426e-09
488.2	4.0206e-09
488.4	4.6957e-09
488.6	5.4841e-09
488.8	6.4049e-09
489.0	7.4804e-09
489.2	6.6532e-09
489.4	5.6503e-09
489.6	4.7986e-09
489.8	4.0753e-09
490.0	3.461e-09
490.2	2.9393e-09
490.4	2.4962e-09
490.6	2.12e-09
490.8	1.8004e-09
491.0	1.529e-09
491.2	1.4647e-09
491.4	1.4591e-09
491.6	1.4534e-09
491.8	1.4478e-09
492.0	1.4422e-09
492.2	1.4366e-09
492.4	1.4311e-09
492.6	1.4256e-09
492.8	1.4201e-09
493.0	1.4146e-09
493.2	1.4087e-09
493.4	1.4026e-09
493.6	1.3965e-09
493.8	1.3905e-09
494.0	1.3845e-09
494.2	1.3785e-09
494.4	1.3725e-09
494.6	1.3666e-09
494.8	1.3607e-09
495.0	1.3548e-09
495.2	1.3483e-09
495.4	1.3419e-09
495.6	1.3354e-09
495.8	1.3291e-09
496.0	1.3227e-09
496.2	1.3164e-09
496.4	1.3101e-09
496.6	1.3038e-09
496.8	1.2975e-09
497.0	1.2913e-09
497.2	1.2865e-09
497.4	1.2817e-09
497.6	1.2769e-09
497.8	1.2721e-09
498.0	1.2674e-09
498.2	1.2626e-09
498.4	1.2579e-09
498.6	1.2533e-09
498.8	1.2486e-09
499.0	1.2439e-09
499.2	1.5501e-09
499.4	2.0064e-09
499.6	2.597e-09
499.8	3.3615e-09
500.0	4.351e-09
500.2	5.6317e-09
500.4	7.2895e-09
500.6	9.4352e-09
500.8	1.2213e-08
501.0	1.5807e-08
501.2	1.4909e-08
501.4	1.2759e-08
501.6	1.0919e-08
501.8	9.344e-09
502.0	7.9964e-09
502.2	6.8431e-09
502.4	5.8562e-09
502.6	5.0116e-09
502.8	4.2888e-09
503.0	3.6703e-09
503.2	3.6903e-09
503.4	4.0098e-09
503.6	4.3571e-09
503.8	4.7344e-09
504.0	5.1443e-09
504.2	5.5898e-09
504.4	6.0739e-09
504.6	6.5998e-09
504.8	7.1713e-09
505.0	7.7923e-09
505.2	6.3796e-09
505.4	5.223e-09
505.6	4.276e-09
505.8	3.5008e-09
506.0	2.8661e-09
506.2	2.3465e-09
506.4	1.921e-09
506.6	1.5727e-09
506.8	1.2876e-09
507.0	1.0542e-09
507.2	1.3329e-09
507.4	1.7121e-09
507.6	2.1993e-09
507.8	2.825e-09
508.0	3.6287e-09
508.2	4.6611e-09
508.4	5.9872e-09
508.6	7.6907e-09
508.8	9.8788e-09
509.0	1.2689e-08
509.2	1.1799e-08
509.4	1.0476e-08
509.6	9.3015e-09
509.8	8.2586e-09
510.0	7.3327e-09
510.2	6.5106e-09
510.4	5.7806e-09
510.6	5.1325e-09
510.8	4.557e-09
511.0	4.0461e-09
511.2	4.3174e-09
511.4	4.8376e-09
511.6	5.4205e-09
511.8	6.0736e-09
512.0	6.8054e-09
512.2	7.6254e-09
512.4	8.5441e-09
512.6	9.5736e-09
512.8	1.0727e-08
513.0	1.202e-08
513.2	1.2488e-08
513.4	1.2571e-08
513.6	1.2655e-08
513.8	1.2739e-08
514.0	1.2824e-08
514.2	1.2909e-08
514.4	1.2995e-08
514.6	1.3082e-08
514.8	1.3169e-08
515.0	1.3256e-08
515.2	1.1909e-08
515.4	1.0698e-08
515.6	9.6108e-09
515.8	8.6339e-09
516.0	7.7563e-09
516.2	6.9679e-09
516.4	6.2596e-09
516.6	5.6233e-09
516.8	5.0517e-09
517.0	4.5382e-09
517.2	5.3937e-09
517.4	6.5576e-09
517.6	7.9726e-09
517.8	9.693e-09
518.0	1.1785e-08
518.2	1.4328e-08
518.4	1.7419e-08
518.6	2.1178e-08
518.8	2.5748e-08
519.0	3.1305e-08
519.2	3.1862e-08
519.4	3.135e-08
519.6	3.0846e-08
519.8	3.035e-08
520.0	2.9863e-08
520.2	2.9383e-08
520.4	2.891e-08
520.6	2.8446e-08
520.8	2.7989e-08
521.0	2.7539e-08
521.2	2.7228e-08
521.4	2.6962e-08
521.6	2.6698e-08
521.8	2.6437e-08
522.0	2.6178e-08
522.2	2.5922e-08
522.4	2.5669e-08
522.6	2.5418e-08
522.8	2.517e-08
523.0	2.4923e-08
523.2	2.5249e-08
523.4	2.585e-08
523.6	2.6464e-08
523.8	2.7093e-08
524.0	2.7737e-08
524.2	2.8397e-08
524.4	2.9072e-08
524.6	2.9763e-08
524.8	3.047e-08
525.0	3.1194e-08
525.2	3.2704e-08
525.4	3.4288e-08
525.6	3.5947e-08
525.8	3.7687e-08
526.0	3.9512e-08
526.2	4.1424e-08
526.4	4.343e-08
526.6	4.5532e-08
526.8	4.7736e-08
527.0	5.0047e-08
527.2	4.9859e-08
527.4	4.951e-08
527.6	4.9164e-08
527.8	4.882e-08
528.0	4.8478e-08
528.2	4.8139e-08
528.4	4.7802e-08
528.6	4.7467e-08
528.8	4.7135e-08
529.0	4.6806e-08
529.2	4.7302e-08
529.4	4.7935e-08
529.6	4.8576e-08
529.8	4.9226e-08
530.0	4.9884e-08
530.2	5.0551e-08
530.4	5.1228e-08
530.6	5.1913e-08
530.8	5.2607e-08
531.0	5.3311e-08
531.2	5.499e-08
531.4	5.699e-08
531.6	5.9062e-08
531.8	6.121e-08
532.0	6.3436e-08
532.2	6.5743e-08
532.4	6.8134e-08
532.6	7.0611e-08
532.8	7.3179e-08
533.0	7.584e-08
533.2	7.654e-08
533.4	7.6452e-08
533.6	7.6365e-08
533.8	7.6278e-08
534.0	7.6191e-08
534.2	7.6103e-08
534.4	7.6017e-08
534.6	7.593e-08
534.8	7.5843e-08
535.0	7.5756e-08
535.2	7.5502e-08
535.4	7.5248e-08
535.6	7.4995e-08
535.8	7.4743e-08
536.0	7.4492e-08
536.2	7.4242e-08
536.4	7.3993e-08
536.6	7.3744e-08
536.8	7.3496e-08
537.0	7.3249e-08
537.2	7.403e-08
537.4	7.4891e-08
537.6	7.5763e-08
537.8	7.6645e-08
538.0	7.7537e-08
538.2	7.8439e-08
538.4	7.9352e-08
538.6	8.0275e-08
538.8	8.1209e-08
539.0	8.2154e-08
539.2	8.3029e-08
539.4	8.3899e-08
539.6	8.4779e-08
539.8	8.5668e-08
540.0	8.6566e-08
540.2	8.7474e-08
540.4	8.8391e-08
540.6	8.9318e-08
540.8	9.0255e-08
541.0	9.1201e-08
541.2	9.2178e-08
541.4	9.317e-08
541.6	9.4173e-08
541.8	9.5187e-08
542.0	9.6211e-08
542.2	9.7247e-08
542.4	9.8294e-08
542.6	9.9352e-08
542.8	1.0042e-07
543.0	1.015e-07
543.2	1.0008e-07
543.4	9.7809e-08
543.6	9.5585e-08
543.8	9.3412e-08
544.0	9.1288e-08
544.2	8.9212e-08
544.4	8.7183e-08
544.6	8.5201e-08
544.8	8.3264e-08
545.0	8.1371e-08
545.2	8.0889e-08
545.4	8.043e-08
545.6	7.9974e-08
545.8	7.9521e-08
546.0	7.907e-08
546.2	7.8622e-08
546.4	7.8177e-08
546.6	7.7734e-08
546.8	7.7293e-08
547.0	7.6855e-08
547.2	7.5659e-08
547.4	7.44e-08
547.6	7.3161e-08
547.8	7.1942e-08
548.0	7.0745e-08
548.2	6.9567e-08
548.4	6.8408e-08
548.6	6.7269e-08
548.8	6.6149e-08
549.0	6.5048e-08
549.2	6.5534e-08
549.4	6.6329e-08
549.6	6.7134e-08
549.8	6.7948e-08
550.0	6.8773e-08
550.2	6.9608e-08
550.4	7.0452e-08
550.6	7.1307e-08
550.8	7.2173e-08
551.0	7.3048e-08
551.2	7.3821e-08
551.4	7.4571e-08
551.6	7.5327e-08
551.8	7.6092e-08
552.0	7.6864e-08
552.2	7.7644e-08
552.4	7.8432e-08
552.6	7.9227e-08
552.8	8.0031e-08
553.0	8.0843e-08
553.2	7.9936e-08
553.4	7.8384e-08
553.6	7.6862e-08
553.8	7.5369e-08
554.0	7.3906e-08
554.2	7.2471e-08
554.4	7.1063e-08
554.6	6.9684e-08
554.8	6.833e-08
555.0	6.7004e-08
555.2	6.5713e-08
555.4	6.4448e-08
555.6	6.3207e-08
555.8	6.199e-08
556.0	6.0796e-08
556.2	5.9626e-08
556.4	5.8478e-08
556.6	5.7352e-08
556.8	5.6248e-08
557.0	5.5164e-08
557.2	5.4515e-08
557.4	5.3926e-08
557.6	5.3344e-08
557.8	5.2768e-08
558.0	5.2199e-08
558.2	5.1635e-08
558.4	5.1078e-08
558.6	5.0526e-08
558.8	4.9981e-08
559.0	4.9441e-08
559.2	5.0281e-08
559.4	5.1426e-08
559.6	5.2597e-08
559.8	5.3795e-08
560.0	5.502e-08
560.2	5.6273e-08
560.4	5.7555e-08
560.6	5.8866e-08
560.8	6.0206e-08
561.0	6.1577e-08
561.2	6.1892e-08
561.4	6.1895e-08
561.6	6.1898e-08
561.8	6.19e-08
562.0	6.1903e-08
562.2	6.1906e-08
562.4	6.1908e-08
562.6	6.1911e-08
562.8	6.1914e-08
563.0	6.1916e-08
563.2	6.1623e-08
563.4	6.1218e-08
563.6	6.0815e-08
563.8	6.0415e-08
564.0	6.0018e-08
564.2	5.9623e-08
564.4	5.9231e-08
564.6	5.8841e-08
564.8	5.8454e-08
565.0	5.807e-08
565.2	5.7563e-08
565.4	5.7057e-08
565.6	5.6556e-08
565.8	5.6059e-08
566.0	5.5567e-08
566.2	5.5079e-08
566.4	5.4595e-08
566.6	5.4115e-08
566.8	5.364e-08
567.0	5.3169e-08
567.2	5.296e-08
567.4	5.2783e-08
567.6	5.2606e-08
567.8	5.243e-08
568.0	5.2255e-08
568.2	5.208e-08
568.4	5.1905e-08
568.6	5.1732e-08
568.8	5.1559e-08
569.0	5.1386e-08
569.2	5.2041e-08
569.4	5.2859e-08
569.6	5.369e-08
569.8	5.4534e-08
570.0	5.5391e-08
570.2	5.6262e-08
570.4	5.7146e-08
570.6	5.8045e-08
570.8	5.8957e-08
571.0	5.9884e-08
571.2	6.0181e-08
571.4	6.0313e-08
571.6	6.0446e-08
571.8	6.0579e-08
572.0	6.0712e-08
572.2	6.0846e-08
572.4	6.0979e-08
572.6	6.1114e-08
572.8	6.1248e-08
573.0	6.1383e-08
573.2	6.1562e-08
573.4	6.1758e-08
573.6	6.1954e-08
573.8	6.2151e-08
574.0	6.2348e-08
574.2	6.2546e-08
574.4	6.2744e-08
574.6	6.2944e-08
574.8	6.3143e-08
575.0	6.3344e-08
575.2	6.4311e-08
575.4	6.5317e-08
575.6	6.634e-08
575.8	6.7378e-08
576.0	6.8432e-08
576.2	6.9503e-08
576.4	7.059e-08
576.6	7.1695e-08
576.8	7.2817e-08
577.0	7.3956e-08
577.2	7.3897e-08
577.4	7.3697e-08
577.6	7.3497e-08
577.8	7.3298e-08
578.0	7.3099e-08
578.2	7.2901e-08
578.4	7.2703e-08
578.6	7.2506e-08
578.8	7.231e-08
579.0	7.2114e-08
579.2	7.1963e-08
579.4	7.182e-08
579.6	7.1677e-08
579.8	7.1534e-08
580.0	7.1392e-08
580.2	7.125e-08
580.4	7.1109e-08
580.6	7.0967e-08
580.8	7.0826e-08
581.0	7.0686e-08
581.2	7.097e-08
581.4	7.1356e-08
581.6	7.1744e-08
581.8	7.2134e-08
582.0	7.2526e-08
582.2	7.2921e-08
582.4	7.3317e-08
582.6	7.3716e-08
582.8	7.4117e-08
583.0	7.452e-08
583.2	6.3623e-08
583.4	5.173e-08
583.6	4.206e-08
583.8	3.4198e-08
584.0	2.7805e-08
584.2	2.2608e-08
584.4	1.8382e-08
584.6	1.4946e-08
584.8	1.2152e-08
585.0	9.8803e-09
585.2	9.8591e-09
585.4	9.8323e-09
585.6	3.2647e-08
585.8	3.066e-08
586.0	9.8029e-09
586.2	9.7871e-09
586.4	9.799e-09
586.6	9.8158e-09
586.8	9.819e-09
587.0	9.8218e-09
587.2	9.8223e-09
587.4	9.8221e-09
587.6	9.8305e-09
587.8	1.5644e-08
588.0	4.1125e-08
588.2	1.9423e-08
588.4	1.4829e-08
588.6	1.4846e-08
588.8	3.3635e-08
589.0	3.1635e-08
589.2	5.1833e-08
589.4	1.343e-08
589.6	9.967e-09
589.8	9.9623e-09
590.0	9.9685e-09
590.2	9.9769e-09
590.4	9.9666e-09
590.6	1.0859e-08
590.8	1.7952e-08
591.0	1.2636e-08
591.2	9.9541e-09
591.4	9.9431e-09
591.6	9.9314e-09
591.8	9.9301e-09
592.0	2.841e-08
592.2	1.3806e-08
592.4	9.9391e-09
592.6	9.9327e-09
592.8	9.9329e-09
593.0	9.9406e-09
593.2	9.9577e-09
593.4	9.9825e-09
593.6	9.9962e-09
593.8	9.9938e-09
594.0	1.7913e-08
594.2	3.8698e-08
594.4	1.0736e-08
594.6	1.0012e-08
594.8	1.0037e-08
595.0	1.0056e-08
595.2	1.4386e-08
595.4	3.3307e-08
595.6	7.7643e-08
595.8	1.24e-08
596.0	2.1869e-08
596.2	1.6987e-08
596.4	1.0743e-08
596.6	1.0037e-08
596.8	1.6871e-08
597.0	6.1419e-08
597.2	1.3003e-08
597.4	9.9749e-09
597.6	1.6903e-08
597.8	1.5057e-08
598.0	9.9459e-09
598.2	9.9247e-09
598.4	9.9054e-09
598.6	9.8933e-09
598.8	9.875e-09
599.0	1.75e-08
599.2	1.6888e-08
599.4	9.8832e-09
599.6	1.3784e-08
599.8	4.9023e-08
600.0	1.3574e-08
600.2	4.3761e-08
600.4	5.7514e-08
600.6	3.148e-08
600.8	2.3985e-08
601.0	9.9112e-09
601.2	9.925e-09
601.4	2.837e-08
601.6	5.8422e-08
601.8	5.1123e-08
602.0	1.8521e-08
602.2	1.0008e-08
602.4	1.0001e-08
602.6	1.0001e-08
602.8	1.0006e-08
603.0	2.2746e-08
603.2	5.6969e-08
603.4	3.5982e-08
603.6	1.8763e-08
603.8	9.8758e-08
604.0	8.2656e-08
604.2	1.0488e-07
604.4	6.3045e-08
604.6	4.1862e-08
604.8	1.0335e-07
605.0	1.2347e-07
605.2	6.2865e-08
605.4	1.2314e-07
605.6	6.1031e-08
605.8	5.7293e-08
606.0	1.0294e-07
606.2	1.4818e-07
606.4	1.8527e-07
606.6	3.2652e-07
606.8	3.5726e-07
607.0	3.276e-07
607.2	3.4611e-07
607.4	4.2322e-07
607.6	4.7415e-07
607.8	6.0711e-07
608.0	7.9273e-07
608.2	8.7546e-07
608.4	1.0121e-06
608.6	1.1801e-06
608.8	1.3696e-06
609.0	1.6653e-06
609.2	2.0719e-06
609.4	2.5872e-06
609.6	3.1257e-06
609.8	3.839e-06
610.0	4.6933e-06
610.2	5.6422e-06
610.4	7.015e-06
610.6	8.5162e-06
610.8	1.0937e-05
611.0	1.354e-05
611.2	1.7146e-05
611.4	2.1824e-05
611.6	2.6951e-05
611.8	3.4651e-05
612.0	4.4268e-05
612.2	5.6486e-05
612.4	7.2342e-05
612.6	9.4048e-05
612.8	1.2205e-04
613.0	1.5972e-04
613.2	2.0687e-04
613.4	2.6726e-04
613.6	3.5742e-04
613.8	4.7808e-04
614.0	6.4597e-04
614.2	8.7958e-04
614.4	0.0012
614.6	0.00167
614.8	0.00231
615.0	0.00325
615.2	0.0046
615.4	0.00661
615.6	0.00962
615.8	0.0142
616.0	0.02131
616.2	0.03238
616.4	0.04931
616.6	0.07609
616.8	0.11809
617.0	0.183
617.2	0.2789
617.4	0.40634
617.6	0.54347
617.8	0.70082
618.0	0.82826
618.2	0.91421
618.4	0.95899
618.6	0.97748
618.8	0.98337
619.0	0.98474
619.2	0.9841
619.4	0.98348
619.6	0.98516
619.8	0.98626
620.0	0.98825
620.2	0.98948
620.4	0.99015
620.6	0.99085
620.8	0.99036
621.0	0.99007
621.2	0.98897
621.4	0.98846
621.6	0.987
621.8	0.98567
622.0	0.98436
622.2	0.98386
622.4	0.98391
622.6	0.98392
622.8	0.98357
623.0	0.98433
623.2	0.98427
623.4	0.98425
623.6	0.98427
623.8	0.98444
624.0	0.98455
624.2	0.9842
624.4	0.98361
624.6	0.98237
624.8	0.98185
625.0	0.98119
625.2	0.98039
625.4	0.9797
625.6	0.9791
625.8	0.97885
626.0	0.97801
626.2	0.97814
626.4	0.97826
626.6	0.97915
626.8	0.98032
627.0	0.98122
627.2	0.98258
627.4	0.98333
627.6	0.98445
627.8	0.98548
628.0	0.98656
628.2	0.98653
628.4	0.98664
628.6	0.98686
628.8	0.98597
629.0	0.98504
629.2	0.98311
629.4	0.98184
629.6	0.98055
629.8	0.97838
630.0	0.97654
630.2	0.97491
630.4	0.97359
630.6	0.97254
630.8	0.97221
631.0	0.97155
631.2	0.9713
631.4	0.97232
631.6	0.97214
631.8	0.97312
632.0	0.97387
632.2	0.97494
632.4	0.97594
632.6	0.97768
632.8	0.97911
633.0	0.98063
633.2	0.9817
633.4	0.98286
633.6	0.98421
633.8	0.98589
634.0	0.98658
634.2	0.98749
634.4	0.98845
634.6	0.98868
634.8	0.98887
635.0	0.98857
635.2	0.98767
635.4	0.98737
635.6	0.98636
635.8	0.98483
636.0	0.98378
636.2	0.98298
636.4	0.9823
636.6	0.98183
636.8	0.98042
637.0	0.97938
637.2	0.97828
637.4	0.97679
637.6	0.97793
637.8	0.97704
638.0	0.97538
638.2	0.97453
638.4	0.97358
638.6	0.97328
638.8	0.97168
639.0	0.97036
639.2	0.96925
639.4	0.96945
639.6	0.96768
639.8	0.96637
640.0	0.96539
640.2	0.96475
640.4	0.96403
640.6	0.96431
640.8	0.96311
641.0	0.96159
641.2	0.96059
641.4	0.95755
641.6	0.95441
641.8	0.9496
642.0	0.94445
642.2	0.93954
642.4	0.93654
642.6	0.93582
642.8	0.9333
643.0	0.93358
643.2	0.93055
643.4	0.92604
643.6	0.91767
643.8	0.90656
644.0	0.89676
644.2	0.89331
644.4	0.89629
644.6	0.88893
644.8	0.81183
645.0	0.56332
645.2	0.25741
645.4	0.10094
645.6	0.04059
645.8	0.01524
646.0	0.00718
646.2	0.00358
646.4	0.00189
646.6	0.00106
646.8	6.2445e-04
647.0	3.7424e-04
647.2	1.9852e-04
647.4	1.2004e-04
647.6	7.4004e-05
647.8	4.6881e-05
648.0	3.0414e-05
648.2	2.0051e-05
648.4	1.3173e-05
648.6	8.7267e-06
648.8	5.9362e-06
649.0	3.9766e-06
649.2	2.6489e-06
649.4	1.8757e-06
649.6	1.2971e-06
649.8	9.959e-07
650.0	7.1764e-07
650.2	5.7634e-07
650.4	4.0109e-07
650.6	2.4774e-07
650.8	3.2448e-07
651.0	3.0953e-07
651.2	1.5241e-07
651.4	1.3972e-07
651.6	3.5963e-08
651.8	1.9461e-08
652.0	8.614e-08
652.2	9.3734e-08
652.4	1.7495e-08
652.6	3.1321e-08
652.8	8.6061e-08
653.0	3.3027e-08
653.2	1.9893e-08
653.4	1.205e-07
653.6	4.4253e-08
653.8	3.1304e-08
654.0	7.2446e-08
654.2	1.2784e-07
654.4	1.3065e-07
654.6	8.0923e-08
654.8	9.6034e-09
655.0	9.6161e-09
655.2	9.6266e-09
655.4	1.5394e-08
655.6	4.2247e-08
655.8	3.505e-08
656.0	1.1766e-08
656.2	2.847e-08
656.4	6.8542e-08
656.6	1.1226e-07
656.8	9.6926e-08
657.0	7.1129e-08
657.2	8.371e-08
657.4	9.0648e-08
657.6	6.806e-08
657.8	8.843e-08
658.0	2.5705e-08
658.2	2.1691e-08
658.4	8.4607e-08
658.6	1.0255e-07
658.8	5.8687e-08
659.0	6.621e-08
659.2	1.6487e-08
659.4	9.5564e-09
659.6	2.0882e-08
659.8	4.6632e-08
660.0	1.5953e-08
660.2	1.0718e-08
660.4	3.882e-08
660.6	1.6305e-08
660.8	9.6028e-09
661.0	9.6211e-09
661.2	9.6425e-09
661.4	1.682e-08
661.6	7.6833e-08
661.8	1.3262e-08
662.0	2.404e-08
662.2	2.0624e-08
662.4	9.7218e-09
662.6	9.7411e-09
662.8	1.2145e-08
663.0	2.9252e-08
663.2	1.2157e-08
663.4	1.4841e-08
663.6	3.248e-08
663.8	5.1347e-08
664.0	2.6903e-08
664.2	6.8266e-08
664.4	3.1056e-08
664.6	3.6443e-08
664.8	4.882e-08
665.0	3.1347e-08
665.2	1.2496e-08
665.4	3.0519e-08
665.6	9.7886e-09
665.8	9.7608e-09
666.0	9.7424e-09
666.2	2.0276e-08
666.4	3.0839e-08
666.6	2.1482e-08
666.8	2.9406e-08
667.0	2.6416e-08
667.2	1.5797e-08
667.4	4.8344e-08
667.6	2.1015e-08
667.8	1.4517e-08
668.0	1.4525e-08
668.2	1.1983e-08
668.4	1.09e-08
668.6	5.7482e-08
668.8	7.0983e-08
669.0	2.7809e-08
669.2	1.3882e-08
669.4	3.6324e-08
669.6	1.5671e-08
669.8	4.8712e-08
670.0	4.8772e-08
670.2	3.5719e-08
670.4	4.5802e-08
670.6	6.3652e-08
670.8	1.9474e-08
671.0	2.0976e-08
671.2	7.3003e-08
671.4	1.6291e-08
671.6	9.8163e-09
671.8	9.8217e-09
672.0	1.3079e-08
672.2	5.4792e-08
672.4	5.1522e-08
672.6	5.995e-08
672.8	6.854e-08
673.0	4.0796e-08
673.2	1.0221e-08
673.4	1.8039e-08
673.6	5.013e-08
673.8	3.7561e-08
674.0	2.8276e-08
674.2	8.6552e-08
674.4	1.4894e-08
674.6	5.1169e-08
674.8	3.4433e-08
675.0	5.2196e-08
675.2	7.1612e-08
675.4	1.4582e-08
675.6	9.7376e-09
675.8	9.7231e-09
676.0	1.5077e-08
676.2	5.3499e-08
676.4	1.2733e-08
676.6	9.7081e-09
676.8	9.7272e-09
677.0	9.7309e-09
677.2	9.7317e-09
677.4	1.2843e-08
677.6	3.892e-08
677.8	1.2786e-08
678.0	2.7841e-08
678.2	1.5485e-08
678.4	9.7881e-09
678.6	1.4353e-08
678.8	2.4967e-08
679.0	1.0343e-08
679.2	2.2427e-08
679.4	3.0616e-08
679.6	1.4791e-08
679.8	3.4415e-08
680.0	4.6236e-08
680.2	1.2913e-08
680.4	5.4118e-08
680.6	3.6025e-08
680.8	3.2576e-08
681.0	4.8239e-08
681.2	3.5263e-08
681.4	1.6439e-08
681.6	1.2565e-08
681.8	8.6104e-08
682.0	2.0673e-08
682.2	2.6389e-08
682.4	2.1026e-08
682.6	1.0051e-08
682.8	1.006e-08
683.0	1.0069e-08
683.2	1.0049e-08
683.4	1.0053e-08
683.6	1.4969e-08
683.8	2.9331e-08
684.0	4.0423e-08
684.2	3.4977e-08
684.4	2.0357e-08
684.6	3.5399e-08
684.8	4.6242e-08
685.0	4.3777e-08
685.2	3.8966e-08
685.4	4.6926e-08
685.6	6.3673e-08
685.8	8.0125e-08
686.0	1.6419e-08
686.2	2.2301e-08
686.4	2.412e-08
686.6	1.142e-08
686.8	1.9689e-08
687.0	7.4355e-08
687.2	4.2567e-08
687.4	5.4182e-08
687.6	6.5664e-08
687.8	3.8399e-08
688.0	1.2859e-08
688.2	1.4866e-08
688.4	3.8284e-08
688.6	2.1918e-08
688.8	1.258e-08
689.0	1.0107e-08
689.2	1.5564e-08
689.4	2.4723e-08
689.6	1.3107e-08
689.8	3.0759e-08
690.0	3.8704e-08
690.2	5.2524e-08
690.4	4.4755e-08
690.6	3.0047e-08
690.8	3.9831e-08
691.0	6.4582e-08
691.2	1.0154e-08
691.4	3.0902e-08
691.6	6.1759e-08
691.8	3.4746e-08
692.0	1.3718e-08
692.2	2.7043e-08
692.4	1.2779e-08
692.6	3.8728e-08
692.8	1.4057e-08
693.0	1.0184e-08
693.2	1.0194e-08
693.4	1.2372e-08
693.6	2.5993e-08
693.8	4.9288e-08
694.0	1.1557e-08
694.2	1.0225e-08
694.4	1.4668e-08
694.6	1.459e-08
694.8	2.9675e-08
695.0	1.4323e-08
695.2	1.3724e-08
695.4	1.315e-08
695.6	1.2956e-08
695.8	1.2932e-08
696.0	1.2909e-08
696.2	1.2886e-08
696.4	1.2862e-08
696.6	1.2832e-08
696.8	1.2802e-08
697.0	1.2771e-08
697.2	1.2741e-08
697.4	1.2714e-08
697.6	1.2689e-08
697.8	1.2665e-08
698.0	1.2641e-08
698.2	1.2616e-08
698.4	1.2595e-08
698.6	1.2574e-08
698.8	1.2553e-08
699.0	1.2531e-08
699.2	1.251e-08
699.4	1.2487e-08
699.6	1.2464e-08
699.8	1.2441e-08
700.0	1.2418e-08
700.2	1.2401e-08
700.4	1.2385e-08
700.6	1.237e-08
700.8	1.2355e-08
701.0	1.2337e-08
701.2	1.2314e-08
701.4	1.2291e-08
701.6	1.2268e-08
701.8	1.2245e-08
702.0	1.2225e-08
702.2	1.2207e-08
702.4	1.2188e-08
702.6	1.217e-08
702.8	1.2152e-08
703.0	1.2136e-08
703.2	1.2121e-08
703.4	1.2106e-08
703.6	1.2091e-08
703.8	1.2076e-08
704.0	1.2062e-08
704.2	1.2048e-08
704.4	1.2033e-08
704.6	1.2019e-08
704.8	1.2007e-08
705.0	1.1994e-08
705.2	7.3402e-09
705.4	4.492e-09
705.6	2.7489e-09
705.8	1.6823e-09
706.0	1.0295e-09
706.2	8.0874e-10
706.4	8.076e-10
706.6	8.0646e-10
706.8	8.0532e-10
707.0	8.0419e-10
707.2	8.0305e-10
707.4	8.0192e-10
707.6	8.0078e-10
707.8	7.9965e-10
708.0	7.9852e-10
708.2	7.9733e-10
708.4	7.9608e-10
708.6	7.9483e-10
708.8	7.9358e-10
709.0	7.9234e-10
709.2	7.911e-10
709.4	7.8986e-10
709.6	7.8862e-10
709.8	7.8738e-10
710.0	7.8614e-10
710.2	7.8494e-10
710.4	7.8377e-10
710.6	7.8259e-10
710.8	7.8142e-10
711.0	7.8024e-10
711.2	7.7907e-10
711.4	7.7791e-10
711.6	7.7674e-10
711.8	7.7557e-10
712.0	7.7441e-10
712.2	7.732e-10
712.4	7.7196e-10
712.6	7.7073e-10
712.8	7.6949e-10
713.0	7.6826e-10
713.2	7.6703e-10
713.4	7.6581e-10
713.6	7.6458e-10
713.8	7.6336e-10
714.0	7.6214e-10
714.2	8.359e-10
714.4	9.5636e-10
714.6	1.0942e-09
714.8	1.2518e-09
715.0	1.4322e-09
715.2	1.6386e-09
715.4	1.8747e-09
715.6	2.1449e-09
715.8	2.454e-09
716.0	2.8076e-09
716.2	2.7792e-09
716.4	2.4133e-09
716.6	2.0957e-09
716.8	1.8198e-09
717.0	1.5802e-09
717.2	1.3722e-09
717.4	1.1916e-09
717.6	1.0347e-09
717.8	8.985e-10
718.0	7.8023e-10
718.2	8.7975e-10
718.4	1.2032e-09
718.6	1.6456e-09
718.8	2.2506e-09
719.0	3.0781e-09
719.2	4.2098e-09
719.4	5.7577e-09
719.6	7.8746e-09
719.8	1.077e-08
720.0	1.473e-08
720.2	1.3632e-08
720.4	9.9296e-09
720.6	7.2329e-09
720.8	5.2687e-09
721.0	3.8378e-09
721.2	2.7956e-09
721.4	2.0364e-09
721.6	1.4833e-09
721.8	1.0805e-09
722.0	7.8707e-10
722.2	8.442e-10
722.4	1.0909e-09
722.6	1.4097e-09
722.8	1.8217e-09
723.0	2.3541e-09
723.2	3.0421e-09
723.4	3.9312e-09
723.6	5.0801e-09
723.8	6.5648e-09
724.0	8.4833e-09
724.2	1.0243e-08
724.4	1.206e-08
724.6	1.4199e-08
724.8	1.6718e-08
725.0	1.9684e-08
725.2	2.3176e-08
725.4	2.7288e-08
725.6	3.2129e-08
725.8	3.7829e-08
726.0	4.454e-08
726.2	4.9694e-08
726.4	5.2424e-08
726.6	5.5304e-08
726.8	5.8342e-08
727.0	6.1546e-08
727.2	6.4927e-08
727.4	6.8494e-08
727.6	7.2256e-08
727.8	7.6225e-08
728.0	8.0412e-08
728.2	7.134e-08
728.4	5.4772e-08
728.6	4.2051e-08
728.8	3.2285e-08
729.0	2.4787e-08
729.2	1.903e-08
729.4	1.4611e-08
729.6	1.1217e-08
729.8	8.6122e-09
730.0	6.6121e-09
730.2	5.2055e-09
730.4	4.1673e-09
730.6	3.3362e-09
730.8	2.6708e-09
731.0	2.1382e-09
731.2	1.7117e-09
731.4	1.3703e-09
731.6	1.097e-09
731.8	8.7825e-10
732.0	7.0309e-10
732.2	8.6607e-10
732.4	1.332e-09
732.6	2.0485e-09
732.8	3.1505e-09
733.0	4.8454e-09
733.2	7.452e-09
733.4	1.1461e-08
733.6	1.7626e-08
733.8	2.7109e-08
734.0	4.1692e-08
734.2	3.4727e-08
734.4	2.2789e-08
734.6	1.4954e-08
734.8	9.8133e-09
735.0	6.4397e-09
735.2	4.2259e-09
735.4	2.7731e-09
735.6	1.8197e-09
735.8	1.1942e-09
736.0	7.8363e-10
736.2	6.6684e-10
736.4	7.4371e-10
736.6	8.2944e-10
736.8	9.2506e-10
737.0	1.0317e-09
737.2	1.1506e-09
737.4	1.2833e-09
737.6	1.4312e-09
737.8	1.5962e-09
738.0	1.7802e-09
738.2	1.7584e-09
738.4	1.5727e-09
738.6	1.4066e-09
738.8	1.258e-09
739.0	1.1252e-09
739.2	1.0063e-09
739.4	9.0004e-10
739.6	8.0498e-10
739.8	7.1996e-10
740.0	6.4392e-10
740.2	6.1616e-10
740.4	6.1561e-10
740.6	6.1506e-10
740.8	6.1451e-10
741.0	6.1396e-10
741.2	6.1341e-10
741.4	6.1286e-10
741.6	6.1232e-10
741.8	6.1177e-10
742.0	6.1122e-10
742.2	7.4334e-10
742.4	9.9376e-10
742.6	1.3285e-09
742.8	1.7761e-09
743.0	2.3745e-09
743.2	3.1744e-09
743.4	4.2438e-09
743.6	5.6734e-09
743.8	7.5847e-09
744.0	1.014e-08
744.2	8.8456e-09
744.4	6.6676e-09
744.6	5.0258e-09
744.8	3.7883e-09
745.0	2.8555e-09
745.2	2.1524e-09
745.4	1.6224e-09
745.6	1.2229e-09
745.8	9.2178e-10
746.0	6.9481e-10
746.2	5.979e-10
746.4	5.974e-10
746.6	5.9691e-10
746.8	5.9641e-10
747.0	5.9591e-10
747.2	5.9542e-10
747.4	5.9492e-10
747.6	5.9443e-10
747.8	5.9393e-10
748.0	5.9344e-10
748.2	6.4667e-10
748.4	7.5986e-10
748.6	8.9286e-10
748.8	1.0491e-09
749.0	1.2328e-09
749.2	1.4485e-09
749.4	1.7021e-09
749.6	2.0e-09
749.8	2.3501e-09
750.0	2.7614e-09
750.2	2.6672e-09
750.4	2.2667e-09
750.6	1.9263e-09
750.8	1.6371e-09
751.0	1.3913e-09
751.2	1.1824e-09
751.4	1.0048e-09
751.6	8.5396e-10
751.8	7.2573e-10
752.0	6.1676e-10
752.2	5.8487e-10
752.4	5.8467e-10
752.6	5.8448e-10
752.8	5.8429e-10
753.0	5.841e-10
753.2	5.8391e-10
753.4	5.8371e-10
753.6	5.8352e-10
753.8	5.8333e-10
754.0	5.8314e-10
754.2	5.827e-10
754.4	5.8218e-10
754.6	5.8166e-10
754.8	5.8113e-10
755.0	5.8061e-10
755.2	5.8009e-10
755.4	5.7957e-10
755.6	5.7906e-10
755.8	5.7854e-10
756.0	5.7802e-10
756.2	6.314e-10
756.4	7.6751e-10
756.6	9.3296e-10
756.8	1.1341e-09
757.0	1.3786e-09
757.2	1.6757e-09
757.4	2.037e-09
757.6	2.4761e-09
757.8	3.0098e-09
758.0	3.6587e-09
758.2	3.622e-09
758.4	2.9778e-09
758.6	2.4482e-09
758.8	2.0128e-09
759.0	1.6548e-09
759.2	1.3605e-09
759.4	1.1186e-09
759.6	9.1963e-10
759.8	7.5608e-10
760.0	6.2161e-10
760.2	5.7464e-10
760.4	5.744e-10
760.6	5.7416e-10
760.8	5.7393e-10
761.0	5.7369e-10
761.2	5.7345e-10
761.4	5.7322e-10
761.6	5.7298e-10
761.8	5.7274e-10
762.0	5.7251e-10
762.2	5.7224e-10
762.4	5.7196e-10
762.6	5.7168e-10
762.8	5.714e-10
763.0	5.7112e-10
763.2	5.7083e-10
763.4	5.7055e-10
763.6	5.7027e-10
763.8	5.6999e-10
764.0	5.6971e-10
764.2	5.6934e-10
764.4	5.6893e-10
764.6	5.6853e-10
764.8	5.6812e-10
765.0	5.6772e-10
765.2	5.6731e-10
765.4	5.6691e-10
765.6	5.6651e-10
765.8	5.661e-10
766.0	5.657e-10
766.2	5.6537e-10
766.4	5.6512e-10
766.6	5.6488e-10
766.8	5.6463e-10
767.0	5.6439e-10
767.2	5.6414e-10
767.4	5.6389e-10
767.6	5.6365e-10
767.8	5.634e-10
768.0	5.6315e-10
768.2	5.6295e-10
768.4	5.6277e-10
768.6	5.626e-10
768.8	5.6243e-10
769.0	5.6225e-10
769.2	5.6208e-10
769.4	5.619e-10
769.6	5.6173e-10
769.8	5.6155e-10
770.0	5.6138e-10
770.2	5.6132e-10
770.4	5.6132e-10
770.6	5.6133e-10
770.8	5.6133e-10
771.0	5.6133e-10
771.2	5.6134e-10
771.4	5.6134e-10
771.6	5.6134e-10
771.8	5.6135e-10
772.0	5.6135e-10
772.2	5.6135e-10
772.4	5.6135e-10
772.6	5.6134e-10
772.8	5.6134e-10
773.0	5.6133e-10
773.2	5.6133e-10
773.4	5.6132e-10
773.6	5.6132e-10
773.8	5.6132e-10
774.0	5.6131e-10
774.2	5.6111e-10
774.4	5.6086e-10
774.6	5.6061e-10
774.8	5.6036e-10
775.0	5.6011e-10
775.2	5.5987e-10
775.4	5.5962e-10
775.6	5.5937e-10
775.8	5.5912e-10
776.0	5.5887e-10
776.2	5.5869e-10
776.4	5.5859e-10
776.6	5.5849e-10
776.8	5.5839e-10
777.0	5.5829e-10
777.2	5.5818e-10
777.4	5.5808e-10
777.6	5.5798e-10
777.8	5.5788e-10
778.0	5.5778e-10
778.2	6.2872e-10
778.4	7.9339e-10
778.6	1.0012e-09
778.8	1.2634e-09
779.0	1.5943e-09
779.2	2.0119e-09
779.4	2.5389e-09
779.6	3.2038e-09
779.8	4.043e-09
780.0	5.1019e-09
780.2	5.8686e-09
780.4	6.3544e-09
780.6	6.8804e-09
780.8	7.45e-09
781.0	8.0667e-09
781.2	8.7344e-09
781.4	9.4574e-09
781.6	1.024e-08
781.8	1.1088e-08
782.0	1.2006e-08
782.2	1.2033e-08
782.4	1.1657e-08
782.6	1.1294e-08
782.8	1.0942e-08
783.0	1.06e-08
783.2	1.027e-08
783.4	9.9495e-09
783.6	9.6392e-09
783.8	9.3386e-09
784.0	9.0473e-09
784.2	7.2747e-09
784.4	5.5666e-09
784.6	4.2596e-09
784.8	3.2594e-09
785.0	2.4941e-09
785.2	1.9085e-09
785.4	1.4604e-09
785.6	1.1175e-09
785.8	8.551e-10
786.0	6.5433e-10
786.2	6.3156e-10
786.4	8.2417e-10
786.6	1.0755e-09
786.8	1.4035e-09
787.0	1.8316e-09
787.2	2.3901e-09
787.4	3.1191e-09
787.6	4.0703e-09
787.8	5.3116e-09
788.0	6.9315e-09
788.2	7.7667e-09
788.4	7.5815e-09
788.6	7.4007e-09
788.8	7.2243e-09
789.0	7.052e-09
789.2	6.8839e-09
789.4	6.7197e-09
789.6	6.5595e-09
789.8	6.4031e-09
790.0	6.2504e-09
790.2	5.3258e-09
790.4	4.1825e-09
790.6	3.2846e-09
790.8	2.5795e-09
791.0	2.0258e-09
791.2	1.5909e-09
791.4	1.2494e-09
791.6	9.8116e-10
791.8	7.7053e-10
792.0	6.0512e-10
792.2	6.3587e-10
792.4	7.4833e-10
792.6	8.8067e-10
792.8	1.0364e-09
793.0	1.2197e-09
793.2	1.4354e-09
793.4	1.6893e-09
793.6	1.988e-09
793.8	2.3396e-09
794.0	2.7534e-09
794.2	2.7243e-09
794.4	2.5949e-09
794.6	2.4717e-09
794.8	2.3542e-09
795.0	2.2424e-09
795.2	2.1359e-09
795.4	2.0344e-09
795.6	1.9378e-09
795.8	1.8457e-09
796.0	1.7581e-09
796.2	1.6304e-09
796.4	1.4594e-09
796.6	1.3063e-09
796.8	1.1693e-09
797.0	1.0467e-09
797.2	9.3692e-10
797.4	8.3865e-10
797.6	7.5069e-10
797.8	6.7196e-10
798.0	6.0149e-10
798.2	5.7104e-10
798.4	5.7119e-10
798.6	5.7134e-10
798.8	5.7149e-10
799.0	5.7163e-10
799.2	5.7178e-10
799.4	5.7193e-10
799.6	5.7208e-10
799.8	5.7223e-10
800.0	5.7237e-10
800.2	6.3486e-10
800.4	7.4726e-10
800.6	8.7956e-10
800.8	1.0353e-09
801.0	1.2186e-09
801.2	1.4343e-09
801.4	1.6883e-09
801.6	1.9872e-09
801.8	2.3391e-09
802.0	2.7532e-09
802.2	2.8253e-09
802.4	2.763e-09
802.6	2.702e-09
802.8	2.6424e-09
803.0	2.5841e-09
803.2	2.527e-09
803.4	2.4713e-09
803.6	2.4167e-09
803.8	2.3634e-09
804.0	2.3112e-09
804.2	2.7468e-09
804.4	3.3833e-09
804.6	4.1673e-09
804.8	5.133e-09
805.0	6.3225e-09
805.2	7.7877e-09
805.4	9.5923e-09
805.6	1.1815e-08
805.8	1.4553e-08
806.0	1.7926e-08
806.2	1.9762e-08
806.4	1.8572e-08
806.6	1.7454e-08
806.8	1.6403e-08
807.0	1.5415e-08
807.2	1.4487e-08
807.4	1.3615e-08
807.6	1.2795e-08
807.8	1.2025e-08
808.0	1.1301e-08
808.2	1.1317e-08
808.4	1.2032e-08
808.6	1.2792e-08
808.8	1.36e-08
809.0	1.446e-08
809.2	1.5373e-08
809.4	1.6344e-08
809.6	1.7376e-08
809.8	1.8474e-08
810.0	1.9641e-08
810.2	1.906e-08
810.4	1.751e-08
810.6	1.6087e-08
810.8	1.4779e-08
811.0	1.3577e-08
811.2	1.2473e-08
811.4	1.1459e-08
811.6	1.0528e-08
811.8	9.6717e-09
812.0	8.8853e-09
812.2	8.4389e-09
812.4	8.1116e-09
812.6	7.797e-09
812.8	7.4946e-09
813.0	7.2039e-09
813.2	6.9245e-09
813.4	6.6559e-09
813.6	6.3977e-09
813.8	6.1496e-09
814.0	5.9111e-09
814.2	6.744e-09
814.4	7.9306e-09
814.6	9.326e-09
814.8	1.0967e-08
815.0	1.2897e-08
815.2	1.5166e-08
815.4	1.7834e-08
815.6	2.0972e-08
815.8	2.4662e-08
816.0	2.9001e-08
816.2	3.4344e-08
816.4	4.1109e-08
816.6	4.9208e-08
816.8	5.8902e-08
817.0	7.0506e-08
817.2	8.4395e-08
817.4	1.0102e-07
817.6	1.2092e-07
817.8	1.4474e-07
818.0	1.7326e-07
818.2	1.6234e-07
818.4	1.2022e-07
818.6	8.9033e-08
818.8	6.5934e-08
819.0	4.8828e-08
819.2	3.616e-08
819.4	2.6778e-08
819.6	1.9831e-08
819.8	1.4686e-08
820.0	1.0876e-08
820.2	8.9084e-09
820.4	7.752e-09
820.6	6.7458e-09
820.8	5.8701e-09
821.0	5.1082e-09
821.2	4.4451e-09
821.4	3.8681e-09
821.6	3.366e-09
821.8	2.9291e-09
822.0	2.5489e-09
822.2	2.2172e-09
822.4	1.9284e-09
822.6	1.6772e-09
822.8	1.4588e-09
823.0	1.2688e-09
823.2	1.1035e-09
823.4	9.5979e-10
823.6	8.3478e-10
823.8	7.2606e-10
824.0	6.3149e-10
824.2	6.1992e-10
824.4	6.2016e-10
824.6	6.204e-10
824.8	6.2065e-10
825.0	6.2089e-10
825.2	6.2114e-10
825.4	6.2138e-10
825.6	6.2163e-10
825.8	6.2187e-10
826.0	6.2212e-10
826.2	6.2239e-10
826.4	6.2271e-10
826.6	6.2304e-10
826.8	6.2336e-10
827.0	6.2368e-10
827.2	6.24e-10
827.4	6.2432e-10
827.6	6.2465e-10
827.8	6.2497e-10
828.0	6.2529e-10
828.2	7.3321e-10
828.4	9.9834e-10
828.6	1.3594e-09
828.8	1.8509e-09
829.0	2.5202e-09
829.2	3.4315e-09
829.4	4.6724e-09
829.6	6.3619e-09
829.8	8.6625e-09
830.0	1.1795e-08
830.2	1.362e-08
830.4	1.4305e-08
830.6	1.5026e-08
830.8	1.5782e-08
831.0	1.6577e-08
831.2	1.7411e-08
831.4	1.8288e-08
831.6	1.9209e-08
831.8	2.0176e-08
832.0	2.1192e-08
832.2	2.7163e-08
832.4	3.7077e-08
832.6	5.0609e-08
832.8	6.9079e-08
833.0	9.4291e-08
833.2	1.2871e-07
833.4	1.7568e-07
833.6	2.398e-07
833.8	3.2732e-07
834.0	4.4678e-07
834.2	4.9491e-07
834.4	5.3427e-07
834.6	5.7675e-07
834.8	6.2261e-07
835.0	6.7211e-07
835.2	7.2556e-07
835.4	7.8325e-07
835.6	8.4553e-07
835.8	9.1276e-07
836.0	9.8534e-07
836.2	9.8188e-07
836.4	8.4603e-07
836.6	7.2897e-07
836.8	6.2811e-07
837.0	5.412e-07
837.2	4.6632e-07
837.4	4.018e-07
837.6	3.4621e-07
837.8	2.983e-07
838.0	2.5703e-07
838.2	2.3936e-07
838.4	2.4248e-07
838.6	2.4564e-07
838.8	2.4885e-07
839.0	2.5209e-07
839.2	2.5538e-07
839.4	2.5871e-07
839.6	2.6209e-07
839.8	2.655e-07
840.0	2.6897e-07
840.2	2.9617e-07
840.4	3.4399e-07
840.6	3.9954e-07
840.8	4.6405e-07
841.0	5.3897e-07
841.2	6.26e-07
841.4	7.2707e-07
841.6	8.4446e-07
841.8	9.8081e-07
842.0	1.1392e-06
842.2	1.1975e-06
842.4	1.2165e-06
842.6	1.2358e-06
842.8	1.2554e-06
843.0	1.2753e-06
843.2	1.2955e-06
843.4	1.3161e-06
843.6	1.337e-06
843.8	1.3582e-06
844.0	1.3798e-06
844.2	1.1962e-06
844.4	1.0149e-06
844.6	8.6111e-07
844.8	7.3061e-07
845.0	6.1988e-07
845.2	5.2593e-07
845.4	4.4622e-07
845.6	3.7859e-07
845.8	3.2122e-07
846.0	2.7253e-07
846.2	2.409e-07
846.4	2.3099e-07
846.6	2.2148e-07
846.8	2.1237e-07
847.0	2.0363e-07
847.2	1.9525e-07
847.4	1.8721e-07
847.6	1.7951e-07
847.8	1.7212e-07
848.0	1.6503e-07
848.2	1.612e-07
848.4	1.6077e-07
848.6	1.6034e-07
848.8	1.5992e-07
849.0	1.5949e-07
849.2	1.5907e-07
849.4	1.5865e-07
849.6	1.5823e-07
849.8	1.5781e-07
850.0	1.5739e-07
850.2	1.6181e-07
850.4	1.6967e-07
850.6	1.7793e-07
850.8	1.8658e-07
851.0	1.9566e-07
851.2	2.0517e-07
851.4	2.1515e-07
851.6	2.2561e-07
851.8	2.3659e-07
852.0	2.4809e-07
852.2	2.7558e-07
852.4	3.122e-07
852.6	3.5369e-07
852.8	4.0069e-07
853.0	4.5393e-07
853.2	5.1426e-07
853.4	5.826e-07
853.6	6.6002e-07
853.8	7.4773e-07
854.0	8.4709e-07
854.2	9.3548e-07
854.4	1.0297e-06
854.6	1.1333e-06
854.8	1.2475e-06
855.0	1.3731e-06
855.2	1.5113e-06
855.4	1.6635e-06
855.6	1.831e-06
855.8	2.0153e-06
856.0	2.2182e-06
856.2	2.2809e-06
856.4	2.0552e-06
856.6	1.8517e-06
856.8	1.6685e-06
857.0	1.5033e-06
857.2	1.3545e-06
857.4	1.2204e-06
857.6	1.0996e-06
857.8	9.9079e-07
858.0	8.9272e-07
858.2	8.1154e-07
858.4	7.4488e-07
858.6	6.8369e-07
858.8	6.2753e-07
859.0	5.7598e-07
859.2	5.2867e-07
859.4	4.8524e-07
859.6	4.4538e-07
859.8	4.088e-07
860.0	3.7522e-07
860.2	3.5876e-07
860.4	3.5154e-07
860.6	3.4447e-07
860.8	3.3754e-07
861.0	3.3075e-07
861.2	3.241e-07
861.4	3.1758e-07
861.6	3.1119e-07
861.8	3.0493e-07
862.0	2.9879e-07
862.2	2.9922e-07
862.4	3.0159e-07
862.6	3.0398e-07
862.8	3.0639e-07
863.0	3.0882e-07
863.2	3.1127e-07
863.4	3.1374e-07
863.6	3.1623e-07
863.8	3.1874e-07
864.0	3.2127e-07
864.2	3.3467e-07
864.4	3.4963e-07
864.6	3.6526e-07
864.8	3.8159e-07
865.0	3.9865e-07
865.2	4.1647e-07
865.4	4.3509e-07
865.6	4.5454e-07
865.8	4.7487e-07
866.0	4.961e-07
866.2	5.2749e-07
866.4	5.8084e-07
866.6	6.3959e-07
866.8	7.0428e-07
867.0	7.7551e-07
867.2	8.5395e-07
867.4	9.4032e-07
867.6	1.0354e-06
867.8	1.1402e-06
868.0	1.2555e-06
868.2	1.413e-06
868.4	1.6277e-06
868.6	1.8749e-06
868.8	2.1597e-06
869.0	2.4878e-06
869.2	2.8657e-06
869.4	3.3011e-06
869.6	3.8025e-06
869.8	4.3802e-06
870.0	5.0456e-06
870.2	5.9624e-06
870.4	7.1499e-06
870.6	8.574e-06
870.8	1.0282e-05
871.0	1.233e-05
871.2	1.4785e-05
871.4	1.773e-05
871.6	2.1262e-05
871.8	2.5497e-05
872.0	3.0575e-05
872.2	3.3715e-05
872.4	3.6333e-05
872.6	3.9154e-05
872.8	4.2194e-05
873.0	4.5471e-05
873.2	4.9001e-05
873.4	5.2806e-05
873.6	5.6907e-05
873.8	6.1325e-05
874.0	6.6087e-05
874.2	6.0476e-05
874.4	5.4766e-05
874.6	4.9596e-05
874.8	4.4914e-05
875.0	4.0674e-05
875.2	3.6834e-05
875.4	3.3357e-05
875.6	3.0207e-05
875.8	2.7356e-05
876.0	2.4773e-05
876.2	2.2333e-05
876.4	1.9928e-05
876.6	1.7781e-05
876.8	1.5866e-05
877.0	1.4157e-05
877.2	1.2632e-05
877.4	1.1271e-05
877.6	1.0057e-05
877.8	8.9737e-06
878.0	8.0071e-06
878.2	7.1836e-06
878.4	6.4862e-06
878.6	5.8566e-06
878.8	5.288e-06
879.0	4.7746e-06
879.2	4.3111e-06
879.4	3.8926e-06
879.6	3.5147e-06
879.8	3.1735e-06
880.0	2.8654e-06
880.2	2.6545e-06
880.4	2.4989e-06
880.6	2.3525e-06
880.8	2.2146e-06
881.0	2.0849e-06
881.2	1.9627e-06
881.4	1.8477e-06
881.6	1.7394e-06
881.8	1.6375e-06
882.0	1.5415e-06
882.2	1.4878e-06
882.4	1.4464e-06
882.6	1.4062e-06
882.8	1.3671e-06
883.0	1.329e-06
883.2	1.2921e-06
883.4	1.2561e-06
883.6	1.2212e-06
883.8	1.1872e-06
884.0	1.1542e-06
884.2	1.1453e-06
884.4	1.1381e-06
884.6	1.1309e-06
884.8	1.1237e-06
885.0	1.1166e-06
885.2	1.1095e-06
885.4	1.1024e-06
885.6	1.0954e-06
885.8	1.0885e-06
886.0	1.0816e-06
886.2	1.0879e-06
886.4	1.13e-06
886.6	1.1737e-06
886.8	1.2191e-06
887.0	1.2663e-06
887.2	1.3153e-06
887.4	1.3661e-06
887.6	1.419e-06
887.8	1.4739e-06
888.0	1.5309e-06
888.2	1.6039e-06
888.4	1.6994e-06
888.6	1.8005e-06
888.8	1.9077e-06
889.0	2.0213e-06
889.2	2.1416e-06
889.4	2.2691e-06
889.6	2.4042e-06
889.8	2.5473e-06
890.0	2.6989e-06
890.2	2.9028e-06
890.4	3.1534e-06
890.6	3.4256e-06
890.8	3.7214e-06
891.0	4.0426e-06
891.2	4.3917e-06
891.4	4.7708e-06
891.6	5.1827e-06
891.8	5.6302e-06
892.0	6.1162e-06
892.2	6.5208e-06
892.4	6.9122e-06
892.6	7.327e-06
892.8	7.7668e-06
893.0	8.233e-06
893.2	8.7271e-06
893.4	9.2509e-06
893.6	9.8062e-06
893.8	1.0395e-05
894.0	1.1019e-05
894.2	1.0763e-05
894.4	1.0455e-05
894.6	1.0155e-05
894.8	9.8632e-06
895.0	9.5802e-06
895.2	9.3053e-06
895.4	9.0383e-06
895.6	8.7789e-06
895.8	8.527e-06
896.0	8.2823e-06
896.2	8.0651e-06
896.4	7.909e-06
896.6	7.7559e-06
896.8	7.6057e-06
897.0	7.4585e-06
897.2	7.3141e-06
897.4	7.1725e-06
897.6	7.0337e-06
897.8	6.8975e-06
898.0	6.764e-06
898.2	6.6654e-06
898.4	6.6098e-06
898.6	6.5547e-06
898.8	6.5e-06
899.0	6.4458e-06
899.2	6.3921e-06
899.4	6.3388e-06
899.6	6.2859e-06
899.8	6.2335e-06
900.0	6.1815e-06
900.2	6.1954e-06
900.4	6.2527e-06
900.6	6.3104e-06
900.8	6.3687e-06
901.0	6.4275e-06
901.2	6.4868e-06
901.4	6.5467e-06
901.6	6.6072e-06
901.8	6.6682e-06
902.0	6.7298e-06
902.2	6.7448e-06
902.4	6.7467e-06
902.6	6.7485e-06
902.8	6.7504e-06
903.0	6.7522e-06
903.2	6.7541e-06
903.4	6.756e-06
903.6	6.7578e-06
903.8	6.7597e-06
904.0	6.7615e-06
904.2	6.5422e-06
904.4	6.3201e-06
904.6	6.1055e-06
904.8	5.8983e-06
905.0	5.698e-06
905.2	5.5046e-06
905.4	5.3177e-06
905.6	5.1372e-06
905.8	4.9627e-06
906.0	4.7943e-06
906.2	4.6456e-06
906.4	4.5398e-06
906.6	4.4364e-06
906.8	4.3354e-06
907.0	4.2367e-06
907.2	4.1402e-06
907.4	4.0459e-06
907.6	3.9537e-06
907.8	3.8637e-06
908.0	3.7757e-06
908.2	3.6899e-06
908.4	3.6065e-06
908.6	3.5249e-06
908.8	3.4451e-06
909.0	3.3672e-06
909.2	3.291e-06
909.4	3.2166e-06
909.6	3.1438e-06
909.8	3.0727e-06
910.0	3.0032e-06
910.2	2.971e-06
910.4	2.9616e-06
910.6	2.9523e-06
910.8	2.9429e-06
911.0	2.9336e-06
911.2	2.9243e-06
911.4	2.9151e-06
911.6	2.9059e-06
911.8	2.8967e-06
912.0	2.8875e-06
912.2	2.91e-06
912.4	2.9409e-06
912.6	2.9722e-06
912.8	3.0038e-06
913.0	3.0357e-06
913.2	3.068e-06
913.4	3.1006e-06
913.6	3.1336e-06
913.8	3.1669e-06
914.0	3.2005e-06
914.2	3.2586e-06
914.4	3.3182e-06
914.6	3.3788e-06
914.8	3.4406e-06
915.0	3.5035e-06
915.2	3.5676e-06
915.4	3.6328e-06
915.6	3.6993e-06
915.8	3.7669e-06
916.0	3.8358e-06
916.2	3.9232e-06
916.4	4.0706e-06
916.6	4.2235e-06
916.8	4.3822e-06
917.0	4.5468e-06
917.2	4.7177e-06
917.4	4.8949e-06
917.6	5.0788e-06
917.8	5.2696e-06
918.0	5.4676e-06
918.2	5.6269e-06
918.4	5.7246e-06
918.6	5.824e-06
918.8	5.9252e-06
919.0	6.0281e-06
919.2	6.1327e-06
919.4	6.2392e-06
919.6	6.3476e-06
919.8	6.4578e-06
920.0	6.5699e-06
920.2	6.6161e-06
920.4	6.6174e-06
920.6	6.6186e-06
920.8	6.6199e-06
921.0	6.6212e-06
921.2	6.6225e-06
921.4	6.6237e-06
921.6	6.625e-06
921.8	6.6263e-06
922.0	6.6276e-06
922.2	6.5929e-06
922.4	6.5489e-06
922.6	6.5053e-06
922.8	6.4619e-06
923.0	6.4188e-06
923.2	6.376e-06
923.4	6.3335e-06
923.6	6.2913e-06
923.8	6.2493e-06
924.0	6.2077e-06
924.2	6.1381e-06
924.4	6.0687e-06
924.6	6.0001e-06
924.8	5.9323e-06
925.0	5.8652e-06
925.2	5.7989e-06
925.4	5.7334e-06
925.6	5.6685e-06
925.8	5.6045e-06
926.0	5.5411e-06
926.2	5.5052e-06
926.4	5.562e-06
926.6	5.6193e-06
926.8	5.6773e-06
927.0	5.7358e-06
927.2	5.7949e-06
927.4	5.8547e-06
927.6	5.915e-06
927.8	5.976e-06
928.0	6.0376e-06
928.2	6.0738e-06
928.4	6.0735e-06
928.6	6.0731e-06
928.8	6.0728e-06
929.0	6.0724e-06
929.2	6.0721e-06
929.4	6.0717e-06
929.6	6.0714e-06
929.8	6.071e-06
930.0	6.0707e-06
930.2	6.0444e-06
930.4	6.0016e-06
930.6	5.959e-06
930.8	5.9167e-06
931.0	5.8748e-06
931.2	5.8331e-06
931.4	5.7917e-06
931.6	5.7506e-06
931.8	5.7098e-06
932.0	5.6693e-06
932.2	5.5963e-06
932.4	5.5162e-06
932.6	5.4372e-06
932.8	5.3594e-06
933.0	5.2826e-06
933.2	5.207e-06
933.4	5.1325e-06
933.6	5.059e-06
933.8	4.9865e-06
934.0	4.9152e-06
934.2	4.8107e-06
934.4	4.7085e-06
934.6	4.6085e-06
934.8	4.5106e-06
935.0	4.4148e-06
935.2	4.321e-06
935.4	4.2292e-06
935.6	4.1394e-06
935.8	4.0515e-06
936.0	3.9654e-06
936.2	3.8933e-06
936.4	3.8688e-06
936.6	3.8446e-06
936.8	3.8205e-06
937.0	3.7965e-06
937.2	3.7727e-06
937.4	3.749e-06
937.6	3.7255e-06
937.8	3.7022e-06
938.0	3.679e-06
938.2	3.6558e-06
938.4	3.6327e-06
938.6	3.6097e-06
938.8	3.5869e-06
939.0	3.5643e-06
939.2	3.5417e-06
939.4	3.5193e-06
939.6	3.4971e-06
939.8	3.475e-06
940.0	3.453e-06
940.2	3.4371e-06
940.4	3.4251e-06
940.6	3.4132e-06
940.8	3.4013e-06
941.0	3.3894e-06
941.2	3.3873e-06
941.4	3.4195e-06
941.6	3.4519e-06
941.8	3.4847e-06
942.0	3.5178e-06
942.2	3.5417e-06
942.4	3.5633e-06
942.6	3.585e-06
942.8	3.6069e-06
943.0	3.6289e-06
943.2	3.6528e-06
943.4	3.6793e-06
943.6	3.7061e-06
943.8	3.733e-06
944.0	3.7601e-06
944.2	3.7966e-06
944.4	3.8333e-06
944.6	3.8704e-06
944.8	3.9079e-06
945.0	3.9458e-06
945.2	3.9879e-06
945.4	4.033e-06
945.6	4.0786e-06
945.8	4.1247e-06
946.0	4.1713e-06
946.2	4.2185e-06
946.4	4.2662e-06
946.6	4.3144e-06
946.8	4.3632e-06
947.0	4.4125e-06
947.2	4.472e-06
947.4	4.5344e-06
947.6	4.5977e-06
947.8	4.6619e-06
948.0	4.727e-06
948.2	4.7929e-06
948.4	4.8598e-06
948.6	4.9277e-06
948.8	4.9964e-06
949.0	5.0652e-06
949.2	5.107e-06
949.4	5.1493e-06
949.6	5.1918e-06
949.8	5.2347e-06
950.0	5.278e-06
950.2	5.3729e-06
950.4	5.6704e-06
950.6	5.9843e-06
950.8	6.3156e-06
951.0	6.3724e-06
951.2	6.1883e-06
951.4	6.0096e-06
951.6	5.836e-06
951.8	6.0442e-06
952.0	6.3177e-06
952.2	6.6036e-06
952.4	6.8841e-06
952.6	7.1032e-06
952.8	7.3293e-06
953.0	7.5626e-06
953.2	7.8009e-06
953.4	8.0446e-06
953.6	8.2959e-06
953.8	8.555e-06
954.0	8.5865e-06
954.2	8.5832e-06
954.4	8.5799e-06
954.6	8.6238e-06
954.8	8.8602e-06
955.0	9.103e-06
955.2	9.3524e-06
955.4	9.5771e-06
955.6	9.7791e-06
955.8	9.9854e-06
956.0	1.0196e-05
956.2	1.0545e-05
956.4	1.0926e-05
956.6	1.1321e-05
956.8	1.17e-05
957.0	1.197e-05
957.2	1.2246e-05
957.4	1.2528e-05
957.6	1.2762e-05
957.8	1.2952e-05
958.0	1.3145e-05
958.2	1.3341e-05
958.4	1.385e-05
958.6	1.4426e-05
958.8	1.5027e-05
959.0	1.5527e-05
959.2	1.5549e-05
959.4	1.5571e-05
959.6	1.5593e-05
959.8	1.5715e-05
960.0	1.5925e-05
960.2	1.6138e-05
960.4	1.6353e-05
960.6	1.6531e-05
960.8	1.6704e-05
961.0	1.688e-05
961.2	1.7046e-05
961.4	1.7173e-05
961.6	1.7301e-05
961.8	1.743e-05
962.0	1.7466e-05
962.2	1.7425e-05
962.4	1.7383e-05
962.6	1.7342e-05
962.8	1.7431e-05
963.0	1.7537e-05
963.2	1.7644e-05
963.4	1.7707e-05
963.6	1.7619e-05
963.8	1.7532e-05
964.0	1.7445e-05
964.2	1.7357e-05
964.4	1.7269e-05
964.6	1.718e-05
964.8	1.7093e-05
965.0	1.6833e-05
965.2	1.6557e-05
965.4	1.6287e-05
965.6	1.6007e-05
965.8	1.5688e-05
966.0	1.5376e-05
966.2	1.5069e-05
966.4	1.4853e-05
966.6	1.4699e-05
966.8	1.4547e-05
967.0	1.4396e-05
967.2	1.4252e-05
967.4	1.4111e-05
967.6	1.3971e-05
967.8	1.3727e-05
968.0	1.3198e-05
968.2	1.2689e-05
968.4	1.22e-05
968.6	1.1746e-05
968.8	1.132e-05
969.0	1.0909e-05
969.2	1.0514e-05
969.4	1.0125e-05
969.6	9.7505e-06
969.8	9.3898e-06
970.0	9.0119e-06
970.2	8.574e-06
970.4	8.1574e-06
970.6	7.761e-06
970.8	7.439e-06
971.0	7.163e-06
971.2	6.8972e-06
971.4	6.6412e-06
971.6	6.3806e-06
971.8	6.1297e-06
972.0	5.8886e-06
972.2	5.6345e-06
972.4	5.3913e-06
972.6	5.1587e-06
972.8	4.9361e-06
973.0	4.723e-06
973.2	4.5192e-06
973.4	4.3242e-06
973.6	4.1376e-06
973.8	3.959e-06
974.0	3.7882e-06
974.2	3.6247e-06
974.4	3.4683e-06
974.6	3.3186e-06
974.8	3.1754e-06
975.0	3.0384e-06
975.2	2.9072e-06
975.4	2.7818e-06
975.6	2.7816e-06
975.8	2.8007e-06
976.0	2.8198e-06
976.2	2.8391e-06
976.4	2.8586e-06
976.6	2.8782e-06
976.8	2.8979e-06
977.0	2.9177e-06
977.2	2.9377e-06
977.4	2.9578e-06
977.6	2.978e-06
977.8	2.9984e-06
978.0	3.0189e-06
978.2	3.0396e-06
978.4	3.0604e-06
978.6	3.0814e-06
978.8	3.1025e-06
979.0	3.1237e-06
979.2	3.1451e-06
979.4	3.1487e-06
979.6	3.1066e-06
979.8	3.0652e-06
980.0	3.0242e-06
980.2	2.9838e-06
980.4	2.944e-06
980.6	2.9047e-06
980.8	2.8659e-06
981.0	2.8276e-06
981.2	2.7898e-06
981.4	2.7526e-06
981.6	2.7158e-06
981.8	2.6796e-06
982.0	2.6438e-06
982.2	2.6085e-06
982.4	2.5736e-06
982.6	2.5393e-06
982.8	2.5053e-06
983.0	2.4719e-06
983.2	2.4389e-06
983.4	1.7925e-06
983.6	1.1648e-06
983.8	7.5685e-07
984.0	4.9179e-07
984.2	3.1956e-07
984.4	2.0764e-07
984.6	1.3492e-07
984.8	8.7671e-08
985.0	5.6967e-08
985.2	3.7017e-08
985.4	2.4053e-08
985.6	1.5629e-08
985.8	1.0156e-08
986.0	6.5989e-09
986.2	4.2879e-09
986.4	2.7862e-09
986.6	1.8104e-09
986.8	1.1764e-09
987.0	7.644e-10
987.2	5.279e-10
987.4	5.3004e-10
987.6	5.3219e-10
987.8	5.3435e-10
988.0	5.3651e-10
988.2	5.3869e-10
988.4	5.4087e-10
988.6	5.4307e-10
988.8	5.4527e-10
989.0	5.4748e-10
989.2	5.497e-10
989.4	5.5193e-10
989.6	5.5417e-10
989.8	5.5641e-10
990.0	5.5867e-10
990.2	5.6094e-10
990.4	5.6321e-10
990.6	5.6549e-10
990.8	5.6779e-10
991.0	5.7009e-10
991.2	5.7257e-10
991.4	5.7519e-10
991.6	5.7782e-10
991.8	5.8045e-10
992.0	5.831e-10
992.2	5.8577e-10
992.4	5.8844e-10
992.6	5.9113e-10
992.8	5.9383e-10
993.0	5.9654e-10
993.2	5.9927e-10
993.4	6.02e-10
993.6	6.0475e-10
993.8	6.0752e-10
994.0	6.1029e-10
994.2	6.1308e-10
994.4	6.1588e-10
994.6	6.1869e-10
994.8	6.2152e-10
995.0	6.2436e-10
995.2	6.274e-10
995.4	6.3046e-10
995.6	6.3353e-10
995.8	6.3662e-10
996.0	6.3972e-10
996.2	6.4284e-10
996.4	6.4597e-10
996.6	6.4912e-10
996.8	6.5228e-10
997.0	6.5546e-10
997.2	6.5865e-10
997.4	6.6186e-10
997.6	6.6509e-10
997.8	6.6833e-10
998.0	6.7158e-10
998.2	6.7486e-10
998.4	6.7814e-10
998.6	6.8145e-10
998.8	6.8477e-10
999.0	6.8864e-10
999.2	6.9303e-10
999.4	6.9746e-10
999.6	7.0191e-10
999.8	7.0639e-10
1000.0	7.109e-10
1000.2	7.1467e-10
1000.4	7.1846e-10
1000.6	7.2227e-10
1000.8	7.261e-10
1001.0	7.2996e-10
1001.2	7.3383e-10
1001.4	7.3772e-10
1001.6	7.4154e-10
1001.8	7.4462e-10
1002.0	7.4772e-10
1002.2	7.5083e-10
1002.4	7.5395e-10
1002.6	7.5708e-10
1002.8	7.6023e-10
1003.0	7.6339e-10
1003.2	7.6656e-10
1003.4	7.6975e-10
1003.6	7.7295e-10
1003.8	7.7616e-10
1004.0	7.7939e-10
1004.2	7.8263e-10
1004.4	7.8588e-10
1004.6	7.8915e-10
1004.8	7.9243e-10
1005.0	7.9572e-10
1005.2	7.9903e-10
1005.4	8.0235e-10
1005.6	8.0609e-10
1005.8	8.1017e-10
1006.0	8.1426e-10
1006.2	8.1838e-10
1006.4	8.2252e-10
1006.6	8.2668e-10
1006.8	8.3086e-10
1007.0	8.3506e-10
1007.2	8.3928e-10
1007.4	8.4353e-10
1007.6	8.4779e-10
1007.8	8.5208e-10
1008.0	8.5639e-10
1008.2	8.6072e-10
1008.4	8.6507e-10
1008.6	8.6945e-10
1008.8	8.7385e-10
1009.0	8.7826e-10
1009.2	8.8271e-10
1009.4	8.8718e-10
1009.6	8.921e-10
1009.8	8.9706e-10
1010.0	9.0204e-10
1010.2	9.0705e-10
1010.4	9.1209e-10
1010.6	9.1716e-10
1010.8	9.2226e-10
1011.0	9.2738e-10
1011.2	9.3253e-10
1011.4	9.3771e-10
1011.6	9.4292e-10
1011.8	9.4816e-10
1012.0	9.5342e-10
1012.2	9.5872e-10
1012.4	9.6405e-10
1012.6	9.694e-10
1012.8	9.7479e-10
1013.0	9.802e-10
1013.2	9.8565e-10
1013.4	9.9141e-10
1013.6	9.9751e-10
1013.8	1.0036e-09
1014.0	1.0098e-09
1014.2	1.016e-09
1014.4	1.0223e-09
1014.6	1.0286e-09
1014.8	1.0349e-09
1015.0	1.0413e-09
1015.2	1.0477e-09
1015.4	1.0541e-09
1015.6	1.0606e-09
1015.8	1.0672e-09
1016.0	1.0737e-09
1016.2	1.0803e-09
1016.4	1.087e-09
1016.6	1.0937e-09
1016.8	1.1004e-09
1017.0	1.1072e-09
1017.2	1.114e-09
1017.4	1.121e-09
1017.6	1.1281e-09
1017.8	1.1352e-09
1018.0	1.1423e-09
1018.2	1.1495e-09
1018.4	1.1568e-09
1018.6	1.1641e-09
1018.8	1.1714e-09
1019.0	1.1788e-09
1019.2	1.1862e-09
1019.4	1.1937e-09
1019.6	1.2012e-09
1019.8	1.2088e-09
1020.0	1.2164e-09
1020.2	1.2241e-09
1020.4	1.2318e-09
1020.6	1.2395e-09
1020.8	1.2473e-09
1021.0	1.2552e-09
1021.2	1.2636e-09
1021.4	1.2728e-09
1021.6	1.282e-09
1021.8	1.2913e-09
1022.0	1.3006e-09
1022.2	1.3101e-09
1022.4	1.3195e-09
1022.6	1.3291e-09
1022.8	1.3387e-09
1023.0	1.3484e-09
1023.2	1.3582e-09
1023.4	1.368e-09
1023.6	1.3779e-09
1023.8	1.3879e-09
1024.0	1.3979e-09
1024.2	1.4081e-09
1024.4	1.4183e-09
1024.6	1.4285e-09
1024.8	1.4389e-09
1025.0	1.4493e-09
1025.2	1.4587e-09
1025.4	1.4683e-09
1025.6	1.4778e-09
1025.8	1.4875e-09
1026.0	1.4972e-09
1026.2	1.507e-09
1026.4	1.5168e-09
1026.6	1.5267e-09
1026.8	1.8234e-09
1027.0	2.2822e-09
1027.2	2.8565e-09
1027.4	3.5752e-09
1027.6	4.4749e-09
1027.8	5.6009e-09
1028.0	7.0102e-09
1028.2	8.7742e-09
1028.4	1.0982e-08
1028.6	1.3745e-08
1028.8	1.7204e-08
1029.0	2.1533e-08
1029.2	2.6951e-08
1029.4	3.3733e-08
1029.6	4.2221e-08
1029.8	5.2845e-08
1030.0	6.6143e-08
1030.2	8.2786e-08
1030.4	1.0362e-07
1030.6	1.2799e-07
1030.8	1.5257e-07
1031.0	1.8186e-07
1031.2	2.1678e-07
1031.4	2.584e-07
1031.6	3.0801e-07
1031.8	3.6714e-07
1032.0	4.3764e-07
1032.2	5.2166e-07
1032.4	6.2182e-07
1032.6	7.4121e-07
1032.8	8.8352e-07
1033.0	1.0531e-06
1033.2	1.2554e-06
1033.4	1.4964e-06
1033.6	1.7837e-06
1033.8	2.1261e-06
1034.0	2.5344e-06
1034.2	3.0209e-06
1034.4	3.601e-06
1034.6	3.8005e-06
1034.8	3.8639e-06
1035.0	3.9284e-06
1035.2	3.9939e-06
1035.4	4.0605e-06
1035.6	4.1283e-06
1035.8	4.1972e-06
1036.0	4.2672e-06
1036.2	4.3384e-06
1036.4	4.4108e-06
1036.6	4.4843e-06
1036.8	4.5592e-06
1037.0	4.6352e-06
1037.2	4.7125e-06
1037.4	4.7912e-06
1037.6	4.8711e-06
1037.8	4.9524e-06
1038.0	5.035e-06
1038.2	5.119e-06
1038.4	5.1638e-06
1038.6	5.1e-06
1038.8	5.037e-06
1039.0	4.9747e-06
1039.2	4.9133e-06
1039.4	4.8525e-06
1039.6	4.7926e-06
1039.8	4.7334e-06
1040.0	4.6749e-06
1040.2	4.6171e-06
1040.4	4.56e-06
1040.6	4.5037e-06
1040.8	4.448e-06
1041.0	4.3931e-06
1041.2	4.3388e-06
1041.4	4.2851e-06
1041.6	4.2322e-06
1041.8	4.1799e-06
1042.0	4.1282e-06
1042.2	4.0772e-06
1042.4	4.1516e-06
1042.6	4.2627e-06
1042.8	4.3768e-06
1043.0	4.494e-06
1043.2	4.6143e-06
1043.4	4.7379e-06
1043.6	4.8647e-06
1043.8	4.995e-06
1044.0	5.1287e-06
1044.2	5.266e-06
1044.4	5.407e-06
1044.6	5.5518e-06
1044.8	5.7004e-06
1045.0	5.8531e-06
1045.2	6.137e-06
1045.4	6.4347e-06
1045.6	6.7469e-06
1045.8	7.0742e-06
1046.0	7.4173e-06
1046.2	7.7772e-06
1046.4	8.1544e-06
1046.6	8.55e-06
1046.8	8.6418e-06
1047.0	8.4659e-06
1047.2	8.2935e-06
1047.4	8.1246e-06
1047.6	7.9592e-06
1047.8	7.7972e-06
1048.0	7.6384e-06
1048.2	7.4829e-06
1048.4	7.3305e-06
1048.6	7.1813e-06
1048.8	7.035e-06
1049.0	6.8918e-06
1049.2	6.7515e-06
1049.4	6.614e-06
1049.6	6.4793e-06
1049.8	6.3474e-06
1050.0	6.2182e-06
1050.2	6.0916e-06
1050.4	5.9675e-06
1050.6	5.8078e-06
1050.8	5.0504e-06
1051.0	4.3918e-06
1051.2	3.819e-06
1051.4	3.3209e-06
1051.6	2.8878e-06
1051.8	2.5112e-06
1052.0	2.1837e-06
1052.2	1.8989e-06
1052.4	1.6513e-06
1052.6	1.4359e-06
1052.8	1.2487e-06
1053.0	1.0858e-06
1053.2	9.4421e-07
1053.4	8.2107e-07
1053.6	7.1399e-07
1053.8	6.2088e-07
1054.0	5.3991e-07
1054.2	4.6949e-07
1054.4	4.0826e-07
1054.6	3.3718e-07
1054.8	2.6806e-07
1055.0	2.1311e-07
1055.2	1.6943e-07
1055.4	1.347e-07
1055.6	1.0708e-07
1055.8	8.5133e-08
1056.0	6.7682e-08
1056.2	5.3807e-08
1056.4	4.2777e-08
1056.6	3.4008e-08
1056.8	2.7037e-08
1057.0	2.1495e-08
1057.2	1.7089e-08
1057.4	1.3586e-08
1057.6	1.0801e-08
1057.8	8.5866e-09
1058.0	6.8264e-09
1058.2	5.4271e-09
1058.4	4.4277e-09
1058.6	4.4535e-09
1058.8	4.4795e-09
1059.0	4.5056e-09
1059.2	4.5319e-09
1059.4	4.5583e-09
1059.6	4.5849e-09
1059.8	4.6117e-09
1060.0	4.6386e-09
1060.2	4.6656e-09
1060.4	4.6929e-09
1060.6	4.7202e-09
1060.8	4.7478e-09
1061.0	4.7755e-09
1061.2	4.8033e-09
1061.4	4.8314e-09
1061.6	4.8595e-09
1061.8	4.8879e-09
1062.0	4.9164e-09
1062.2	4.9451e-09
1062.4	4.9774e-09
1062.6	5.0118e-09
1062.8	5.0465e-09
1063.0	5.0813e-09
1063.2	5.1164e-09
1063.4	5.1518e-09
1063.6	5.1874e-09
1063.8	5.2232e-09
1064.0	5.2593e-09
1064.2	5.2957e-09
1064.4	5.3323e-09
1064.6	5.3691e-09
1064.8	5.4062e-09
1065.0	5.4436e-09
1065.2	5.4746e-09
1065.4	5.5058e-09
1065.6	5.5371e-09
1065.8	5.5687e-09
1066.0	5.6004e-09
1066.2	5.6323e-09
1066.4	5.6644e-09
1066.6	5.6966e-09
1066.8	5.7272e-09
1067.0	5.7531e-09
1067.2	5.7791e-09
1067.4	5.8053e-09
1067.6	5.8316e-09
1067.8	5.8579e-09
1068.0	5.8844e-09
1068.2	5.9111e-09
1068.4	5.9378e-09
1068.6	5.9647e-09
1068.8	5.9917e-09
1069.0	6.0188e-09
1069.2	6.046e-09
1069.4	6.0734e-09
1069.6	6.1009e-09
1069.8	6.1285e-09
1070.0	6.1562e-09
1070.2	6.1841e-09
1070.4	6.212e-09
1070.6	6.2401e-09
1070.8	7.8404e-09
1071.0	1.0347e-08
1071.2	1.3655e-08
1071.4	1.8021e-08
1071.6	2.3782e-08
1071.8	3.1385e-08
1072.0	4.1419e-08
1072.2	5.4661e-08
1072.4	7.2136e-08
1072.6	9.5199e-08
1072.8	1.2563e-07
1073.0	1.658e-07
1073.2	2.1881e-07
1073.4	2.8876e-07
1073.6	3.8108e-07
1073.8	5.0291e-07
1074.0	6.637e-07
1074.2	8.7588e-07
1074.4	1.1559e-06
1074.6	1.4164e-06
1074.8	1.5339e-06
1075.0	1.661e-06
1075.2	1.7988e-06
1075.4	1.9479e-06
1075.6	2.1094e-06
1075.8	2.2843e-06
1076.0	2.4737e-06
1076.2	2.6788e-06
1076.4	2.901e-06
1076.6	3.1415e-06
1076.8	3.402e-06
1077.0	3.684e-06
1077.2	3.9895e-06
1077.4	4.3203e-06
1077.6	4.6785e-06
1077.8	5.0664e-06
1078.0	5.4865e-06
1078.2	5.9414e-06
1078.4	6.434e-06
1078.6	6.5728e-06
1078.8	6.6896e-06
1079.0	6.8085e-06
1079.2	6.9295e-06
1079.4	7.0527e-06
1079.6	7.178e-06
1079.8	7.3056e-06
1080.0	7.4355e-06
1080.2	7.5676e-06
1080.4	7.7021e-06
1080.6	7.839e-06
1080.8	7.9784e-06
1081.0	8.1202e-06
1081.2	8.2645e-06
1081.4	8.4114e-06
1081.6	8.5609e-06
1081.8	8.7131e-06
1082.0	8.8679e-06
1082.2	9.0255e-06
1082.4	9.0882e-06
1082.6	9.0594e-06
1082.8	9.0308e-06
1083.0	9.0022e-06
1083.2	8.9737e-06
1083.4	8.9454e-06
1083.6	8.9171e-06
1083.8	8.8889e-06
1084.0	8.8608e-06
1084.2	8.8328e-06
1084.4	8.8048e-06
1084.6	8.777e-06
1084.8	8.7492e-06
1085.0	8.7216e-06
1085.2	8.694e-06
1085.4	8.6665e-06
1085.6	8.6391e-06
1085.8	8.6118e-06
1086.0	8.5845e-06
1086.2	8.5532e-06
1086.4	8.4845e-06
1086.6	8.4163e-06
1086.8	8.3487e-06
1087.0	8.2816e-06
1087.2	8.2151e-06
1087.4	8.1491e-06
1087.6	8.0836e-06
1087.8	8.0186e-06
1088.0	7.9542e-06
1088.2	7.8903e-06
1088.4	7.8269e-06
1088.6	7.764e-06
1088.8	7.7016e-06
1089.0	7.6398e-06
1089.2	7.5784e-06
1089.4	7.5175e-06
1089.6	7.4571e-06
1089.8	7.3972e-06
1090.0	7.3378e-06
1090.2	7.5211e-06
1090.4	7.7091e-06
1090.6	7.9017e-06
1090.8	8.0992e-06
1091.0	8.3016e-06
1091.2	8.5091e-06
1091.4	8.7217e-06
1091.6	8.9397e-06
1091.8	9.1631e-06
1092.0	9.1153e-06
1092.2	9.0521e-06
1092.4	8.9893e-06
1092.6	8.9269e-06
1092.8	8.8649e-06
1093.0	8.8034e-06
1093.2	8.7423e-06
1093.4	8.6817e-06
1093.6	8.6214e-06
1093.8	8.5616e-06
1094.0	8.5022e-06
1094.2	8.4432e-06
1094.4	8.3846e-06
1094.6	8.3264e-06
1094.8	8.2686e-06
1095.0	8.2112e-06
1095.2	8.1542e-06
1095.4	8.0976e-06
1095.6	8.0414e-06
1095.8	7.9337e-06
1096.0	7.7805e-06
1096.2	7.6303e-06
1096.4	7.4829e-06
1096.6	7.3384e-06
1096.8	7.1967e-06
1097.0	7.0577e-06
1097.2	6.9214e-06
1097.4	6.7877e-06
1097.6	6.6566e-06
1097.8	6.5281e-06
1098.0	6.402e-06
1098.2	6.2784e-06
1098.4	6.1571e-06
1098.6	6.0382e-06
1098.8	5.9216e-06
1099.0	5.8073e-06
1099.2	5.6951e-06
1099.4	5.5851e-06
1099.6	5.4572e-06
1099.8	5.1764e-06
1100.0	4.91e-06
1100.2	4.6574e-06
1100.4	4.4177e-06
1100.6	4.1904e-06
1100.8	3.9748e-06
1101.0	3.7702e-06
1101.2	3.5762e-06
1101.4	3.3922e-06
1101.6	3.2176e-06
1101.8	3.0521e-06
1102.0	2.895e-06
1102.2	2.746e-06
1102.4	2.6047e-06
1102.6	2.4707e-06
1102.8	2.3436e-06
1103.0	2.223e-06
1103.2	2.1086e-06
1103.4	2.0001e-06
1103.6	1.6689e-06
1103.8	1.3231e-06
1104.0	1.049e-06
1104.2	8.3168e-07
1104.4	6.5938e-07
1104.6	5.2278e-07
1104.8	4.1447e-07
1105.0	3.286e-07
1105.2	2.6053e-07
1105.4	2.0655e-07
1105.6	1.6376e-07
1105.8	1.2983e-07
1106.0	1.0294e-07
1106.2	8.161e-08
1106.4	6.4703e-08
1106.6	5.1298e-08
1106.8	4.0671e-08
1107.0	3.2245e-08
1107.2	2.5565e-08
1107.4	2.1917e-08
1107.6	2.2105e-08
1107.8	2.2295e-08
1108.0	2.2486e-08
1108.2	2.2678e-08
1108.4	2.2873e-08
1108.6	2.3069e-08
1108.8	2.3266e-08
1109.0	2.3466e-08
1109.2	2.3667e-08
1109.4	2.387e-08
1109.6	2.4074e-08
1109.8	2.4281e-08
1110.0	2.4489e-08
1110.2	2.4699e-08
1110.4	2.491e-08
1110.6	2.5124e-08
1110.8	2.5339e-08
1111.0	2.5556e-08
1111.2	2.5775e-08
1111.4	3.1172e-08
1111.6	3.806e-08
1111.8	4.647e-08
1112.0	5.6739e-08
1112.2	6.9276e-08
1112.4	8.4585e-08
1112.6	1.0328e-07
1112.8	1.261e-07
1113.0	1.5396e-07
1113.2	1.8798e-07
1113.4	2.2952e-07
1113.6	2.8024e-07
1113.8	3.4217e-07
1114.0	4.1778e-07
1114.2	5.101e-07
1114.4	6.2282e-07
1114.6	7.6044e-07
1114.8	9.2848e-07
1115.0	1.1337e-06
1115.2	1.1076e-06
1115.4	9.2392e-07
1115.6	7.7068e-07
1115.8	6.4286e-07
1116.0	5.3624e-07
1116.2	4.473e-07
1116.4	3.7312e-07
1116.6	3.1124e-07
1116.8	2.5962e-07
1117.0	2.1656e-07
1117.2	1.8064e-07
1117.4	1.5068e-07
1117.6	1.2569e-07
1117.8	1.0484e-07
1118.0	8.7455e-08
1118.2	7.2951e-08
1118.4	6.0852e-08
1118.6	5.0759e-08
1118.8	4.2341e-08
1119.0	4.2812e-08
1119.2	8.244e-08
1119.4	1.5875e-07
1119.6	3.0569e-07
1119.8	5.8865e-07
1120.0	1.1335e-06
1120.2	2.1827e-06
1120.4	4.2031e-06
1120.6	8.0937e-06
1120.8	1.5585e-05
1121.0	3.0012e-05
1121.2	3.011e-05
1121.4	3.0209e-05
1121.6	3.0309e-05
1121.8	3.0408e-05
1122.0	3.0502e-05
1122.2	3.0358e-05
1122.4	3.0215e-05
1122.6	3.0073e-05
1122.8	2.9931e-05
1123.0	2.9791e-05
1123.2	2.9745e-05
1123.4	2.97e-05
1123.6	2.9654e-05
1123.8	2.9608e-05
1124.0	2.9567e-05
1124.2	2.9662e-05
1124.4	2.9757e-05
1124.6	2.9853e-05
1124.8	2.9948e-05
1125.0	3.0044e-05
1125.2	3.0067e-05
1125.4	3.0091e-05
1125.6	3.0115e-05
1125.8	3.0138e-05
1126.0	3.0157e-05
1126.2	3.004e-05
1126.4	2.9923e-05
1126.6	2.9806e-05
1126.8	2.969e-05
1127.0	2.9577e-05
1127.2	2.9641e-05
1127.4	2.9705e-05
1127.6	2.9769e-05
1127.8	2.9833e-05
1128.0	2.9895e-05
1128.2	2.9888e-05
1128.4	2.9882e-05
1128.6	2.9875e-05
1128.8	2.9869e-05
1129.0	2.9863e-05
1129.2	2.9905e-05
1129.4	2.9948e-05
1129.6	2.999e-05
1129.8	3.0032e-05
1130.0	3.0068e-05
1130.2	2.9943e-05
1130.4	2.9819e-05
1130.6	2.9695e-05
1130.8	2.9571e-05
1131.0	2.9453e-05
1131.2	2.9517e-05
1131.4	2.958e-05
1131.6	2.9644e-05
1131.8	2.9709e-05
1132.0	2.9773e-05
1132.2	2.9906e-05
1132.4	3.0039e-05
1132.6	3.0172e-05
1132.8	3.0306e-05
1133.0	3.0439e-05
1133.2	3.0512e-05
1133.4	3.0585e-05
1133.6	3.0658e-05
1133.8	3.0731e-05
1134.0	3.0805e-05
1134.2	3.0917e-05
1134.4	3.103e-05
1134.6	3.1144e-05
1134.8	3.1258e-05
1135.0	3.1375e-05
1135.2	3.1568e-05
1135.4	3.1761e-05
1135.6	3.1956e-05
1135.8	3.2151e-05
1136.0	3.2335e-05
1136.2	3.2072e-05
1136.4	3.1812e-05
1136.6	3.1553e-05
1136.8	3.1297e-05
1137.0	3.1048e-05
1137.2	3.1134e-05
1137.4	3.1219e-05
1137.6	3.1306e-05
1137.8	3.1392e-05
1138.0	3.1479e-05
1138.2	3.1582e-05
1138.4	3.1686e-05
1138.6	3.1789e-05
1138.8	3.1893e-05
1139.0	3.1999e-05
1139.2	3.2158e-05
1139.4	3.2318e-05
1139.6	3.2479e-05
1139.8	3.2641e-05
1140.0	3.2797e-05
1140.2	3.2822e-05
1140.4	3.2848e-05
1140.6	3.2874e-05
1140.8	3.2899e-05
1141.0	3.2925e-05
1141.2	3.2954e-05
1141.4	3.2983e-05
1141.6	3.3011e-05
1141.8	3.304e-05
1142.0	3.3067e-05
1142.2	3.3049e-05
1142.4	3.303e-05
1142.6	3.3012e-05
1142.8	3.2994e-05
1143.0	3.2977e-05
1143.2	3.3089e-05
1143.4	3.3202e-05
1143.6	3.3315e-05
1143.8	3.3428e-05
1144.0	3.3533e-05
1144.2	3.3449e-05
1144.4	3.3364e-05
1144.6	3.328e-05
1144.8	3.3196e-05
1145.0	3.3114e-05
1145.2	3.3084e-05
1145.4	3.3054e-05
1145.6	3.3025e-05
1145.8	3.2995e-05
1146.0	3.2968e-05
1146.2	3.3046e-05
1146.4	3.3124e-05
1146.6	3.3202e-05
1146.8	3.3281e-05
1147.0	3.3345e-05
1147.2	3.3131e-05
1147.4	3.2918e-05
1147.6	3.2706e-05
1147.8	3.2496e-05
1148.0	3.2294e-05
1148.2	3.2254e-05
1148.4	3.2215e-05
1148.6	3.2175e-05
1148.8	3.2135e-05
1149.0	3.2094e-05
1149.2	3.2027e-05
1149.4	3.1961e-05
1149.6	3.1894e-05
1149.8	3.1827e-05
1150.0	3.1762e-05
1150.2	3.175e-05
1150.4	3.1738e-05
1150.6	3.1726e-05
1150.8	3.1715e-05
1151.0	3.1702e-05
1151.2	3.1658e-05
1151.4	3.1613e-05
1151.6	3.1568e-05
1151.8	3.1524e-05
1152.0	3.1468e-05
1152.2	3.1203e-05
1152.4	3.094e-05
1152.6	3.0679e-05
1152.8	3.0421e-05
1153.0	3.0176e-05
1153.2	3.0208e-05
1153.4	3.024e-05
1153.6	3.0272e-05
1153.8	3.0304e-05
1154.0	3.0333e-05
1154.2	3.027e-05
1154.4	3.0206e-05
1154.6	3.0143e-05
1154.8	3.008e-05
1155.0	3.0016e-05
1155.2	2.9907e-05
1155.4	2.9798e-05
1155.6	2.969e-05
1155.8	2.9583e-05
1156.0	2.9478e-05
1156.2	2.949e-05
1156.4	2.9502e-05
1156.6	2.9515e-05
1156.8	2.9527e-05
1157.0	2.9538e-05
1157.2	2.9477e-05
1157.4	2.9416e-05
1157.6	2.9355e-05
1157.8	2.9294e-05
1158.0	2.9233e-05
1158.2	2.9159e-05
1158.4	2.9084e-05
1158.6	2.901e-05
1158.8	2.8937e-05
1159.0	2.8863e-05
1159.2	2.8773e-05
1159.4	2.8684e-05
1159.6	2.8595e-05
1159.8	2.8506e-05
1160.0	2.8421e-05
1160.2	2.84e-05
1160.4	2.8379e-05
1160.6	2.8358e-05
1160.8	2.8336e-05
1161.0	2.8314e-05
1161.2	2.8271e-05
1161.4	2.8227e-05
1161.6	2.8184e-05
1161.8	2.814e-05
1162.0	2.8098e-05
1162.2	2.8077e-05
1162.4	2.8056e-05
1162.6	2.8036e-05
1162.8	2.8015e-05
1163.0	2.7993e-05
1163.2	2.7947e-05
1163.4	2.79e-05
1163.6	2.7854e-05
1163.8	2.7807e-05
1164.0	2.7765e-05
1164.2	2.7809e-05
1164.4	2.7854e-05
1164.6	2.7899e-05
1164.8	2.7944e-05
1165.0	2.7985e-05
1165.2	2.7942e-05
1165.4	2.7899e-05
1165.6	2.7856e-05
1165.8	2.7812e-05
1166.0	2.7768e-05
1166.2	2.7696e-05
1166.4	2.7624e-05
1166.6	2.7552e-05
1166.8	2.748e-05
1167.0	2.741e-05
1167.2	2.737e-05
1167.4	2.733e-05
1167.6	2.7289e-05
1167.8	2.7249e-05
1168.0	2.7213e-05
1168.2	2.7257e-05
1168.4	2.73e-05
1168.6	2.7344e-05
1168.8	2.7388e-05
1169.0	2.7426e-05
1169.2	2.7327e-05
1169.4	2.7228e-05
1169.6	2.713e-05
1169.8	2.7032e-05
1170.0	2.6941e-05
1170.2	2.6978e-05
1170.4	2.7014e-05
1170.6	2.7051e-05
1170.8	2.7087e-05
1171.0	2.7124e-05
1171.2	2.7074e-05
1171.4	2.7025e-05
1171.6	2.6976e-05
1171.8	2.6927e-05
1172.0	2.6878e-05
1172.2	2.682e-05
1172.4	2.6762e-05
1172.6	2.6704e-05
1172.8	2.6647e-05
1173.0	2.659e-05
1173.2	2.6571e-05
1173.4	2.6551e-05
1173.6	2.6532e-05
1173.8	2.6513e-05
1174.0	2.6493e-05
1174.2	2.6482e-05
1174.4	2.6471e-05
1174.6	2.6459e-05
1174.8	2.6448e-05
1175.0	2.6441e-05
1175.2	2.6552e-05
1175.4	2.6664e-05
1175.6	2.6777e-05
1175.8	2.689e-05
1176.0	2.6996e-05
1176.2	2.6935e-05
1176.4	2.6874e-05
1176.6	2.6814e-05
1176.8	2.6754e-05
1177.0	2.6694e-05
1177.2	2.6706e-05
1177.4	2.6718e-05
1177.6	2.673e-05
1177.8	2.6742e-05
1178.0	2.6753e-05
1178.2	2.6735e-05
1178.4	2.6716e-05
1178.6	2.6698e-05
1178.8	2.6679e-05
1179.0	2.6662e-05
1179.2	2.6684e-05
1179.4	2.6706e-05
1179.6	2.6728e-05
1179.8	2.675e-05
1180.0	2.677e-05
1180.2	2.676e-05
1180.4	2.6749e-05
1180.6	2.6739e-05
1180.8	2.6728e-05
1181.0	2.6718e-05
1181.2	2.6716e-05
1181.4	2.6714e-05
1181.6	2.6711e-05
1181.8	2.6709e-05
1182.0	2.6707e-05
1182.2	2.6717e-05
1182.4	2.6727e-05
1182.6	2.6737e-05
1182.8	2.6747e-05
1183.0	2.6757e-05
1183.2	2.6798e-05
1183.4	2.6839e-05
1183.6	2.688e-05
1183.8	2.692e-05
1184.0	2.6956e-05
1184.2	2.6892e-05
1184.4	2.6827e-05
1184.6	2.6762e-05
1184.8	2.6698e-05
1185.0	2.6635e-05
1185.2	2.6667e-05
1185.4	2.6699e-05
1185.6	2.6731e-05
1185.8	2.6764e-05
1186.0	2.6795e-05
1186.2	2.6803e-05
1186.4	2.6812e-05
1186.6	2.682e-05
1186.8	2.6829e-05
1187.0	2.6838e-05
1187.2	2.6872e-05
1187.4	2.6907e-05
1187.6	2.6941e-05
1187.8	2.6975e-05
1188.0	2.7009e-05
1188.2	2.6987e-05
1188.4	2.6965e-05
1188.6	2.6943e-05
1188.8	2.6921e-05
1189.0	2.6901e-05
1189.2	2.693e-05
1189.4	2.6958e-05
1189.6	2.6987e-05
1189.8	2.7015e-05
1190.0	2.7043e-05
1190.2	2.7065e-05
1190.4	2.7086e-05
1190.6	2.7107e-05
1190.8	2.7129e-05
1191.0	2.715e-05
1191.2	2.7163e-05
1191.4	2.7177e-05
1191.6	2.7191e-05
1191.8	2.7204e-05
1192.0	2.7218e-05
1192.2	2.7237e-05
1192.4	2.7257e-05
1192.6	2.7276e-05
1192.8	2.7295e-05
1193.0	2.7313e-05
1193.2	2.7245e-05
1193.4	2.7178e-05
1193.6	2.7111e-05
1193.8	2.7044e-05
1194.0	2.698e-05
1194.2	2.6993e-05
1194.4	2.7006e-05
1194.6	2.7019e-05
1194.8	2.7031e-05
1195.0	2.7045e-05
1195.2	2.7078e-05
1195.4	2.7111e-05
1195.6	2.7145e-05
1195.8	2.7178e-05
1196.0	2.7213e-05
1196.2	2.7281e-05
1196.4	2.7349e-05
1196.6	2.7417e-05
1196.8	2.7486e-05
1197.0	2.7554e-05
1197.2	2.756e-05
1197.4	2.7566e-05
1197.6	2.7573e-05
1197.8	2.7579e-05
1198.0	2.7585e-05
1198.2	2.7551e-05
1198.4	2.7517e-05
1198.6	2.7484e-05
1198.8	2.745e-05
1199.0	2.7417e-05
1199.2	2.7375e-05
1199.4	2.7333e-05
1199.6	2.7292e-05
1199.8	2.725e-05
1200.0	2.7209e-05
