300.00	9.5000001465451E-7
301.00	9.5000001465451E-7
302.00	9.5000001465451E-7
303.00	9.5000001465451E-7
304.00	9.5000001465451E-7
305.00	9.5000001465451E-7
306.00	9.5000001465451E-7
307.00	9.5000001465451E-7
308.00	9.5000001465451E-7
309.00	9.5000001465451E-7
310.00	9.5000001465451E-7
311.00	9.5000001465451E-7
312.00	9.5000001465451E-7
313.00	9.5000001465451E-7
314.00	9.5000001465451E-7
315.00	9.5000001465451E-7
316.00	9.5000001465451E-7
317.00	9.5000001465451E-7
318.00	9.5000001465451E-7
319.00	9.5000001465451E-7
320.00	9.5000001465451E-7
321.00	9.5000001465451E-7
322.00	9.5000001465451E-7
323.00	9.5000001465451E-7
324.00	9.5000001465451E-7
325.00	9.5000001465451E-7
326.00	9.5000001465451E-7
327.00	9.5000001465451E-7
328.00	9.5000001465451E-7
329.00	9.5000001465451E-7
330.00	9.5000001465451E-7
331.00	9.5000001465451E-7
332.00	9.5000001465451E-7
333.00	9.5000001465451E-7
334.00	9.5000001465451E-7
335.00	9.5000001465451E-7
336.00	9.5000001465451E-7
337.00	9.5000001465451E-7
338.00	9.5000001465451E-7
339.00	9.5000001465451E-7
340.00	9.5000001465451E-7
341.00	9.5000001465451E-7
342.00	1.1171799769727E-6
343.00	9.5000001465451E-7
344.00	9.5000001465451E-7
345.00	9.5000001465451E-7
346.00	9.5000001465451E-7
347.00	9.5000001465451E-7
348.00	9.5000001465451E-7
349.00	9.5000001465451E-7
350.00	9.5000001465451E-7
351.00	9.5000001465451E-7
352.00	9.5000001465451E-7
353.00	9.5000001465451E-7
354.00	9.5000001465451E-7
355.00	9.5000001465451E-7
356.00	1.6501900290677E-6
357.00	1.7687799527266E-6
358.00	9.8776604318118E-7
359.00	9.5000001465451E-7
360.00	9.5000001465451E-7
361.00	9.5000001465451E-7
362.00	9.5000001465451E-7
363.00	9.5000001465451E-7
364.00	1.2511800377979E-6
365.00	9.5000001465451E-7
366.00	9.5000001465451E-7
367.00	9.5000001465451E-7
368.00	9.5000001465451E-7
369.00	9.5000001465451E-7
370.00	9.5000001465451E-7
371.00	9.5000001465451E-7
372.00	9.5000001465451E-7
373.00	9.5000001465451E-7
374.00	9.5000001465451E-7
375.00	9.5000001465451E-7
376.00	9.5000001465451E-7
377.00	9.5000001465451E-7
378.00	9.5000001465451E-7
379.00	9.5000001465451E-7
380.00	9.5000001465451E-7
381.00	9.5000001465451E-7
382.00	9.5000001465451E-7
383.00	9.5000001465451E-7
384.00	9.5000001465451E-7
385.00	9.5000001465451E-7
386.00	9.5000001465451E-7
387.00	9.5000001465451E-7
388.00	9.5000001465451E-7
389.00	9.5000001465451E-7
390.00	9.5000001465451E-7
391.00	9.5000001465451E-7
392.00	9.5000001465451E-7
393.00	9.5000001465451E-7
394.00	9.5000001465451E-7
395.00	9.5000001465451E-7
396.00	9.5000001465451E-7
397.00	9.5000001465451E-7
398.00	9.5000001465451E-7
399.00	9.5000001465451E-7
400.00	9.5000001465451E-7
401.00	9.5000001465451E-7
402.00	9.5000001465451E-7
403.00	9.5000001465451E-7
404.00	9.5000001465451E-7
405.00	9.5000001465451E-7
406.00	9.5000001465451E-7
407.00	1.0712400353441E-6
408.00	9.5000001465451E-7
409.00	9.5000001465451E-7
410.00	9.5000001465451E-7
411.00	9.5000001465451E-7
412.00	9.5000001465451E-7
413.00	9.5000001465451E-7
414.00	9.5000001465451E-7
415.00	9.5000001465451E-7
416.00	9.5000001465451E-7
417.00	9.5000001465451E-7
418.00	9.5000001465451E-7
419.00	9.5000001465451E-7
420.00	9.5000001465451E-7
421.00	9.5000001465451E-7
422.00	9.5000001465451E-7
423.00	9.5000001465451E-7
424.00	9.5000001465451E-7
425.00	9.5000001465451E-7
426.00	9.5000001465451E-7
427.00	9.5000001465451E-7
428.00	9.5000001465451E-7
429.00	9.5000001465451E-7
430.00	9.5000001465451E-7
431.00	9.5000001465451E-7
432.00	9.5000001465451E-7
433.00	9.5000001465451E-7
434.00	9.5000001465451E-7
435.00	9.5000001465451E-7
436.00	9.5000001465451E-7
437.00	9.5000001465451E-7
438.00	9.5000001465451E-7
439.00	9.5000001465451E-7
440.00	9.5000001465451E-7
441.00	9.5000001465451E-7
442.00	9.5000001465451E-7
443.00	9.5000001465451E-7
444.00	9.5000001465451E-7
445.00	9.5000001465451E-7
446.00	9.5000001465451E-7
447.00	9.5000001465451E-7
448.00	9.5000001465451E-7
449.00	9.5000001465451E-7
450.00	9.5000001465451E-7
451.00	9.5000001465451E-7
452.00	9.5000001465451E-7
453.00	9.5000001465451E-7
454.00	9.5000001465451E-7
455.00	9.5000001465451E-7
456.00	9.5000001465451E-7
457.00	9.5000001465451E-7
458.00	9.5000001465451E-7
459.00	9.5000001465451E-7
460.00	9.5000001465451E-7
461.00	9.5000001465451E-7
462.00	9.5000001465451E-7
463.00	9.5000001465451E-7
464.00	9.5000001465451E-7
465.00	9.5000001465451E-7
466.00	9.5000001465451E-7
467.00	9.5000001465451E-7
468.00	9.5000001465451E-7
469.00	9.5000001465451E-7
470.00	9.5000001465451E-7
471.00	9.5000001465451E-7
472.00	9.5000001465451E-7
473.00	9.5000001465451E-7
474.00	9.5000001465451E-7
475.00	9.5000001465451E-7
476.00	9.5000001465451E-7
477.00	9.5000001465451E-7
478.00	9.5000001465451E-7
479.00	9.5000001465451E-7
480.00	9.5000001465451E-7
481.00	9.5000001465451E-7
482.00	9.5000001465451E-7
483.00	9.5000001465451E-7
484.00	9.5000001465451E-7
485.00	9.5000001465451E-7
486.00	9.5000001465451E-7
487.00	9.5000001465451E-7
488.00	9.5000001465451E-7
489.00	9.5000001465451E-7
490.00	9.5000001465451E-7
491.00	9.5000001465451E-7
492.00	9.5000001465451E-7
493.00	9.5000001465451E-7
494.00	9.5000001465451E-7
495.00	9.5000001465451E-7
496.00	9.5000001465451E-7
497.00	9.5000001465451E-7
498.00	9.5000001465451E-7
499.00	9.5000001465451E-7
500.00	9.5000001465451E-7
501.00	9.5000001465451E-7
502.00	9.5000001465451E-7
503.00	9.5000001465451E-7
504.00	9.5000001465451E-7
505.00	9.5000001465451E-7
506.00	9.5000001465451E-7
507.00	9.5000001465451E-7
508.00	9.5000001465451E-7
509.00	9.5000001465451E-7
510.00	9.5000001465451E-7
511.00	9.5000001465451E-7
512.00	9.5000001465451E-7
513.00	9.5000001465451E-7
514.00	9.5000001465451E-7
515.00	9.5000001465451E-7
516.00	9.5000001465451E-7
517.00	9.5000001465451E-7
518.00	9.5000001465451E-7
519.00	9.5000001465451E-7
520.00	9.5000001465451E-7
521.00	9.5000001465451E-7
522.00	9.5000001465451E-7
523.00	9.5000001465451E-7
524.00	9.5000001465451E-7
525.00	9.5000001465451E-7
526.00	9.5000001465451E-7
527.00	9.5000001465451E-7
528.00	9.5000001465451E-7
529.00	9.5000001465451E-7
530.00	9.5000001465451E-7
531.00	9.5000001465451E-7
532.00	9.5000001465451E-7
533.00	9.5000001465451E-7
534.00	9.5000001465451E-7
535.00	9.5000001465451E-7
536.00	9.5000001465451E-7
537.00	9.5000001465451E-7
538.00	9.5000001465451E-7
539.00	9.5000001465451E-7
540.00	9.5000001465451E-7
541.00	9.5000001465451E-7
542.00	9.5000001465451E-7
543.00	9.5000001465451E-7
544.00	9.5000001465451E-7
545.00	9.5000001465451E-7
546.00	9.5000001465451E-7
547.00	9.5000001465451E-7
548.00	9.5000001465451E-7
549.00	9.5000001465451E-7
550.00	9.5000001465451E-7
551.00	9.5000001465451E-7
552.00	9.5000001465451E-7
553.00	9.5000001465451E-7
554.00	9.5000001465451E-7
555.00	9.5000001465451E-7
556.00	9.5000001465451E-7
557.00	9.5000001465451E-7
558.00	9.5000001465451E-7
559.00	9.5000001465451E-7
560.00	9.5000001465451E-7
561.00	9.5000001465451E-7
562.00	9.5000001465451E-7
563.00	9.5000001465451E-7
564.00	9.5000001465451E-7
565.00	9.5000001465451E-7
566.00	9.5000001465451E-7
567.00	9.5000001465451E-7
568.00	9.5000001465451E-7
569.00	9.5000001465451E-7
570.00	9.5000001465451E-7
571.00	9.5000001465451E-7
572.00	9.5000001465451E-7
573.00	9.5000001465451E-7
574.00	9.5000001465451E-7
575.00	9.5000001465451E-7
576.00	9.5000001465451E-7
577.00	9.5000001465451E-7
578.00	9.5000001465451E-7
579.00	9.5000001465451E-7
580.00	9.5000001465451E-7
581.00	9.5000001465451E-7
582.00	9.5000001465451E-7
583.00	9.5000001465451E-7
584.00	9.5000001465451E-7
585.00	9.5000001465451E-7
586.00	9.5000001465451E-7
587.00	1.5407699720527E-6
588.00	5.2697100727528E-6
589.00	2.5213999833795E-5
590.00	0.00014376800390892
591.00	0.0010753399692476
592.00	0.012930599972606
593.00	0.20105700194836
594.00	0.79851502180099
595.00	0.95778900384903
596.00	0.98180502653122
597.00	0.97620797157288
598.00	0.9753310084343
599.00	0.97921401262283
600.00	0.97925102710724
601.00	0.97575199604034
602.00	0.97334200143814
603.00	0.97711402177811
604.00	0.98532599210739
605.00	0.9889310002327
606.00	0.98484998941422
607.00	0.97529202699661
608.00	0.97230297327042
609.00	0.9783970117569
610.00	0.98816502094269
611.00	0.99032002687454
612.00	0.98413199186325
613.00	0.97484701871872
614.00	0.97044801712036
615.00	0.97282302379608
616.00	0.98292899131775
617.00	0.98998600244522
618.00	0.98917597532272
619.00	0.98358899354935
620.00	0.9772019982338
621.00	0.97352999448776
622.00	0.97544199228287
623.00	0.97929400205612
624.00	0.98149597644806
625.00	0.98260897397995
626.00	0.98540502786636
627.00	0.98500299453735
628.00	0.98983299732208
629.00	0.99125999212265
630.00	0.98812502622604
631.00	0.98579299449921
632.00	0.98357200622559
633.00	0.98321199417114
634.00	0.98530101776123
635.00	0.99015998840332
636.00	0.99324101209641
637.00	0.99010199308395
638.00	0.98682802915573
639.00	0.98290699720383
640.00	0.98355501890182
641.00	0.98573899269104
642.00	0.98926097154617
643.00	0.99031299352646
644.00	0.98764997720718
645.00	0.98382699489594
646.00	0.98375999927521
647.00	0.98378300666809
648.00	0.98228198289871
649.00	0.98086100816727
650.00	0.97563797235489
651.00	0.97376501560211
652.00	0.97844398021698
653.00	0.98532801866531
654.00	0.98406499624252
655.00	0.97155499458313
656.00	0.9588959813118
657.00	0.95809298753738
658.00	0.97459900379181
659.00	0.98209601640701
660.00	0.96545499563217
661.00	0.94937700033188
662.00	0.962297976017
663.00	0.95538198947906
664.00	0.93116998672485
665.00	0.41890299320221
666.00	0.035982098430395
667.00	0.013840300031006
668.00	0.0018851599888876
669.00	0.00036402000114322
670.00	8.7534397607669E-5
671.00	2.5480700060143E-5
672.00	8.5174297055346E-6
673.00	2.9785899187118E-6
674.00	1.2422999589035E-6
675.00	9.5000001465451E-7
676.00	9.5000001465451E-7
677.00	9.5000001465451E-7
678.00	9.5000001465451E-7
679.00	9.5000001465451E-7
680.00	9.5000001465451E-7
681.00	9.5000001465451E-7
682.00	9.5000001465451E-7
683.00	9.5000001465451E-7
684.00	9.5000001465451E-7
685.00	9.5000001465451E-7
686.00	9.5000001465451E-7
687.00	9.5000001465451E-7
688.00	9.5000001465451E-7
689.00	9.5000001465451E-7
690.00	9.5000001465451E-7
691.00	9.5000001465451E-7
692.00	9.5000001465451E-7
693.00	9.5000001465451E-7
694.00	9.5000001465451E-7
695.00	9.5000001465451E-7
696.00	9.5000001465451E-7
697.00	9.5000001465451E-7
698.00	9.5000001465451E-7
699.00	9.5000001465451E-7
700.00	9.5000001465451E-7
701.00	9.5000001465451E-7
702.00	9.5000001465451E-7
703.00	9.5000001465451E-7
704.00	9.5000001465451E-7
705.00	9.5000001465451E-7
706.00	9.5000001465451E-7
707.00	9.5000001465451E-7
708.00	9.5000001465451E-7
709.00	9.5000001465451E-7
710.00	9.5000001465451E-7
711.00	9.5000001465451E-7
712.00	9.5000001465451E-7
713.00	9.5000001465451E-7
714.00	9.5000001465451E-7
715.00	9.5000001465451E-7
716.00	9.5000001465451E-7
717.00	9.5000001465451E-7
718.00	9.5000001465451E-7
719.00	9.5000001465451E-7
720.00	9.5000001465451E-7
721.00	9.5000001465451E-7
722.00	9.5000001465451E-7
723.00	9.5000001465451E-7
724.00	9.5000001465451E-7
725.00	9.5000001465451E-7
726.00	9.5000001465451E-7
727.00	9.5000001465451E-7
728.00	9.5000001465451E-7
729.00	9.5000001465451E-7
730.00	9.5000001465451E-7
731.00	9.5000001465451E-7
732.00	9.5000001465451E-7
733.00	9.5000001465451E-7
734.00	9.5000001465451E-7
735.00	9.5000001465451E-7
736.00	9.5000001465451E-7
737.00	9.5000001465451E-7
738.00	9.5000001465451E-7
739.00	9.5000001465451E-7
740.00	9.5000001465451E-7
741.00	9.5000001465451E-7
742.00	9.5000001465451E-7
743.00	9.5000001465451E-7
744.00	9.5000001465451E-7
745.00	9.5000001465451E-7
746.00	9.5000001465451E-7
747.00	9.5000001465451E-7
748.00	9.5000001465451E-7
749.00	9.5000001465451E-7
750.00	9.5000001465451E-7
751.00	9.5000001465451E-7
752.00	9.5000001465451E-7
753.00	9.5000001465451E-7
754.00	9.5000001465451E-7
755.00	9.5000001465451E-7
756.00	9.5000001465451E-7
757.00	9.5000001465451E-7
758.00	9.5000001465451E-7
759.00	9.5000001465451E-7
760.00	9.5000001465451E-7
761.00	9.5000001465451E-7
762.00	9.5000001465451E-7
763.00	9.5000001465451E-7
764.00	9.5000001465451E-7
765.00	9.7725899195211E-7
766.00	6.9559400799335E-6
767.00	1.190380044136E-5
768.00	2.6876900847128E-6
769.00	1.305529963247E-6
770.00	1.2368600437185E-6
771.00	1.9234998944739E-6
772.00	2.9802499739162E-6
773.00	6.2167000578484E-6
774.00	1.5551500837319E-5
775.00	0.00019654599600472
776.00	0.0005681740003638
777.00	9.4477298262063E-5
778.00	3.3720600185916E-5
779.00	2.4954799300758E-5
780.00	2.2878099116497E-5
781.00	2.5540199203533E-5
782.00	4.4728101784131E-5
783.00	0.00011801200162154
784.00	0.0004724389873445
785.00	0.00044230598723516
786.00	0.00013013799616601
787.00	6.0045600548619E-5
788.00	3.8476100598928E-5
789.00	3.1460000172956E-5
790.00	2.6478499421501E-5
791.00	2.9254899345688E-5
792.00	3.6681001802208E-5
793.00	5.7403900427744E-5
794.00	0.00012477100244723
795.00	0.00033359401277266
796.00	0.00045208301162347
797.00	0.00021470899810083
798.00	0.00011087900202256
799.00	6.8425099016167E-5
800.00	5.3478899644688E-5
801.00	4.6098601160338E-5
802.00	4.4897700718138E-5
803.00	5.0642298447201E-5
804.00	6.2674102082383E-5
805.00	0.00011208999785595
806.00	0.00026665898622014
807.00	0.00054131000069901
808.00	0.00045960399438627
809.00	0.00020396600302774
810.00	0.00013040300109424
811.00	8.6248102888931E-5
812.00	6.1437800468411E-5
813.00	4.7769899538253E-5
814.00	4.1692899685586E-5
815.00	3.4664899430936E-5
816.00	3.277149880887E-5
817.00	3.3058000553865E-5
818.00	3.3758500649128E-5
819.00	3.7226200220175E-5
820.00	4.3132899008924E-5
821.00	4.7430701670237E-5
822.00	6.5041596826632E-5
823.00	7.59496979299E-5
824.00	0.00010678800026653
825.00	0.00015772000188008
826.00	0.00019960700592492
827.00	0.00023122799757402
828.00	0.0002134649985237
829.00	0.00017695699352771
830.00	0.00014979499974288
831.00	0.00012778599921148
832.00	0.00011564199667191
833.00	0.00011242600157857
834.00	0.00010633299825713
835.00	0.00010038100299425
836.00	9.5729003078304E-5
837.00	8.1897902418859E-5
838.00	7.2792303399183E-5
839.00	5.4922900744714E-5
840.00	4.5858600060456E-5
841.00	3.3503300073789E-5
842.00	2.8210899472469E-5
843.00	2.2410000383388E-5
844.00	2.3974000214366E-5
845.00	1.7412499801139E-5
846.00	1.7779899280868E-5
847.00	1.3135700100975E-5
848.00	1.3121600204613E-5
849.00	9.8976097433479E-6
850.00	1.2031499863951E-5
851.00	1.2051899830112E-5
852.00	1.0630000360834E-5
853.00	1.1449200428615E-5
854.00	1.1728299796232E-5
855.00	1.2313200386416E-5
856.00	1.3838300219504E-5
857.00	1.3391900210991E-5
858.00	1.5466499462491E-5
859.00	1.769379923644E-5
860.00	2.0132900317549E-5
861.00	2.2394100597012E-5
862.00	2.6398000045447E-5
863.00	3.1718300306238E-5
864.00	3.8126399886096E-5
865.00	4.640960105462E-5
866.00	5.6871998822317E-5
867.00	7.1307098551188E-5
868.00	8.7758999143261E-5
869.00	0.00010983199899783
870.00	0.00014080600521993
871.00	0.00018023099983111
872.00	0.00023175599926617
873.00	0.00029705901397392
874.00	0.00038616999518126
875.00	0.00048797100316733
876.00	0.00060194497928023
877.00	0.00072625401662663
878.00	0.00084269099170342
879.00	0.00095393398078158
880.00	0.0010393300326541
881.00	0.0011186599731445
882.00	0.0011908099986613
883.00	0.001251420006156
884.00	0.00132062996272
885.00	0.0014017099747434
886.00	0.0015180000336841
887.00	0.0016485400265083
888.00	0.0018215799937025
889.00	0.0020292398985475
890.00	0.0022590099833906
891.00	0.0025091499555856
892.00	0.0027354098856449
893.00	0.0029466100968421
894.00	0.0031720199622214
895.00	0.0033545100595802
896.00	0.0035162901040167
897.00	0.0036161399912089
898.00	0.0036662300117314
899.00	0.0036275300662965
900.00	0.0035605099983513
901.00	0.0035185199230909
902.00	0.0034775598905981
903.00	0.0034856700804085
904.00	0.0035598198883235
905.00	0.0037395299877971
906.00	0.0039720898494124
907.00	0.0043068397790194
908.00	0.0046687098219991
909.00	0.0051103797741234
910.00	0.0055666700936854
911.00	0.0060596200637519
912.00	0.0065749599598348
913.00	0.0070645702071488
914.00	0.0074229999445379
915.00	0.0075916298665106
916.00	0.0076162498444319
917.00	0.0074856500141323
918.00	0.0072619300335646
919.00	0.0070776902139187
920.00	0.0069537898525596
921.00	0.0069907600991428
922.00	0.0072128297761083
923.00	0.0075376802124083
924.00	0.008158789947629
925.00	0.0090890498831868
926.00	0.010470000095665
927.00	0.012347999960184
928.00	0.014943899586797
929.00	0.018639199435711
930.00	0.023477099835873
931.00	0.0294468998909
932.00	0.035757299512625
933.00	0.040144801139832
934.00	0.03977569937706
935.00	0.035462401807308
936.00	0.029767299070954
937.00	0.024750299751759
938.00	0.020930100232363
939.00	0.01816220022738
940.00	0.01651299931109
941.00	0.015505000017583
942.00	0.015275799669325
943.00	0.015564600005746
944.00	0.016784600913525
945.00	0.01899960078299
946.00	0.022622300311923
947.00	0.028954299166799
948.00	0.040405198931694
949.00	0.06166410073638
950.00	0.10495399683714
951.00	0.17753900587559
952.00	0.21599000692368
953.00	0.15691900253296
954.00	0.090062096714973
955.00	0.054354298859835
956.00	0.03653259947896
957.00	0.027267100289464
958.00	0.021746700629592
959.00	0.018810899928212
960.00	0.017178099602461
961.00	0.016338799148798
962.00	0.016253499314189
963.00	0.016480300575495
964.00	0.016475699841976
965.00	0.015752099454403
966.00	0.013669700361788
967.00	0.010665399953723
968.00	0.0076521402224898
969.00	0.0052280300296843
970.00	0.0036043000873178
971.00	0.0024734900798649
972.00	0.0017420999938622
973.00	0.0012767999432981
974.00	0.00093986000865698
975.00	0.00072256097337231
976.00	0.00056297902483493
977.00	0.00045113899977878
978.00	0.00036554300459102
979.00	0.0003019529976882
980.00	0.00025428700610064
981.00	0.00021614000434056
982.00	0.00018862599972636
983.00	0.00016369699733332
984.00	0.0001447270042263
985.00	0.00013065799430478
986.00	0.00011934900248889
987.00	0.00010990699956892
988.00	0.00010236499656457
989.00	9.5125200459734E-5
990.00	9.0444700617809E-5
991.00	8.5867999587208E-5
992.00	8.4105500718579E-5
993.00	8.0916899605654E-5
994.00	7.9923200246412E-5
995.00	7.9626101069152E-5
996.00	7.7998600318097E-5
997.00	7.9361801908817E-5
998.00	8.0201003584079E-5
999.00	8.1899503129534E-5
1,000.00	8.5579602455255E-5
