lambda_chroma_emD535_30m	chroma_emD535_30m
300.00	-1.890E-06
301.00	-2.009E-06
302.00	-3.980E-07
303.00	2.382E-06
304.00	3.154E-06
305.00	-7.539E-08
306.00	-9.504E-08
307.00	6.070E-06
308.00	-1.865E-06
309.00	1.590E-05
310.00	6.416E-06
311.00	-3.151E-06
312.00	-1.632E-06
313.00	-1.701E-07
314.00	-3.501E-06
315.00	-2.040E-06
316.00	-4.368E-07
317.00	-5.780E-07
318.00	-6.435E-07
319.00	-7.305E-06
320.00	-3.789E-06
321.00	-5.532E-06
322.00	-4.003E-06
323.00	-3.681E-06
324.00	1.442E-06
325.00	-3.057E-06
326.00	5.381E-06
327.00	-1.148E-05
328.00	-1.705E-06
329.00	-7.718E-06
330.00	-1.876E-06
331.00	-8.026E-06
332.00	4.889E-06
333.00	8.135E-07
334.00	5.450E-06
335.00	-1.221E-06
336.00	-2.940E-06
337.00	-4.527E-06
338.00	2.815E-06
339.00	-9.753E-06
340.00	-3.904E-06
341.00	-9.791E-06
342.00	-3.911E-06
343.00	-5.595E-06
344.00	9.646E-07
345.00	-5.540E-06
346.00	-3.863E-06
347.00	-3.440E-06
348.00	-3.841E-06
349.00	-5.533E-06
350.00	-1.689E-06
351.00	-1.202E-05
352.00	-3.967E-06
353.00	-5.750E-06
354.00	-6.386E-06
355.00	1.425E-05
356.00	1.460E-06
357.00	-5.342E-06
358.00	5.537E-06
359.00	1.490E-06
360.00	7.936E-07
361.00	5.507E-06
362.00	-1.440E-06
363.00	-9.634E-06
364.00	5.481E-06
365.00	5.687E-06
366.00	5.889E-06
367.00	-1.763E-05
368.00	-5.924E-06
369.00	-5.630E-06
370.00	8.691E-07
371.00	5.596E-06
372.00	-1.420E-06
373.00	-5.443E-06
374.00	9.991E-06
375.00	-1.494E-06
376.00	-1.304E-06
377.00	-3.213E-06
378.00	-3.788E-06
379.00	-7.854E-06
380.00	8.312E-07
381.00	-1.668E-06
382.00	-1.461E-06
383.00	-7.701E-06
384.00	-1.713E-06
385.00	-3.710E-06
386.00	-3.453E-06
387.00	-2.634E-05
388.00	5.785E-06
389.00	-3.487E-06
390.00	-1.764E-05
391.00	-5.954E-06
392.00	-1.596E-05
393.00	-6.263E-06
394.00	-1.252E-05
395.00	1.835E-06
396.00	-1.652E-06
397.00	-1.238E-05
398.00	9.747E-07
399.00	-1.544E-06
400.00	7.897E-07
401.00	-6.209E-06
402.00	1.011E-05
403.00	-1.760E-06
404.00	1.010E-05
405.00	-4.163E-06
406.00	1.493E-05
407.00	2.905E-05
408.00	-3.877E-06
409.00	-7.901E-06
410.00	-1.312E-05
411.00	1.710E-06
412.00	5.754E-06
413.00	-5.951E-06
414.00	-1.892E-06
415.00	-2.448E-05
416.00	-4.441E-06
417.00	-1.575E-05
418.00	1.495E-06
419.00	-1.676E-05
420.00	-6.384E-06
421.00	1.968E-05
422.00	1.828E-06
423.00	6.474E-06
424.00	7.497E-05
425.00	6.158E-06
426.00	-3.479E-06
427.00	-7.640E-06
428.00	-8.565E-06
429.00	-3.775E-06
430.00	-8.121E-06
431.00	-3.477E-06
432.00	1.966E-05
433.00	-3.237E-06
434.00	-9.773E-07
435.00	-9.041E-07
436.00	-3.815E-06
437.00	1.077E-05
438.00	-8.194E-06
439.00	3.338E-05
440.00	-8.030E-06
441.00	-1.019E-05
442.00	-1.904E-05
443.00	1.536E-05
444.00	1.537E-05
445.00	-5.526E-06
446.00	-1.092E-06
447.00	-1.063E-06
448.00	-1.195E-05
449.00	-1.004E-06
450.00	-3.153E-06
451.00	-3.114E-06
452.00	2.406E-05
453.00	-8.939E-07
454.00	-7.303E-06
455.00	-7.243E-06
456.00	1.660E-06
457.00	-3.730E-06
458.00	-8.261E-06
459.00	1.092E-05
460.00	-3.601E-06
461.00	2.903E-05
462.00	-5.755E-06
463.00	-1.467E-05
464.00	-3.408E-06
465.00	-1.671E-05
466.00	-7.736E-06
467.00	1.111E-05
468.00	-5.401E-06
469.00	2.426E-06
470.00	-1.396E-05
471.00	1.555E-05
472.00	3.280E-05
473.00	-2.955E-06
474.00	-8.375E-06
475.00	1.098E-05
476.00	2.014E-05
477.00	-1.319E-06
478.00	-3.544E-06
479.00	2.010E-05
480.00	-1.191E-06
481.00	-1.153E-06
482.00	2.006E-05
483.00	-9.937E-06
484.00	-5.443E-06
485.00	6.817E-06
486.00	-3.143E-06
487.00	-1.619E-05
488.00	1.129E-05
489.00	4.164E-05
490.00	2.699E-06
491.00	-1.367E-05
492.00	-6.053E-06
493.00	1.104E-05
494.00	6.469E-06
495.00	-1.048E-05
496.00	6.545E-06
497.00	1.113E-05
498.00	-5.767E-06
499.00	2.472E-05
500.00	6.680E-06
501.00	-1.140E-06
502.00	2.262E-06
503.00	-3.317E-06
504.00	-5.511E-06
505.00	2.388E-06
506.00	6.859E-06
507.00	-1.203E-05
508.00	-9.535E-07
509.00	-9.734E-06
510.00	-3.105E-06
511.00	6.977E-06
512.00	2.447E-05
513.00	1.423E-04
514.00	4.338E-04
515.00	1.588E-03
516.00	5.722E-03
517.00	2.209E-02
518.00	9.394E-02
519.00	3.224E-01
520.00	6.112E-01
521.00	7.329E-01
522.00	7.617E-01
523.00	7.726E-01
524.00	7.771E-01
525.00	7.832E-01
526.00	7.997E-01
527.00	8.126E-01
528.00	8.002E-01
529.00	7.649E-01
530.00	7.321E-01
531.00	7.250E-01
532.00	7.410E-01
533.00	7.635E-01
534.00	7.745E-01
535.00	7.684E-01
536.00	7.613E-01
537.00	7.644E-01
538.00	7.801E-01
539.00	7.972E-01
540.00	8.090E-01
541.00	8.141E-01
542.00	8.184E-01
543.00	8.245E-01
544.00	8.243E-01
545.00	8.057E-01
546.00	7.665E-01
547.00	7.214E-01
548.00	6.974E-01
549.00	7.234E-01
550.00	7.521E-01
551.00	5.100E-01
552.00	1.751E-01
553.00	4.584E-02
554.00	1.343E-02
555.00	4.581E-03
556.00	1.776E-03
557.00	7.546E-04
558.00	3.559E-04
559.00	1.551E-04
560.00	4.364E-05
561.00	4.812E-05
562.00	1.133E-05
563.00	2.964E-05
564.00	2.504E-05
565.00	-1.175E-06
566.00	2.051E-05
567.00	1.142E-05
568.00	-7.468E-06
569.00	-2.072E-05
570.00	1.603E-05
571.00	1.164E-06
572.00	-1.132E-05
573.00	-1.410E-06
574.00	-1.179E-05
575.00	-8.831E-06
576.00	1.603E-05
577.00	1.114E-05
578.00	-2.202E-06
579.00	2.588E-05
580.00	5.780E-06
581.00	-1.417E-05
582.00	-1.027E-05
583.00	-1.977E-06
584.00	5.136E-07
585.00	-1.670E-05
586.00	2.119E-05
587.00	-1.391E-05
588.00	-1.721E-05
589.00	1.597E-06
590.00	-6.988E-06
591.00	-4.013E-06
592.00	6.782E-06
593.00	-3.270E-06
594.00	-3.011E-06
595.00	3.069E-06
596.00	-1.345E-05
597.00	-6.924E-06
598.00	-4.790E-06
599.00	-2.716E-06
600.00	-1.209E-05
601.00	1.203E-05
602.00	-2.339E-06
603.00	3.399E-06
604.00	1.213E-05
605.00	1.612E-05
606.00	-1.484E-05
607.00	-4.291E-07
608.00	-1.788E-05
609.00	-2.912E-06
610.00	2.789E-06
611.00	-9.906E-06
612.00	7.083E-06
613.00	-1.012E-05
614.00	2.527E-05
615.00	-5.573E-06
616.00	-9.812E-07
617.00	-3.163E-06
618.00	2.100E-05
619.00	-1.459E-06
620.00	-6.026E-06
621.00	1.617E-05
622.00	-6.660E-06
623.00	3.068E-05
624.00	-1.368E-06
625.00	1.155E-05
626.00	-9.150E-06
627.00	1.620E-05
628.00	-1.085E-05
629.00	-2.445E-05
630.00	-3.325E-06
631.00	-7.656E-06
632.00	-5.226E-06
633.00	-1.168E-05
634.00	-2.790E-06
635.00	-5.629E-07
636.00	-5.360E-07
637.00	-1.571E-05
638.00	-4.918E-06
639.00	-6.208E-07
640.00	2.852E-05
641.00	-2.176E-06
642.00	3.726E-05
643.00	-3.795E-07
644.00	2.087E-07
645.00	2.453E-05
646.00	8.536E-06
647.00	2.031E-05
648.00	2.042E-05
649.00	1.633E-05
650.00	-1.867E-06
651.00	-8.375E-06
652.00	8.457E-06
653.00	-1.012E-05
654.00	-1.269E-05
655.00	-1.142E-05
656.00	-1.936E-06
657.00	3.820E-06
658.00	-1.173E-05
659.00	-4.153E-06
660.00	-1.630E-06
661.00	1.672E-07
662.00	-1.459E-06
663.00	-3.739E-06
664.00	-5.617E-09
665.00	-2.454E-07
666.00	1.638E-05
667.00	-4.216E-06
668.00	8.516E-06
669.00	4.267E-06
670.00	2.468E-05
671.00	1.639E-05
672.00	-3.947E-06
673.00	-4.254E-06
674.00	4.583E-06
675.00	8.335E-06
676.00	8.143E-06
677.00	-2.361E-06
678.00	8.409E-06
679.00	-4.070E-06
680.00	8.048E-06
681.00	1.215E-05
682.00	-5.931E-06
683.00	2.055E-05
684.00	1.644E-05
685.00	1.646E-05
686.00	4.085E-05
687.00	-4.225E-06
688.00	1.646E-05
689.00	-1.116E-05
690.00	-1.008E-05
691.00	8.190E-06
692.00	8.046E-06
693.00	-2.495E-06
694.00	8.373E-06
695.00	-4.149E-06
696.00	3.898E-06
697.00	3.788E-05
698.00	-1.189E-05
699.00	1.379E-07
700.00	-8.393E-06
701.00	-2.315E-06
702.00	7.933E-06
703.00	7.801E-06
704.00	4.179E-06
705.00	2.076E-05
706.00	-2.357E-06
707.00	-3.614E-07
708.00	-3.923E-06
709.00	4.195E-06
710.00	2.078E-05
711.00	-8.743E-06
712.00	-4.666E-06
713.00	5.174E-05
714.00	1.320E-07
715.00	5.010E-05
716.00	-2.299E-06
717.00	8.021E-06
718.00	-5.868E-06
719.00	1.255E-05
720.00	8.308E-06
721.00	3.969E-06
722.00	-1.315E-05
723.00	1.669E-05
724.00	-3.984E-06
725.00	-1.459E-05
726.00	4.021E-06
727.00	3.855E-06
728.00	3.678E-06
729.00	3.440E-05
730.00	1.435E-07
731.00	2.939E-05
732.00	-4.426E-06
733.00	-2.441E-06
734.00	3.603E-06
735.00	3.418E-06
736.00	4.186E-06
737.00	3.383E-05
738.00	8.158E-06
739.00	2.120E-05
740.00	-3.957E-06
741.00	-1.250E-05
742.00	-6.382E-08
743.00	2.545E-05
744.00	8.126E-06
745.00	-4.299E-07
746.00	1.789E-07
747.00	1.687E-05
748.00	-1.450E-07
749.00	-4.631E-06
750.00	-2.605E-06
751.00	-7.247E-06
752.00	-2.096E-06
753.00	1.691E-05
754.00	2.126E-05
755.00	8.113E-06
756.00	4.493E-06
757.00	4.313E-06
758.00	-6.475E-06
759.00	3.433E-05
760.00	-2.599E-06
761.00	1.698E-05
762.00	4.343E-06
763.00	4.123E-06
764.00	1.700E-05
765.00	-4.730E-06
766.00	8.706E-06
767.00	-6.238E-06
768.00	-6.455E-06
769.00	8.358E-06
770.00	1.264E-05
771.00	8.108E-06
772.00	1.285E-05
773.00	4.241E-06
774.00	4.054E-06
775.00	2.150E-05
776.00	-1.856E-06
777.00	2.555E-05
778.00	4.242E-06
779.00	-2.327E-06
780.00	-2.808E-07
781.00	1.264E-05
782.00	-2.000E-06
783.00	4.255E-06
784.00	4.072E-06
785.00	3.485E-05
786.00	4.748E-07
787.00	1.715E-05
788.00	-2.170E-06
789.00	1.718E-05
790.00	1.718E-05
791.00	3.067E-05
792.00	4.486E-06
793.00	8.590E-06
794.00	4.108E-06
795.00	8.347E-06
796.00	-3.913E-07
797.00	8.076E-06
798.00	1.724E-05
799.00	8.214E-06
800.00	-4.376E-07
801.00	-2.804E-06
802.00	4.366E-06
803.00	-3.708E-08
804.00	4.116E-06
805.00	-2.433E-06
806.00	8.257E-06
807.00	8.168E-06
808.00	-4.080E-06
809.00	8.613E-06
810.00	-6.842E-08
811.00	-2.378E-06
812.00	-4.755E-06
813.00	1.264E-05
814.00	4.414E-06
815.00	-2.203E-06
816.00	3.980E-06
817.00	8.212E-06
818.00	-1.910E-06
819.00	4.308E-06
820.00	-1.359E-07
821.00	1.261E-05
822.00	8.638E-06
823.00	1.271E-05
824.00	8.228E-07
825.00	4.527E-06
826.00	1.684E-05
827.00	1.248E-05
828.00	3.018E-07
829.00	1.246E-05
830.00	-9.763E-06
831.00	2.072E-05
832.00	6.551E-07
833.00	1.235E-05
834.00	-1.579E-06
835.00	1.225E-05
836.00	-1.595E-06
837.00	1.213E-05
838.00	4.464E-06
839.00	3.211E-05
840.00	-9.788E-07
841.00	1.590E-05
842.00	8.618E-06
843.00	8.229E-06
844.00	4.827E-06
845.00	2.311E-05
846.00	-3.200E-06
847.00	1.460E-07
848.00	3.324E-06
849.00	2.695E-06
850.00	2.070E-06
