Typical Measured Spectrum of Semrock FF01-457/530/628 Optical Filter	
Values near or below 1e-6 are measurement noise limited.	
Data format:  Wavelength (nm) <tab> Transmission (0 to 1)
270.0	2.5249e-06
270.2	2.5109e-06
270.4	2.4971e-06
270.6	2.4833e-06
270.8	2.4696e-06
271.0	2.4559e-06
271.2	2.4423e-06
271.4	2.4289e-06
271.6	2.4154e-06
271.8	2.4021e-06
272.0	2.5505e-06
272.2	2.708e-06
272.4	2.8753e-06
272.6	3.0529e-06
272.8	3.2415e-06
273.0	3.4417e-06
273.2	3.6543e-06
273.4	3.88e-06
273.6	4.1197e-06
273.8	4.3742e-06
274.0	4.61e-06
274.2	4.8489e-06
274.4	5.1002e-06
274.6	5.3645e-06
274.8	5.6426e-06
275.0	5.935e-06
275.2	6.2426e-06
275.4	6.5661e-06
275.6	6.9065e-06
275.8	7.2644e-06
276.0	7.6711e-06
276.2	8.1238e-06
276.4	8.6032e-06
276.6	9.1108e-06
276.8	9.6484e-06
277.0	1.0218e-05
277.2	1.0821e-05
277.4	1.1459e-05
277.6	1.2135e-05
277.8	1.2852e-05
278.0	1.2455e-05
278.2	1.038e-05
278.4	8.6498e-06
278.6	7.2083e-06
278.8	6.0071e-06
279.0	5.006e-06
279.2	4.1718e-06
279.4	3.4765e-06
279.6	2.8972e-06
279.8	2.4144e-06
280.0	2.0342e-06
280.2	1.9285e-06
280.4	1.8282e-06
280.6	1.7332e-06
280.8	1.6431e-06
281.0	1.5577e-06
281.2	1.4767e-06
281.4	1.4e-06
281.6	1.3272e-06
281.8	1.2582e-06
282.0	1.2334e-06
282.2	1.2103e-06
282.4	1.1877e-06
282.6	1.1655e-06
282.8	1.1437e-06
283.0	1.1223e-06
283.2	1.1013e-06
283.4	1.0807e-06
283.6	1.0604e-06
283.8	1.0406e-06
284.0	1.0195e-06
284.2	9.984e-07
284.4	9.777e-07
284.6	9.5744e-07
284.8	9.3759e-07
285.0	9.1815e-07
285.2	8.9912e-07
285.4	8.8048e-07
285.6	8.6222e-07
285.8	8.4435e-07
286.0	8.8029e-07
286.2	9.6503e-07
286.4	1.0579e-06
286.6	1.1598e-06
286.8	1.2714e-06
287.0	1.3938e-06
287.2	1.528e-06
287.4	1.6751e-06
287.6	1.8363e-06
287.8	2.0131e-06
288.0	2.0671e-06
288.2	1.8845e-06
288.4	1.7181e-06
288.6	1.5664e-06
288.8	1.4281e-06
289.0	1.3019e-06
289.2	1.187e-06
289.4	1.0822e-06
289.6	9.8659e-07
289.8	8.9946e-07
290.0	8.2165e-07
290.2	7.691e-07
290.4	7.1991e-07
290.6	6.7386e-07
290.8	6.3076e-07
291.0	5.9042e-07
291.2	5.5265e-07
291.4	5.173e-07
291.6	4.8422e-07
291.8	4.5325e-07
292.0	4.4313e-07
292.2	4.3352e-07
292.4	4.2412e-07
292.6	4.1492e-07
292.8	4.0593e-07
293.0	3.9713e-07
293.2	3.8852e-07
293.4	3.8009e-07
293.6	3.7185e-07
293.8	3.6379e-07
294.0	3.5757e-07
294.2	3.519e-07
294.4	3.4631e-07
294.6	3.4082e-07
294.8	3.3542e-07
295.0	3.301e-07
295.2	3.2486e-07
295.4	3.1971e-07
295.6	3.1464e-07
295.8	3.0965e-07
296.0	3.0582e-07
296.2	3.0278e-07
296.4	2.9977e-07
296.6	2.968e-07
296.8	2.9385e-07
297.0	2.9093e-07
297.2	2.8805e-07
297.4	2.8519e-07
297.6	2.8235e-07
297.8	2.7955e-07
298.0	2.7653e-07
298.2	2.7316e-07
298.4	2.6984e-07
298.6	2.6655e-07
298.8	2.633e-07
299.0	2.601e-07
299.2	2.5693e-07
299.4	2.538e-07
299.6	2.5071e-07
299.8	2.4766e-07
300.0	2.4464e-07
300.2	2.4171e-07
300.4	2.3881e-07
300.6	2.3594e-07
300.8	2.3311e-07
301.0	2.3032e-07
301.2	2.2756e-07
301.4	2.2483e-07
301.6	2.2213e-07
301.8	2.1946e-07
302.0	2.3093e-07
302.2	2.4347e-07
302.4	2.5669e-07
302.6	2.7063e-07
302.8	2.8532e-07
303.0	3.0082e-07
303.2	3.1715e-07
303.4	3.3437e-07
303.6	3.5253e-07
303.8	3.7167e-07
304.0	4.4083e-07
304.2	5.4105e-07
304.4	6.6405e-07
304.6	8.1501e-07
304.8	1.0003e-06
305.0	1.2277e-06
305.2	1.5068e-06
305.4	1.8493e-06
305.6	2.2698e-06
305.8	2.7858e-06
306.0	2.5647e-06
306.2	1.9173e-06
306.4	1.4334e-06
306.6	1.0716e-06
306.8	8.0108e-07
307.0	5.9888e-07
307.2	4.4771e-07
307.4	3.347e-07
307.6	2.5022e-07
307.8	1.8706e-07
308.0	1.679e-07
308.2	2.0058e-07
308.4	2.3963e-07
308.6	2.8628e-07
308.8	3.4202e-07
309.0	4.086e-07
309.2	4.8814e-07
309.4	5.8318e-07
309.6	6.9671e-07
309.8	8.3234e-07
310.0	9.8405e-07
310.2	1.0591e-06
310.4	1.1398e-06
310.6	1.2266e-06
310.8	1.3201e-06
311.0	1.4208e-06
311.2	1.5291e-06
311.4	1.6456e-06
311.6	1.771e-06
311.8	1.906e-06
312.0	1.8905e-06
312.2	1.8697e-06
312.4	1.849e-06
312.6	1.8286e-06
312.8	1.8084e-06
313.0	1.7885e-06
313.2	1.7687e-06
313.4	1.7492e-06
313.6	1.7299e-06
313.8	1.7108e-06
314.0	1.6518e-06
314.2	1.5837e-06
314.4	1.5185e-06
314.6	1.4559e-06
314.8	1.3959e-06
315.0	1.3384e-06
315.2	1.2833e-06
315.4	1.2304e-06
315.6	1.1797e-06
315.8	1.1311e-06
316.0	9.8295e-07
316.2	7.9777e-07
316.4	6.4748e-07
316.6	5.255e-07
316.8	4.265e-07
317.0	3.4615e-07
317.2	2.8094e-07
317.4	2.2801e-07
317.6	1.8505e-07
317.8	1.5019e-07
318.0	1.4419e-07
318.2	1.7808e-07
318.4	2.1993e-07
318.6	2.7163e-07
318.8	3.3547e-07
319.0	4.1432e-07
319.2	5.117e-07
319.4	6.3197e-07
319.6	7.8051e-07
319.8	9.6396e-07
320.0	1.1597e-06
320.2	1.1285e-06
320.4	1.0981e-06
320.6	1.0685e-06
320.8	1.0398e-06
321.0	1.0118e-06
321.2	9.8453e-07
321.4	9.5802e-07
321.6	9.3222e-07
321.8	9.0712e-07
322.0	7.5564e-07
322.2	6.2325e-07
322.4	5.1405e-07
322.6	4.2399e-07
322.8	3.497e-07
323.0	2.8843e-07
323.2	2.379e-07
323.4	1.9622e-07
323.6	1.6184e-07
323.8	1.3348e-07
324.0	1.2559e-07
324.2	1.2333e-07
324.4	1.2111e-07
324.6	1.1893e-07
324.8	1.1679e-07
325.0	1.1469e-07
325.2	1.1262e-07
325.4	1.1059e-07
325.6	1.086e-07
325.8	1.0665e-07
326.0	1.2195e-07
326.2	1.5642e-07
326.4	2.0064e-07
326.6	2.5736e-07
326.8	3.3011e-07
327.0	4.2343e-07
327.2	5.4312e-07
327.4	6.9665e-07
327.6	8.9358e-07
327.8	1.1462e-06
328.0	1.2985e-06
328.2	1.2113e-06
328.4	1.13e-06
328.6	1.0542e-06
328.8	9.834e-07
329.0	9.1738e-07
329.2	8.558e-07
329.4	7.9836e-07
329.6	7.4477e-07
329.8	6.9477e-07
330.0	6.3675e-07
330.2	5.0178e-07
330.4	3.9542e-07
330.6	3.116e-07
330.8	2.4555e-07
331.0	1.935e-07
331.2	1.5248e-07
331.4	1.2016e-07
331.6	9.4691e-08
331.8	7.462e-08
332.0	9.5604e-08
332.2	1.2533e-07
332.4	1.6429e-07
332.6	2.1537e-07
332.8	2.8233e-07
333.0	3.701e-07
333.2	4.8517e-07
333.4	6.3601e-07
333.6	8.3374e-07
333.8	1.093e-06
334.0	9.2996e-07
334.2	6.9797e-07
334.4	5.2385e-07
334.6	3.9316e-07
334.8	2.9508e-07
335.0	2.2147e-07
335.2	1.6622e-07
335.4	1.2475e-07
335.6	9.3632e-08
335.8	7.0274e-08
336.0	7.0371e-08
336.2	8.5405e-08
336.4	1.0365e-07
336.6	1.2579e-07
336.8	1.5267e-07
337.0	1.8528e-07
337.2	2.2487e-07
337.4	2.7291e-07
337.6	3.3121e-07
337.8	4.0197e-07
338.0	4.1538e-07
338.2	3.4531e-07
338.4	2.8706e-07
338.6	2.3864e-07
338.8	1.9838e-07
339.0	1.6492e-07
339.2	1.371e-07
339.4	1.1397e-07
339.6	9.4747e-08
339.8	7.8764e-08
340.0	6.8456e-08
340.2	8.1234e-08
340.4	9.6397e-08
340.6	1.1439e-07
340.8	1.3574e-07
341.0	1.6108e-07
341.2	1.9114e-07
341.4	2.2682e-07
341.6	2.6916e-07
341.8	3.194e-07
342.0	2.7181e-07
342.2	2.2292e-07
342.4	1.8282e-07
342.6	1.4994e-07
342.8	1.2297e-07
343.0	1.0085e-07
343.2	8.2709e-08
343.4	6.7832e-08
343.6	5.5631e-08
343.8	4.5624e-08
344.0	4.303e-08
344.2	4.2793e-08
344.4	4.2556e-08
344.6	4.2321e-08
344.8	4.2088e-08
345.0	4.1855e-08
345.2	4.1624e-08
345.4	4.1394e-08
345.6	4.1166e-08
345.8	4.0939e-08
346.0	4.336e-08
346.2	4.8305e-08
346.4	5.3814e-08
346.6	5.995e-08
346.8	6.6787e-08
347.0	7.4403e-08
347.2	8.2888e-08
347.4	9.234e-08
347.6	1.0287e-07
347.8	1.146e-07
348.0	1.2484e-07
348.2	1.3121e-07
348.4	1.3791e-07
348.6	1.4495e-07
348.8	1.5234e-07
349.0	1.6012e-07
349.2	1.6829e-07
349.4	1.7687e-07
349.6	1.859e-07
349.8	1.9539e-07
350.0	2.0037e-07
350.2	1.6841e-07
350.4	1.4155e-07
350.6	1.1898e-07
350.8	1.0e-07
351.0	8.4051e-08
351.2	7.0645e-08
351.4	5.9378e-08
351.6	4.9907e-08
351.8	4.1948e-08
352.0	4.1282e-08
352.2	4.1267e-08
352.4	4.1251e-08
352.6	4.1236e-08
352.8	4.122e-08
353.0	4.1204e-08
353.2	4.1189e-08
353.4	4.1173e-08
353.6	4.1158e-08
353.8	4.1142e-08
354.0	4.7942e-08
354.2	5.8958e-08
354.4	7.2506e-08
354.6	8.9167e-08
354.8	1.0966e-07
355.0	1.3485e-07
355.2	1.6584e-07
355.4	2.0395e-07
355.6	2.5082e-07
355.8	3.0845e-07
356.0	2.982e-07
356.2	2.4131e-07
356.4	1.9528e-07
356.6	1.5803e-07
356.8	1.2788e-07
357.0	1.0349e-07
357.2	8.3744e-08
357.4	6.7768e-08
357.6	5.484e-08
357.8	4.4379e-08
358.0	3.9108e-08
358.2	3.8961e-08
358.4	3.8815e-08
358.6	3.8669e-08
358.8	3.8523e-08
359.0	3.8378e-08
359.2	3.8234e-08
359.4	3.809e-08
359.6	3.7947e-08
359.8	3.7804e-08
360.0	3.7637e-08
360.2	3.7298e-08
360.4	3.6962e-08
360.6	3.6629e-08
360.8	3.6299e-08
361.0	3.5972e-08
361.2	3.5648e-08
361.4	3.5327e-08
361.6	3.5009e-08
361.8	3.4694e-08
362.0	4.1855e-08
362.2	5.1307e-08
362.4	6.2894e-08
362.6	7.7096e-08
362.8	9.4506e-08
363.0	1.1585e-07
363.2	1.4201e-07
363.4	1.7408e-07
363.6	2.1339e-07
363.8	2.6158e-07
364.0	2.3468e-07
364.2	1.9131e-07
364.4	1.5595e-07
364.6	1.2713e-07
364.8	1.0363e-07
365.0	8.4479e-08
365.2	6.8865e-08
365.4	5.6137e-08
365.6	4.5762e-08
365.8	3.7304e-08
366.0	3.4364e-08
366.2	3.4343e-08
366.4	3.4323e-08
366.6	3.4303e-08
366.8	3.4282e-08
367.0	3.4262e-08
367.2	3.4242e-08
367.4	3.4221e-08
367.6	3.4201e-08
367.8	3.4181e-08
368.0	3.7357e-08
368.2	4.5649e-08
368.4	5.5782e-08
368.6	6.8163e-08
368.8	8.3292e-08
369.0	1.0178e-07
369.2	1.2437e-07
369.4	1.5198e-07
369.6	1.8571e-07
369.8	2.2693e-07
370.0	2.6068e-07
370.2	2.0802e-07
370.4	1.66e-07
370.6	1.3246e-07
370.8	1.057e-07
371.0	8.4348e-08
371.2	6.7309e-08
371.4	5.3711e-08
371.6	4.286e-08
371.8	3.4202e-08
372.0	3.7592e-08
372.2	4.273e-08
372.4	4.8571e-08
372.6	5.521e-08
372.8	6.2756e-08
373.0	7.1334e-08
373.2	8.1084e-08
373.4	9.2167e-08
373.6	1.0476e-07
373.8	1.1908e-07
374.0	1.3536e-07
374.2	1.5386e-07
374.4	1.749e-07
374.6	1.8443e-07
374.8	1.9241e-07
375.0	2.0074e-07
375.2	2.0943e-07
375.4	2.185e-07
375.6	2.2795e-07
375.8	2.3782e-07
376.0	2.4811e-07
376.2	2.5885e-07
376.4	2.631e-07
376.6	2.4674e-07
376.8	2.314e-07
377.0	2.1701e-07
377.2	2.0352e-07
377.4	1.9087e-07
377.6	1.79e-07
377.8	1.6788e-07
378.0	1.5744e-07
378.2	1.4765e-07
378.4	1.3995e-07
378.6	1.4766e-07
378.8	1.5579e-07
379.0	1.6437e-07
379.2	1.7343e-07
379.4	1.8298e-07
379.6	1.9306e-07
379.8	2.037e-07
380.0	2.1492e-07
380.2	2.2676e-07
380.4	2.3925e-07
380.6	2.1493e-07
380.8	1.9111e-07
381.0	1.6993e-07
381.2	1.511e-07
381.4	1.3435e-07
381.6	1.1946e-07
381.8	1.0622e-07
382.0	9.445e-08
382.2	8.3982e-08
382.4	7.4675e-08
382.6	6.6399e-08
382.8	5.904e-08
383.0	5.3547e-08
383.2	4.9833e-08
383.4	4.6375e-08
383.6	4.3158e-08
383.8	4.0164e-08
384.0	3.7377e-08
384.2	3.4784e-08
384.4	3.2371e-08
384.6	3.0125e-08
384.8	2.8035e-08
385.0	2.878e-07
385.2	3.5396e-07
385.4	4.2996e-07
385.6	3.2184e-07
385.8	2.4091e-07
386.0	2.7267e-07
386.2	4.7461e-07
386.4	8.2609e-07
386.6	9.2938e-07
386.8	1.0456e-06
387.0	5.5112e-07
387.2	2.8828e-07
387.4	2.1106e-07
387.6	2.3116e-07
387.8	2.5318e-07
388.0	3.944e-07
388.2	6.1333e-07
388.4	6.7177e-07
388.6	7.3579e-07
388.8	6.36e-07
389.0	4.2092e-07
389.2	2.7858e-07
389.4	2.3045e-07
389.6	1.9194e-07
389.8	2.501e-07
390.0	3.259e-07
390.2	4.3296e-07
390.4	5.8738e-07
390.6	7.9688e-07
390.8	7.6645e-07
391.0	7.2571e-07
391.2	4.1377e-07
391.4	2.3591e-07
391.6	2.0354e-07
391.8	2.7027e-07
392.0	3.5888e-07
392.2	2.5181e-07
392.4	1.7668e-07
392.6	2.9984e-07
392.8	5.1112e-07
393.0	7.1778e-07
393.2	8.029e-07
393.4	8.9811e-07
393.6	9.6506e-07
393.8	1.037e-06
394.0	5.0549e-07
394.2	2.4641e-07
394.4	2.2207e-07
394.6	4.0589e-07
394.8	7.4188e-07
395.0	3.4731e-07
395.2	1.658e-07
395.4	2.8543e-07
395.6	4.9137e-07
395.8	6.2958e-07
396.0	5.858e-07
396.2	5.4506e-07
396.4	5.9596e-07
396.6	6.4314e-07
396.8	3.6564e-07
397.0	2.0787e-07
397.2	2.0067e-07
397.4	3.3986e-07
397.6	5.7562e-07
397.8	3.7438e-07
398.0	2.435e-07
398.2	2.4009e-07
398.4	2.3772e-07
398.6	2.7549e-07
398.8	3.8548e-07
399.0	5.3938e-07
399.2	1.0624e-06
399.4	2.0926e-06
399.6	8.7062e-07
399.8	3.594e-07
400.0	2.6427e-07
400.2	3.8269e-07
400.4	5.5418e-07
400.6	3.4794e-07
400.8	2.2064e-07
401.0	3.7543e-07
401.2	6.3879e-07
401.4	6.5384e-07
401.6	3.8162e-07
401.8	2.2273e-07
402.0	2.1587e-07
402.2	2.1127e-07
402.4	3.9282e-07
402.6	7.3038e-07
402.8	9.5851e-07
403.0	8.6245e-07
403.2	7.7601e-07
403.4	1.1197e-06
403.6	1.5585e-06
403.8	6.7642e-07
404.0	2.9357e-07
404.2	2.227e-07
404.4	2.9863e-07
404.6	4.0044e-07
404.8	9.1474e-07
405.0	2.0896e-06
405.2	1.8336e-06
405.4	1.5935e-06
405.6	1.1445e-06
405.8	6.5425e-07
406.0	3.74e-07
406.2	3.6904e-07
406.4	3.648e-07
406.6	5.1652e-07
406.8	7.3134e-07
407.0	6.5588e-07
407.2	3.5147e-07
407.4	1.8835e-07
407.6	1.82e-07
407.8	1.7592e-07
408.0	1.7393e-07
408.2	1.7195e-07
408.4	1.7158e-07
408.6	1.7291e-07
408.8	1.7426e-07
409.0	1.7253e-07
409.2	1.7079e-07
409.4	1.6852e-07
409.6	1.6628e-07
409.8	1.658e-07
410.0	1.6716e-07
410.2	1.6852e-07
410.4	1.6625e-07
410.6	1.6401e-07
410.8	1.6179e-07
411.0	1.596e-07
411.2	1.5898e-07
411.4	1.6016e-07
411.6	1.6135e-07
411.8	1.6e-07
412.0	1.597e-07
412.2	2.4394e-07
412.4	3.726e-07
412.6	4.7992e-07
412.8	5.1391e-07
413.0	5.5031e-07
413.2	2.9354e-07
413.4	1.5657e-07
413.6	2.3542e-07
413.8	3.5961e-07
414.0	4.4562e-07
414.2	4.2981e-07
414.4	4.1456e-07
414.6	2.5018e-07
414.8	1.5177e-07
415.0	2.6003e-07
415.2	4.455e-07
415.4	5.4228e-07
415.6	4.5239e-07
415.8	3.7741e-07
416.0	2.3608e-07
416.2	1.4938e-07
416.4	1.4813e-07
416.6	1.4689e-07
416.8	1.5255e-07
417.0	1.6609e-07
417.2	1.8082e-07
417.4	2.8203e-07
417.6	4.3988e-07
417.8	2.8147e-07
418.0	1.8011e-07
418.2	1.7497e-07
418.4	2.7217e-07
418.6	4.2337e-07
418.8	2.4354e-07
419.0	1.4124e-07
419.2	1.3974e-07
419.4	1.3825e-07
419.6	1.8281e-07
419.8	3.2897e-07
420.0	5.9197e-07
420.2	4.0358e-07
420.4	2.7514e-07
420.6	2.0729e-07
420.8	1.5617e-07
421.0	1.4227e-07
421.2	1.6056e-07
421.4	1.8119e-07
421.6	3.1419e-07
421.8	5.4091e-07
422.0	7.0371e-07
422.2	9.1551e-07
422.4	9.0016e-07
422.6	6.613e-07
422.8	4.8582e-07
423.0	6.6772e-07
423.2	9.1272e-07
423.4	4.1911e-07
423.6	1.9245e-07
423.8	1.2836e-07
424.0	1.2933e-07
424.2	1.3031e-07
424.4	1.2956e-07
424.6	1.2881e-07
424.8	2.3988e-07
425.0	4.4956e-07
425.2	4.7345e-07
425.4	2.5347e-07
425.6	1.357e-07
425.8	1.3147e-07
426.0	1.2744e-07
426.2	1.2649e-07
426.4	1.2555e-07
426.6	2.2548e-07
426.8	7.6001e-07
427.0	2.5618e-06
427.2	3.2577e-06
427.4	1.3257e-07
427.6	1.3899e-07
427.8	1.4572e-07
428.0	1.4566e-07
428.2	1.3799e-07
428.4	1.3072e-07
428.6	1.3689e-07
428.8	1.4336e-07
429.0	1.4488e-07
429.2	1.4634e-07
429.4	1.4687e-07
429.6	1.4628e-07
429.8	1.4569e-07
430.0	1.513e-07
430.2	1.5679e-07
430.4	1.4133e-07
430.6	1.2739e-07
430.8	1.2681e-07
431.0	1.4027e-07
431.2	1.5516e-07
431.4	1.5867e-07
431.6	1.6221e-07
431.8	1.5575e-07
432.0	1.4954e-07
432.2	1.489e-07
432.4	1.5433e-07
432.6	1.5996e-07
432.8	1.7527e-07
433.0	1.9189e-07
433.2	1.7797e-07
433.4	1.6506e-07
433.6	1.555e-07
433.8	1.5394e-07
434.0	1.5233e-07
434.2	1.4519e-07
434.4	1.3838e-07
434.6	2.4303e-06
434.8	1.881e-07
435.0	2.5557e-07
435.2	1.0733e-07
435.4	5.2646e-08
435.6	2.954e-08
435.8	5.9713e-08
436.0	1.207e-07
436.2	1.7068e-07
436.4	1.8329e-07
436.6	1.9042e-07
436.8	1.8997e-07
437.0	1.8952e-07
437.2	2.1556e-07
437.4	2.48e-07
437.6	2.373e-07
437.8	1.7021e-07
438.0	1.6398e-07
438.2	3.0007e-07
438.4	5.4909e-07
438.6	8.2093e-07
438.8	1.1613e-06
439.0	1.6826e-06
439.2	2.6102e-06
439.4	4.0775e-06
439.6	6.6493e-06
439.8	1.0843e-05
440.0	1.8886e-05
440.2	3.4309e-05
440.4	6.3143e-05
440.6	1.3366e-04
440.8	2.6829e-04
441.0	4.8847e-04
441.2	9.2192e-04
441.4	0.00182
441.6	0.00364
441.8	0.00729
442.0	0.0151
442.2	0.03261
442.4	0.07137
442.6	0.16307
442.8	0.35678
443.0	0.62891
443.2	0.81468
443.4	0.84794
443.6	0.84435
443.8	0.85486
444.0	0.88328
444.2	0.91776
444.4	0.94402
444.6	0.95687
444.8	0.9602
445.0	0.95745
445.2	0.95301
445.4	0.9496
445.6	0.946
445.8	0.94261
446.0	0.93821
446.2	0.93268
446.4	0.92954
446.6	0.92828
446.8	0.93134
447.0	0.9379
447.2	0.94775
447.4	0.95825
447.6	0.97024
447.8	0.97859
448.0	0.98525
448.2	0.98314
448.4	0.97993
448.6	0.97178
448.8	0.96245
449.0	0.95288
449.2	0.94671
449.4	0.94023
449.6	0.93818
449.8	0.93853
450.0	0.94152
450.2	0.94767
450.4	0.95493
450.6	0.96114
450.8	0.96809
451.0	0.97422
451.2	0.97839
451.4	0.98259
451.6	0.98446
451.8	0.98575
452.0	0.98491
452.2	0.9851
452.4	0.98264
452.6	0.98237
452.8	0.98155
453.0	0.98141
453.2	0.98225
453.4	0.982
453.6	0.98368
453.8	0.98344
454.0	0.98305
454.2	0.98181
454.4	0.9791
454.6	0.9763
454.8	0.9728
455.0	0.96803
455.2	0.96337
455.4	0.9582
455.6	0.95423
455.8	0.94917
456.0	0.94674
456.2	0.94305
456.4	0.9401
456.6	0.93768
456.8	0.93465
457.0	0.93194
457.2	0.92873
457.4	0.92651
457.6	0.92459
457.8	0.92348
458.0	0.92389
458.2	0.92593
458.4	0.93005
458.6	0.93597
458.8	0.94295
459.0	0.9518
459.2	0.95934
459.4	0.9674
459.6	0.97336
459.8	0.97577
460.0	0.97688
460.2	0.97554
460.4	0.97199
460.6	0.96827
460.8	0.96433
461.0	0.96104
461.2	0.95853
461.4	0.95893
461.6	0.96126
461.8	0.96602
462.0	0.97094
462.2	0.97697
462.4	0.98107
462.6	0.98433
462.8	0.98613
463.0	0.98271
463.2	0.97844
463.4	0.97138
463.6	0.96569
463.8	0.96034
464.0	0.95693
464.2	0.95688
464.4	0.96051
464.6	0.9656
464.8	0.97215
465.0	0.97796
465.2	0.98436
465.4	0.98632
465.6	0.98535
465.8	0.98196
466.0	0.97661
466.2	0.9698
466.4	0.96455
466.6	0.96082
466.8	0.96019
467.0	0.96167
467.2	0.96535
467.4	0.96834
467.6	0.97255
467.8	0.97625
468.0	0.97994
468.2	0.98198
468.4	0.98208
468.6	0.97412
468.8	0.95397
469.0	0.91802
469.2	0.86545
469.4	0.7842
469.6	0.68092
469.8	0.51135
470.0	0.30519
470.2	0.14698
470.4	0.06389
470.6	0.02873
470.8	0.01061
471.0	0.00492
471.2	0.00244
471.4	0.0013
471.6	7.2624e-04
471.8	4.4032e-04
472.0	2.6934e-04
472.2	1.3405e-04
472.4	6.4719e-05
472.6	3.9018e-05
472.8	2.4007e-05
473.0	1.5424e-05
473.2	9.9098e-06
473.4	6.3074e-06
473.6	4.0048e-06
473.8	2.8036e-06
474.0	2.0276e-06
474.2	1.4716e-06
474.4	1.0811e-06
474.6	7.9427e-07
474.8	6.363e-07
475.0	5.2902e-07
475.2	4.4165e-07
475.4	3.6966e-07
475.6	3.1366e-07
475.8	3.0562e-07
476.0	2.9778e-07
476.2	2.5396e-07
476.4	1.9547e-07
476.6	1.6814e-07
476.8	1.6058e-07
477.0	1.5337e-07
477.2	1.6528e-07
477.4	1.7833e-07
477.6	1.9599e-07
477.8	2.2001e-07
478.0	2.3467e-07
478.2	2.3358e-07
478.4	2.3249e-07
478.6	1.8956e-07
478.8	1.5117e-07
479.0	1.3388e-07
479.2	1.4122e-07
479.4	1.4385e-07
479.6	1.3651e-07
479.8	1.2954e-07
480.0	1.527e-07
480.2	1.8972e-07
480.4	1.5335e-07
480.6	4.2155e-08
480.8	1.8531e-08
481.0	3.7557e-08
481.2	7.6115e-08
481.4	9.2895e-08
481.6	9.2622e-08
481.8	8.6611e-08
482.0	6.1605e-08
482.2	4.8683e-08
482.4	7.1567e-08
482.6	1.0521e-07
482.8	1.1323e-07
483.0	1.0065e-07
483.2	8.3228e-08
483.4	3.4515e-08
483.6	1.5283e-08
483.8	2.3504e-08
484.0	3.6146e-08
484.2	5.4204e-08
484.4	7.9486e-08
484.6	1.1606e-07
484.8	7.2306e-08
485.0	4.5047e-08
485.2	5.8278e-08
485.4	8.1047e-08
485.6	1.1135e-07
485.8	1.5006e-07
486.0	2.0221e-07
486.2	1.6916e-07
486.4	1.3137e-07
486.6	1.2949e-07
486.8	1.345e-07
487.0	1.1959e-07
487.2	7.3967e-08
487.4	4.5751e-08
487.6	4.5651e-08
487.8	5.2337e-08
488.0	3.6346e-08
488.2	2.087e-08
488.4	1.4192e-08
488.6	1.8597e-08
488.8	2.437e-08
489.0	3.0334e-08
489.2	3.6854e-08
489.4	5.0466e-08
489.6	7.4135e-08
489.8	1.0253e-07
490.0	8.4816e-08
490.2	7.0162e-08
490.4	8.5033e-08
490.6	1.3512e-07
490.8	9.6999e-08
491.0	3.4901e-08
491.2	1.2751e-08
491.4	1.2683e-08
491.6	1.2616e-08
491.8	1.93e-08
492.0	4.6215e-08
492.2	7.6532e-08
492.4	8.075e-08
492.6	8.5202e-08
492.8	9.6879e-08
493.0	1.1083e-07
493.2	1.1738e-07
493.4	1.1101e-07
493.6	1.0338e-07
493.8	9.3016e-08
494.0	8.3691e-08
494.2	7.7747e-08
494.4	7.2842e-08
494.6	6.7776e-08
494.8	6.1892e-08
495.0	5.3201e-08
495.2	3.6904e-08
495.4	2.5599e-08
495.6	3.7461e-08
495.8	7.607e-08
496.0	1.3175e-07
496.2	1.0778e-07
496.4	8.9761e-08
496.6	8.4752e-08
496.8	8.0022e-08
497.0	8.0567e-08
497.2	8.459e-08
497.4	8.7369e-08
497.6	7.5635e-08
497.8	6.6069e-08
498.0	7.7228e-08
498.2	9.0271e-08
498.4	9.2398e-08
498.6	8.325e-08
498.8	7.5007e-08
499.0	6.9299e-08
499.2	6.4042e-08
499.4	5.9339e-08
499.6	5.4992e-08
499.8	5.2549e-08
500.0	5.2387e-08
500.2	5.2226e-08
500.4	4.7229e-08
500.6	4.225e-08
500.8	2.5981e-08
501.0	1.4915e-08
501.2	1.1793e-08
501.4	1.8129e-08
501.6	2.7869e-08
501.8	3.3748e-08
502.0	3.8572e-08
502.2	4.679e-08
502.4	5.812e-08
502.6	7.1088e-08
502.8	8.1571e-08
503.0	9.3602e-08
503.2	9.7829e-08
503.4	9.765e-08
503.6	6.5597e-08
503.8	3.4568e-08
504.0	1.996e-08
504.2	2.6232e-08
504.4	3.4474e-08
504.6	5.0049e-08
504.8	7.8094e-08
505.0	8.3378e-08
505.2	6.3152e-08
505.4	4.7973e-08
505.6	6.5263e-08
505.8	8.8785e-08
506.0	1.0379e-07
506.2	1.0329e-07
506.4	1.0269e-07
506.6	1.0195e-07
506.8	1.0122e-07
507.0	1.0972e-07
507.2	1.1991e-07
507.4	1.1339e-07
507.6	8.5905e-08
507.8	7.721e-08
508.0	9.5984e-08
508.2	1.1932e-07
508.4	1.0703e-07
508.6	8.9572e-08
508.8	8.1509e-08
509.0	8.9757e-08
509.2	1.0284e-07
509.4	1.3272e-07
509.6	1.7128e-07
509.8	1.7526e-07
510.0	1.6458e-07
510.2	1.5797e-07
510.4	1.6419e-07
510.6	1.721e-07
510.8	2.8677e-07
511.0	4.7577e-07
511.2	5.3821e-07
511.4	6.7976e-07
511.6	7.6386e-07
511.8	1.0855e-06
512.0	1.5868e-06
512.2	2.0204e-06
512.4	2.7466e-06
512.6	4.0677e-06
512.8	5.7275e-06
513.0	8.5218e-06
513.2	1.2801e-05
513.4	1.8959e-05
513.6	2.8675e-05
513.8	4.4137e-05
514.0	6.9261e-05
514.2	1.1113e-04
514.4	1.8195e-04
514.6	3.1101e-04
514.8	5.4647e-04
515.0	9.4295e-04
515.2	0.00168
515.4	0.00311
515.6	0.00609
515.8	0.01246
516.0	0.02684
516.2	0.05987
516.4	0.13612
516.6	0.29438
516.8	0.53832
517.0	0.77366
517.2	0.90286
517.4	0.95217
517.6	0.9673
517.8	0.96044
518.0	0.94413
518.2	0.92511
518.4	0.90812
518.6	0.89906
518.8	0.8989
519.0	0.90704
519.2	0.92222
519.4	0.94018
519.6	0.95782
519.8	0.97072
520.0	0.97721
520.2	0.97751
520.4	0.97308
520.6	0.96605
520.8	0.95777
521.0	0.95086
521.2	0.94704
521.4	0.94585
521.6	0.94809
521.8	0.95258
522.0	0.95825
522.2	0.96462
522.4	0.97015
522.6	0.97404
522.8	0.97724
523.0	0.97871
523.2	0.9786
523.4	0.97731
523.6	0.97607
523.8	0.97512
524.0	0.97382
524.2	0.97394
524.4	0.97418
524.6	0.97494
524.8	0.9758
525.0	0.97627
525.2	0.97624
525.4	0.97615
525.6	0.97518
525.8	0.97409
526.0	0.97205
526.2	0.9699
526.4	0.96905
526.6	0.96825
526.8	0.96822
527.0	0.96919
527.2	0.97047
527.4	0.97257
527.6	0.97459
527.8	0.97641
528.0	0.97809
528.2	0.97915
528.4	0.97961
528.6	0.97828
528.8	0.97675
529.0	0.97558
529.2	0.97395
529.4	0.97153
529.6	0.97084
529.8	0.96964
530.0	0.96971
530.2	0.97095
530.4	0.97366
530.6	0.97619
530.8	0.97915
531.0	0.98229
531.2	0.98509
531.4	0.98579
531.6	0.98508
531.8	0.98399
532.0	0.98253
532.2	0.97811
532.4	0.97406
532.6	0.97094
532.8	0.96687
533.0	0.96469
533.2	0.96457
533.4	0.96458
533.6	0.96721
533.8	0.97052
534.0	0.97405
534.2	0.97817
534.4	0.98209
534.6	0.98431
534.8	0.98425
535.0	0.98178
535.2	0.97664
535.4	0.96981
535.6	0.96268
535.8	0.95361
536.0	0.94627
536.2	0.94115
536.4	0.93878
536.6	0.93956
536.8	0.94344
537.0	0.9504
537.2	0.95955
537.4	0.97001
537.6	0.97996
537.8	0.98777
538.0	0.99219
538.2	0.99184
538.4	0.9874
538.6	0.9796
538.8	0.97083
539.0	0.96007
539.2	0.95058
539.4	0.94309
539.6	0.93572
539.8	0.92992
540.0	0.92188
540.2	0.91128
540.4	0.90056
540.6	0.89207
540.8	0.89185
541.0	0.90353
541.2	0.91528
541.4	0.88005
541.6	0.71948
541.8	0.46578
542.0	0.24438
542.2	0.11826
542.4	0.05722
542.6	0.0292
542.8	0.01578
543.0	0.0084
543.2	0.00475
543.4	0.00279
543.6	0.0017
543.8	0.00105
544.0	6.7362e-04
544.2	4.4084e-04
544.4	2.8699e-04
544.6	1.9132e-04
544.8	1.2984e-04
545.0	9.006e-05
545.2	6.2969e-05
545.4	4.4505e-05
545.6	3.1565e-05
545.8	2.308e-05
546.0	1.6717e-05
546.2	1.2405e-05
546.4	9.2545e-06
546.6	6.9634e-06
546.8	5.3521e-06
547.0	4.1449e-06
547.2	3.118e-06
547.4	2.4052e-06
547.6	1.6748e-06
547.8	1.471e-06
548.0	1.1641e-06
548.2	9.4014e-07
548.4	8.1087e-07
548.6	6.9155e-07
548.8	6.492e-07
549.0	4.7175e-07
549.2	4.333e-07
549.4	3.8765e-07
549.6	3.2989e-07
549.8	2.7318e-07
550.0	2.4192e-07
550.2	2.289e-07
550.4	1.8405e-07
550.6	1.384e-07
550.8	1.223e-07
551.0	1.3264e-07
551.2	1.663e-07
551.4	1.5981e-07
551.6	1.4425e-07
551.8	1.3529e-07
552.0	1.0276e-07
552.2	1.0644e-07
552.4	1.2786e-07
552.6	1.1203e-07
552.8	1.2979e-07
553.0	1.5645e-07
553.2	1.7365e-07
553.4	1.1527e-07
553.6	8.8441e-08
553.8	7.144e-08
554.0	3.3503e-08
554.2	8.7873e-08
554.4	1.5099e-07
554.6	1.2746e-07
554.8	1.1393e-07
555.0	1.1292e-07
555.2	1.0914e-07
555.4	6.7209e-08
555.6	7.3225e-08
555.8	1.0574e-07
556.0	8.3012e-08
556.2	8.1309e-08
556.4	8.6314e-08
556.6	8.4676e-08
556.8	7.6049e-08
557.0	3.4759e-08
557.2	2.267e-08
557.4	4.5723e-08
557.6	9.702e-08
557.8	1.0685e-07
558.0	4.0971e-08
558.2	2.3589e-08
558.4	4.9723e-08
558.6	8.9413e-08
558.8	2.2689e-08
559.0	3.0961e-08
559.2	1.0191e-07
559.4	8.5772e-08
559.6	7.6983e-08
559.8	6.4803e-08
560.0	3.8109e-08
560.2	3.2405e-08
560.4	2.7613e-08
560.6	2.1617e-08
560.8	2.1621e-08
561.0	2.9736e-08
561.2	6.1571e-08
561.4	4.2081e-08
561.6	3.2521e-08
561.8	4.1989e-08
562.0	7.1765e-08
562.2	1.1627e-07
562.4	5.5429e-08
562.6	3.7516e-08
562.8	1.5966e-08
563.0	1.0856e-08
563.2	1.5734e-08
563.4	3.2521e-08
563.6	3.2473e-08
563.8	5.3757e-08
564.0	6.2378e-08
564.2	4.1824e-08
564.4	2.6688e-08
564.6	2.5833e-08
564.8	4.2032e-08
565.0	3.3354e-08
565.2	3.1977e-08
565.4	3.4514e-08
565.6	5.4313e-08
565.8	7.4213e-08
566.0	5.4567e-08
566.2	2.2277e-08
566.4	6.7187e-08
566.6	2.253e-08
566.8	2.1937e-08
567.0	6.0774e-08
567.2	3.5456e-08
567.4	1.5801e-08
567.6	7.2577e-08
567.8	2.675e-08
568.0	5.5153e-08
568.2	6.4653e-08
568.4	5.4193e-08
568.6	5.9655e-08
568.8	2.9688e-08
569.0	2.1486e-08
569.2	3.5098e-08
569.4	3.5982e-08
569.6	2.9254e-08
569.8	3.7449e-08
570.0	6.3321e-08
570.2	6.0329e-08
570.4	4.3628e-08
570.6	1.568e-08
570.8	1.0524e-08
571.0	1.3804e-08
571.2	1.6032e-08
571.4	3.3933e-08
571.6	3.1266e-08
571.8	2.9313e-08
572.0	2.0246e-08
572.2	4.4842e-08
572.4	4.5148e-08
572.6	1.8037e-08
572.8	4.0791e-08
573.0	2.6127e-08
573.2	5.9808e-08
573.4	3.4921e-08
573.6	3.1053e-08
573.8	1.7226e-08
574.0	4.9382e-08
574.2	7.4808e-08
574.4	8.018e-08
574.6	1.529e-08
574.8	1.035e-08
575.0	1.6171e-08
575.2	3.4276e-08
575.4	3.954e-08
575.6	1.8299e-08
575.8	1.0523e-08
576.0	1.0377e-08
576.2	1.0374e-08
576.4	1.3404e-08
576.6	2.1398e-08
576.8	2.1477e-08
577.0	1.2137e-08
577.2	3.6546e-08
577.4	6.758e-08
577.6	7.1781e-08
577.8	5.5092e-08
578.0	4.3981e-08
578.2	5.597e-08
578.4	1.0362e-08
578.6	1.0347e-08
578.8	1.6511e-08
579.0	3.7422e-08
579.2	6.9373e-08
579.4	6.1502e-08
579.6	5.5346e-08
579.8	4.2828e-08
580.0	7.4402e-08
580.2	3.4064e-08
580.4	2.0727e-08
580.6	1.7565e-08
580.8	1.0913e-08
581.0	3.4206e-08
581.2	3.0974e-08
581.4	1.2909e-08
581.6	3.905e-08
581.8	5.1495e-08
582.0	2.2586e-08
582.2	3.1237e-08
582.4	1.7173e-08
582.6	5.02e-08
582.8	3.5248e-08
583.0	2.4877e-08
583.2	2.6798e-08
583.4	3.9778e-08
583.6	3.1568e-08
583.8	3.9532e-08
584.0	4.1542e-08
584.2	2.5064e-08
584.4	3.3552e-08
584.6	3.8491e-08
584.8	1.9004e-08
585.0	1.0918e-08
585.2	4.4624e-08
585.4	6.1088e-08
585.6	1.7908e-08
585.8	1.0232e-08
586.0	1.0214e-08
586.2	1.1463e-08
586.4	3.4614e-08
586.6	4.025e-08
586.8	3.2307e-08
587.0	3.0702e-08
587.2	2.5595e-08
587.4	2.044e-08
587.6	2.1739e-08
587.8	6.5724e-08
588.0	3.2919e-08
588.2	1.2654e-08
588.4	3.0933e-08
588.6	6.1856e-08
588.8	5.6905e-08
589.0	4.0866e-08
589.2	1.3555e-08
589.4	2.7931e-08
589.6	2.5303e-08
589.8	2.6208e-08
590.0	5.0608e-08
590.2	7.5686e-08
590.4	1.1206e-08
590.6	5.6097e-08
590.8	6.9434e-08
591.0	5.4624e-08
591.2	3.192e-08
591.4	3.4135e-08
591.6	8.6615e-08
591.8	5.4138e-08
592.0	5.9022e-08
592.2	4.1367e-08
592.4	4.8173e-08
592.6	3.6307e-08
592.8	2.3282e-08
593.0	2.9998e-08
593.2	2.1686e-08
593.4	5.7726e-08
593.6	7.757e-08
593.8	2.3785e-08
594.0	1.9454e-08
594.2	4.1724e-08
594.4	4.2215e-08
594.6	5.0473e-08
594.8	3.7685e-08
595.0	2.8769e-08
595.2	3.4164e-08
595.4	3.5701e-08
595.6	3.1428e-08
595.8	3.1409e-08
596.0	3.304e-08
596.2	3.7786e-08
596.4	4.8665e-08
596.6	5.6042e-08
596.8	6.8274e-08
597.0	9.4184e-08
597.2	5.5661e-08
597.4	4.3933e-08
597.6	6.2398e-08
597.8	7.7099e-08
598.0	8.7712e-08
598.2	8.6277e-08
598.4	7.4009e-08
598.6	8.2125e-08
598.8	1.0422e-07
599.0	3.2492e-08
599.2	2.5669e-08
599.4	9.6589e-08
599.6	7.5168e-08
599.8	8.8364e-08
600.0	1.6827e-07
600.2	1.0679e-07
600.4	1.2782e-07
600.6	1.9513e-07
600.8	1.7159e-07
601.0	1.8691e-07
601.2	2.7192e-07
601.4	3.1251e-07
601.6	3.284e-07
601.8	4.0073e-07
602.0	5.1715e-07
602.2	5.426e-07
602.4	6.0391e-07
602.6	7.8595e-07
602.8	9.4117e-07
603.0	1.126e-06
603.2	1.4363e-06
603.4	1.8635e-06
603.6	2.0863e-06
603.8	2.4783e-06
604.0	3.1563e-06
604.2	4.0343e-06
604.4	5.0611e-06
604.6	6.3072e-06
604.8	7.9704e-06
605.0	1.0555e-05
605.2	1.3665e-05
605.4	1.7943e-05
605.6	2.3055e-05
605.8	3.0283e-05
606.0	4.0382e-05
606.2	5.3918e-05
606.4	7.0273e-05
606.6	9.4163e-05
606.8	1.2849e-04
607.0	1.7689e-04
607.2	2.4516e-04
607.4	3.4546e-04
607.6	4.9491e-04
607.8	7.1465e-04
608.0	0.00105
608.2	0.00154
608.4	0.0023
608.6	0.00351
608.8	0.00545
609.0	0.00858
609.2	0.01404
609.4	0.02308
609.6	0.03843
609.8	0.06484
610.0	0.10938
610.2	0.18098
610.4	0.28486
610.6	0.40959
610.8	0.53409
611.0	0.64465
611.2	0.72896
611.4	0.79384
611.6	0.84588
611.8	0.8906
612.0	0.92708
612.2	0.95468
612.4	0.97147
612.6	0.97696
612.8	0.97238
613.0	0.96173
613.2	0.94716
613.4	0.93216
613.6	0.92052
613.8	0.9118
614.0	0.90884
614.2	0.90868
614.4	0.91367
614.6	0.92179
614.8	0.93223
615.0	0.94395
615.2	0.95497
615.4	0.96561
615.6	0.97466
615.8	0.98111
616.0	0.98414
616.2	0.98515
616.4	0.98356
616.6	0.98031
616.8	0.97634
617.0	0.97089
617.2	0.96561
617.4	0.96254
617.6	0.95881
617.8	0.95547
618.0	0.95426
618.2	0.95368
618.4	0.9552
618.6	0.95661
618.8	0.95964
619.0	0.96242
619.2	0.96527
619.4	0.96827
619.6	0.97076
619.8	0.97324
620.0	0.97561
620.2	0.97704
620.4	0.97757
620.6	0.97806
620.8	0.97796
621.0	0.97683
621.2	0.97685
621.4	0.97594
621.6	0.97553
621.8	0.97577
622.0	0.97538
622.2	0.97646
622.4	0.97684
622.6	0.97866
622.8	0.98026
623.0	0.98155
623.2	0.98303
623.4	0.98428
623.6	0.9867
623.8	0.98714
624.0	0.98824
624.2	0.98838
624.4	0.98762
624.6	0.98665
624.8	0.98522
625.0	0.98331
625.2	0.98025
625.4	0.97763
625.6	0.97431
625.8	0.97031
626.0	0.96731
626.2	0.96411
626.4	0.96032
626.6	0.95836
626.8	0.956
627.0	0.95397
627.2	0.95321
627.4	0.95298
627.6	0.95264
627.8	0.95308
628.0	0.95445
628.2	0.95639
628.4	0.95795
628.6	0.95951
628.8	0.96281
629.0	0.9648
629.2	0.96685
629.4	0.96888
629.6	0.97092
629.8	0.97362
630.0	0.976
630.2	0.97687
630.4	0.97804
630.6	0.97903
630.8	0.98018
631.0	0.98105
631.2	0.98223
631.4	0.9828
631.6	0.98451
631.8	0.98411
632.0	0.9859
632.2	0.98629
632.4	0.98774
632.6	0.98786
632.8	0.98835
633.0	0.98971
633.2	0.99035
633.4	0.98897
633.6	0.98928
633.8	0.98697
634.0	0.98644
634.2	0.98379
634.4	0.98078
634.6	0.98033
634.8	0.97532
635.0	0.97028
635.2	0.96605
635.4	0.96287
635.6	0.95834
635.8	0.95483
636.0	0.95427
636.2	0.95093
636.4	0.9497
636.6	0.94729
636.8	0.94637
637.0	0.94759
637.2	0.94868
637.4	0.95168
637.6	0.95227
637.8	0.95354
638.0	0.95591
638.2	0.95487
638.4	0.95373
638.6	0.95247
638.8	0.95083
639.0	0.94144
639.2	0.93314
639.4	0.92487
639.6	0.91298
639.8	0.90106
640.0	0.88772
640.2	0.87617
640.4	0.86138
640.6	0.85197
640.8	0.84157
641.0	0.83396
641.2	0.83254
641.4	0.83186
641.6	0.83644
641.8	0.84519
642.0	0.85634
642.2	0.87158
642.4	0.88845
642.6	0.90782
642.8	0.92336
643.0	0.93812
643.2	0.94427
643.4	0.94214
643.6	0.92892
643.8	0.90312
644.0	0.87056
644.2	0.82889
644.4	0.78571
644.6	0.7481
644.8	0.70917
645.0	0.68075
645.2	0.66036
645.4	0.65196
645.6	0.6547
645.8	0.66373
646.0	0.66736
646.2	0.64294
646.4	0.57131
646.6	0.45015
646.8	0.31768
647.0	0.20702
647.2	0.1306
647.4	0.08078
647.6	0.05091
647.8	0.03288
648.0	0.02179
648.2	0.01472
648.4	0.01018
648.6	0.00717
648.8	0.00535
649.0	0.00387
649.2	0.00283
649.4	0.00209
649.6	0.00156
649.8	0.00118
650.0	9.0159e-04
650.2	6.5145e-04
650.4	5.0207e-04
650.6	3.915e-04
650.8	3.0093e-04
651.0	2.3188e-04
651.2	1.788e-04
651.4	1.3802e-04
651.6	1.0906e-04
651.8	8.3154e-05
652.0	6.2442e-05
652.2	4.6769e-05
652.4	3.5087e-05
652.6	2.5749e-05
652.8	1.869e-05
653.0	1.3352e-05
653.2	9.4499e-06
653.4	6.806e-06
653.6	5.0973e-06
653.8	3.6185e-06
654.0	2.824e-06
654.2	2.0906e-06
654.4	1.4556e-06
654.6	1.1066e-06
654.8	8.5918e-07
655.0	7.3606e-07
655.2	6.1965e-07
655.4	4.8521e-07
655.6	3.9965e-07
655.8	3.653e-07
656.0	2.0282e-07
656.2	1.9717e-07
656.4	1.844e-07
656.6	2.7895e-08
656.8	1.4208e-07
657.0	2.0606e-08
657.2	7.9303e-08
657.4	3.9426e-08
657.6	1.1223e-08
657.8	7.1072e-08
658.0	1.0737e-07
658.2	3.7738e-08
658.4	1.4061e-08
658.6	2.7852e-08
658.8	2.7128e-08
659.0	7.8097e-08
659.2	1.4805e-08
659.4	1.9869e-08
659.6	4.3152e-08
659.8	5.9375e-08
660.0	2.7893e-08
660.2	1.349e-08
660.4	6.4443e-08
660.6	1.6388e-08
660.8	1.8605e-08
661.0	4.9773e-08
661.2	1.0825e-07
661.4	4.9257e-08
661.6	1.2125e-08
661.8	3.6953e-08
662.0	6.1326e-08
662.2	7.1437e-08
662.4	3.7498e-08
662.6	1.2901e-08
662.8	4.7653e-08
663.0	6.3633e-08
663.2	1.3339e-08
663.4	3.7834e-08
663.6	8.5355e-08
663.8	6.6539e-08
664.0	2.0216e-08
664.2	1.76e-08
664.4	5.7437e-08
664.6	1.3605e-08
664.8	2.5373e-08
665.0	2.2103e-08
665.2	1.2252e-08
665.4	2.1872e-08
665.6	5.5984e-08
665.8	8.1849e-08
666.0	1.5996e-08
666.2	1.026e-08
666.4	1.0253e-08
666.6	1.0246e-08
666.8	1.0228e-08
667.0	2.1658e-08
667.2	1.0624e-08
667.4	2.3587e-08
667.6	4.0798e-08
667.8	2.83e-08
668.0	1.0188e-08
668.2	1.0186e-08
668.4	1.2743e-08
668.6	3.5759e-08
668.8	4.7834e-08
669.0	3.1987e-08
669.2	1.6444e-08
669.4	1.2891e-08
669.6	6.8557e-08
669.8	5.3463e-08
670.0	1.2939e-08
670.2	1.0295e-08
670.4	1.0292e-08
670.6	1.0287e-08
670.8	1.1394e-08
671.0	2.7541e-08
671.2	2.315e-08
671.4	2.0902e-08
671.6	2.0707e-08
671.8	2.0708e-08
672.0	2.0705e-08
672.2	2.1983e-08
672.4	7.3594e-08
672.6	4.7615e-08
672.8	1.4619e-08
673.0	1.0362e-08
673.2	1.7768e-08
673.4	3.6222e-08
673.6	2.0768e-08
673.8	6.2152e-08
674.0	3.6137e-08
674.2	6.9347e-08
674.4	9.1076e-08
674.6	7.8596e-08
674.8	7.9289e-08
675.0	1.2214e-07
675.2	1.7765e-08
675.4	2.1097e-08
675.6	5.7864e-08
675.8	5.7125e-08
676.0	4.9196e-08
676.2	7.0262e-08
676.4	6.2063e-08
676.6	1.6526e-08
676.8	1.6806e-08
677.0	1.4136e-08
677.2	1.0241e-08
677.4	1.7531e-08
677.6	6.1862e-08
677.8	1.2971e-08
678.0	1.6475e-08
678.2	1.7663e-08
678.4	3.2985e-08
678.6	5.2101e-08
678.8	3.0126e-08
679.0	1.0677e-08
679.2	2.5776e-08
679.4	4.8277e-08
679.6	4.0484e-08
679.8	1.6893e-08
680.0	1.061e-08
680.2	1.3388e-08
680.4	3.1228e-08
680.6	1.2933e-08
680.8	1.632e-08
681.0	1.8933e-08
681.2	3.0898e-08
681.4	3.2649e-08
681.6	1.6037e-08
681.8	1.1008e-07
682.0	1.799e-08
682.2	2.7061e-08
682.4	4.3888e-08
682.6	2.1497e-08
682.8	2.3353e-08
683.0	8.5897e-08
683.2	1.249e-08
683.4	1.0621e-08
683.6	1.0623e-08
683.8	1.9654e-08
684.0	2.9054e-08
684.2	1.0616e-08
684.4	1.0621e-08
684.6	1.0627e-08
684.8	3.2518e-08
685.0	2.386e-08
685.2	1.55e-08
685.4	3.4357e-08
685.6	3.0206e-08
685.8	1.066e-08
686.0	1.0653e-08
686.2	1.0661e-08
686.4	1.067e-08
686.6	1.0678e-08
686.8	1.0679e-08
687.0	1.0658e-08
687.2	1.0893e-08
687.4	5.1698e-08
687.6	5.2953e-08
687.8	4.273e-08
688.0	4.9403e-08
688.2	5.0904e-08
688.4	1.4634e-08
688.6	6.6189e-08
688.8	6.2173e-08
689.0	1.4896e-08
689.2	6.3721e-08
689.4	1.0706e-08
689.6	2.5329e-08
689.8	1.1206e-08
690.0	1.9978e-08
690.2	1.5812e-07
690.4	1.5728e-07
690.6	1.5644e-07
690.8	1.556e-07
691.0	1.5477e-07
691.2	1.5395e-07
691.4	1.5312e-07
691.6	1.5231e-07
691.8	1.5149e-07
692.0	1.5068e-07
692.2	1.5198e-07
692.4	1.539e-07
692.6	1.5585e-07
692.8	1.5782e-07
693.0	1.5982e-07
693.2	1.6185e-07
693.4	1.639e-07
693.6	1.6597e-07
693.8	1.6807e-07
694.0	1.702e-07
694.2	1.6893e-07
694.4	1.6688e-07
694.6	1.6486e-07
694.8	1.6286e-07
695.0	1.6089e-07
695.2	1.5894e-07
695.4	1.5701e-07
695.6	1.551e-07
695.8	1.5322e-07
696.0	1.5137e-07
696.2	1.5337e-07
696.4	1.561e-07
696.6	1.5888e-07
696.8	1.617e-07
697.0	1.6458e-07
697.2	1.6751e-07
697.4	1.7049e-07
697.6	1.7352e-07
697.8	1.7661e-07
698.0	1.7975e-07
698.2	1.8203e-07
698.4	1.8422e-07
698.6	1.8643e-07
698.8	1.8867e-07
699.0	1.9094e-07
699.2	1.9324e-07
699.4	1.9556e-07
699.6	1.9792e-07
699.8	2.003e-07
700.0	2.027e-07
700.2	2.072e-07
700.4	2.1215e-07
700.6	2.1721e-07
700.8	2.2239e-07
701.0	2.2769e-07
701.2	2.3313e-07
701.4	2.3869e-07
701.6	2.4438e-07
701.8	2.5021e-07
702.0	2.5618e-07
702.2	2.5764e-07
702.4	2.5764e-07
702.6	2.5765e-07
702.8	2.5765e-07
703.0	2.5766e-07
703.2	2.5766e-07
703.4	2.5767e-07
703.6	2.5767e-07
703.8	2.5768e-07
704.0	2.5768e-07
704.2	2.6008e-07
704.4	2.6308e-07
704.6	2.6612e-07
704.8	2.692e-07
705.0	2.7231e-07
705.2	2.7546e-07
705.4	2.7864e-07
705.6	2.8186e-07
705.8	2.8512e-07
706.0	2.8842e-07
706.2	2.9103e-07
706.4	2.9354e-07
706.6	2.9606e-07
706.8	2.9861e-07
707.0	3.0119e-07
707.2	3.0378e-07
707.4	3.064e-07
707.6	3.0903e-07
707.8	3.117e-07
708.0	3.1438e-07
708.2	3.0974e-07
708.4	3.0437e-07
708.6	2.991e-07
708.8	2.9391e-07
709.0	2.8882e-07
709.2	2.8382e-07
709.4	2.789e-07
709.6	2.7406e-07
709.8	2.6931e-07
710.0	2.6465e-07
710.2	2.6169e-07
710.4	2.5908e-07
710.6	2.565e-07
710.8	2.5394e-07
711.0	2.514e-07
711.2	2.489e-07
711.4	2.4641e-07
711.6	2.4395e-07
711.8	2.4152e-07
712.0	2.3911e-07
712.2	2.4044e-07
712.4	2.4316e-07
712.6	2.4592e-07
712.8	2.4871e-07
713.0	2.5153e-07
713.2	2.5439e-07
713.4	2.5727e-07
713.6	2.6019e-07
713.8	2.6314e-07
714.0	2.6613e-07
714.2	2.7037e-07
714.4	2.7504e-07
714.6	2.7979e-07
714.8	2.8462e-07
715.0	2.8954e-07
715.2	2.9454e-07
715.4	2.9962e-07
715.6	3.048e-07
715.8	3.1006e-07
716.0	3.1541e-07
716.2	3.1535e-07
716.4	3.1418e-07
716.6	3.1301e-07
716.8	3.1185e-07
717.0	3.1068e-07
717.2	3.0953e-07
717.4	3.0838e-07
717.6	3.0723e-07
717.8	3.0609e-07
718.0	3.0495e-07
718.2	3.0055e-07
718.4	2.958e-07
718.6	2.9112e-07
718.8	2.8652e-07
719.0	2.8199e-07
719.2	2.7753e-07
719.4	2.7314e-07
719.6	2.6882e-07
719.8	2.6457e-07
720.0	2.6039e-07
720.2	2.5381e-07
720.4	2.4692e-07
720.6	2.402e-07
720.8	2.3367e-07
721.0	2.2732e-07
721.2	2.2114e-07
721.4	2.1513e-07
721.6	2.0929e-07
721.8	2.036e-07
722.0	1.9806e-07
722.2	1.8292e-07
722.4	1.6555e-07
722.6	1.4983e-07
722.8	1.356e-07
723.0	1.2273e-07
723.2	1.1108e-07
723.4	1.0053e-07
723.6	9.0984e-08
723.8	8.2345e-08
724.0	7.4527e-08
724.2	7.0016e-08
724.4	6.6496e-08
724.6	6.3152e-08
724.8	5.9977e-08
725.0	5.6961e-08
725.2	5.4097e-08
725.4	5.1377e-08
725.6	4.8794e-08
725.8	4.6341e-08
726.0	4.4011e-08
726.2	4.4953e-08
726.4	4.6605e-08
726.6	4.8318e-08
726.8	5.0094e-08
727.0	5.1935e-08
727.2	5.3844e-08
727.4	5.5823e-08
727.6	5.7874e-08
727.8	6.0001e-08
728.0	6.2207e-08
728.2	6.025e-08
728.4	5.7892e-08
728.6	5.5625e-08
728.8	5.3448e-08
729.0	5.1355e-08
729.2	4.9345e-08
729.4	4.7413e-08
729.6	4.5557e-08
729.8	4.3773e-08
730.0	4.206e-08
730.2	4.1909e-08
730.4	4.2083e-08
730.6	4.2257e-08
730.8	4.2431e-08
731.0	4.2607e-08
731.2	4.2783e-08
731.4	4.296e-08
731.6	4.3138e-08
731.8	4.3316e-08
732.0	4.3495e-08
732.2	4.3324e-08
732.4	4.3011e-08
732.6	4.2701e-08
732.8	4.2393e-08
733.0	4.2087e-08
733.2	4.1784e-08
733.4	4.1482e-08
733.6	4.1183e-08
733.8	4.0886e-08
734.0	4.0591e-08
734.2	3.956e-08
734.4	3.8348e-08
734.6	3.7174e-08
734.8	3.6036e-08
735.0	3.4932e-08
735.2	3.3863e-08
735.4	3.2826e-08
735.6	3.1821e-08
735.8	3.0846e-08
736.0	2.9902e-08
736.2	2.9221e-08
736.4	2.86e-08
736.6	2.7992e-08
736.8	2.7397e-08
737.0	2.6814e-08
737.2	2.6244e-08
737.4	2.5686e-08
737.6	2.514e-08
737.8	2.4606e-08
738.0	2.4082e-08
738.2	2.3282e-08
738.4	2.2479e-08
738.6	2.1704e-08
738.8	2.0956e-08
739.0	2.0234e-08
739.2	1.9536e-08
739.4	1.8862e-08
739.6	1.8212e-08
739.8	1.7584e-08
740.0	1.6978e-08
740.2	1.6208e-08
740.4	1.5438e-08
740.6	1.4705e-08
740.8	1.4007e-08
741.0	1.3341e-08
741.2	1.2708e-08
741.4	1.2104e-08
741.6	1.153e-08
741.8	1.0982e-08
742.0	1.046e-08
742.2	1.0397e-08
742.4	1.0493e-08
742.6	1.059e-08
742.8	1.0688e-08
743.0	1.0787e-08
743.2	1.0887e-08
743.4	1.0988e-08
743.6	1.1089e-08
743.8	1.1192e-08
744.0	1.1295e-08
744.2	1.0237e-08
744.4	9.0388e-09
744.6	7.981e-09
744.8	7.0469e-09
745.0	6.2222e-09
745.2	5.494e-09
745.4	4.851e-09
745.6	4.2832e-09
745.8	3.782e-09
746.0	3.3393e-09
746.2	3.9287e-09
746.4	4.8065e-09
746.6	5.8804e-09
746.8	7.1943e-09
747.0	8.8018e-09
747.2	1.0768e-08
747.4	1.3175e-08
747.6	1.6118e-08
747.8	1.972e-08
748.0	2.4126e-08
748.2	2.1461e-08
748.4	1.8806e-08
748.6	1.648e-08
748.8	1.4441e-08
749.0	1.2654e-08
749.2	1.1089e-08
749.4	9.7171e-09
749.6	8.515e-09
749.8	7.4616e-09
750.0	6.5385e-09
750.2	5.4272e-09
750.4	4.4532e-09
750.6	3.654e-09
750.8	2.9983e-09
751.0	2.4602e-09
751.2	2.0187e-09
751.4	1.6564e-09
751.6	1.3592e-09
751.8	1.1152e-09
752.0	9.1509e-10
752.2	1.0267e-09
752.4	1.3213e-09
752.6	1.7005e-09
752.8	2.1886e-09
753.0	2.8168e-09
753.2	3.6252e-09
753.4	4.6657e-09
753.6	6.0047e-09
753.8	7.7281e-09
754.0	9.9462e-09
754.2	8.7053e-09
754.4	6.7904e-09
754.6	5.2967e-09
754.8	4.1316e-09
755.0	3.2228e-09
755.2	2.5138e-09
755.4	1.9609e-09
755.6	1.5295e-09
755.8	1.1931e-09
756.0	9.3064e-10
756.2	1.1527e-09
756.4	1.5542e-09
756.6	2.0955e-09
756.8	2.8254e-09
757.0	3.8095e-09
757.2	5.1364e-09
757.4	6.9254e-09
757.6	9.3374e-09
757.8	1.259e-08
758.0	1.6975e-08
758.2	1.4657e-08
758.4	1.2238e-08
758.6	1.0218e-08
758.8	8.5314e-09
759.0	7.1233e-09
759.2	5.9477e-09
759.4	4.966e-09
759.6	4.1464e-09
759.8	3.4621e-09
760.0	2.8907e-09
760.2	3.2536e-09
760.4	3.9103e-09
760.6	4.6994e-09
760.8	5.6479e-09
761.0	6.7877e-09
761.2	8.1576e-09
761.4	9.8039e-09
761.6	1.1783e-08
761.8	1.416e-08
762.0	1.7018e-08
762.2	1.6895e-08
762.4	1.5514e-08
762.6	1.4245e-08
762.8	1.308e-08
763.0	1.201e-08
763.2	1.1028e-08
763.4	1.0126e-08
763.6	9.2982e-09
763.8	8.5378e-09
764.0	7.8396e-09
764.2	6.5339e-09
764.4	5.3072e-09
764.6	4.3108e-09
764.8	3.5015e-09
765.0	2.8441e-09
765.2	2.3101e-09
765.4	1.8764e-09
765.6	1.5241e-09
765.8	1.238e-09
766.0	1.0056e-09
766.2	1.2539e-09
766.4	1.6622e-09
766.6	2.2034e-09
766.8	2.9209e-09
767.0	3.8721e-09
767.2	5.133e-09
767.4	6.8045e-09
767.6	9.0203e-09
767.8	1.1958e-08
768.0	1.5852e-08
768.2	1.2319e-08
768.4	9.3898e-09
768.6	7.1572e-09
768.8	5.4554e-09
769.0	4.1583e-09
769.2	3.1696e-09
769.4	2.4159e-09
769.6	1.8415e-09
769.8	1.4036e-09
770.0	1.0699e-09
770.2	1.0203e-09
770.4	1.022e-09
770.6	1.0238e-09
770.8	1.0255e-09
771.0	1.0273e-09
771.2	1.029e-09
771.4	1.0308e-09
771.6	1.0325e-09
771.8	1.0343e-09
772.0	1.036e-09
772.2	1.0379e-09
772.4	1.0399e-09
772.6	1.0419e-09
772.8	1.0439e-09
773.0	1.0459e-09
773.2	1.0479e-09
773.4	1.05e-09
773.6	1.052e-09
773.8	1.054e-09
774.0	1.056e-09
774.2	1.0581e-09
774.4	1.0602e-09
774.6	1.0623e-09
774.8	1.0644e-09
775.0	1.0665e-09
775.2	1.0687e-09
775.4	1.0708e-09
775.6	1.0729e-09
775.8	1.075e-09
776.0	1.0772e-09
776.2	1.0797e-09
776.4	1.0824e-09
776.6	1.085e-09
776.8	1.0877e-09
777.0	1.0903e-09
777.2	1.093e-09
777.4	1.0956e-09
777.6	1.0983e-09
777.8	1.101e-09
778.0	1.1037e-09
778.2	1.2049e-09
778.4	1.3212e-09
778.6	1.4488e-09
778.8	1.5888e-09
779.0	1.7422e-09
779.2	1.9105e-09
779.4	2.095e-09
779.6	2.2973e-09
779.8	2.5192e-09
780.0	2.7625e-09
780.2	2.6117e-09
780.4	2.39e-09
780.6	2.1871e-09
780.8	2.0014e-09
781.0	1.8315e-09
781.2	1.676e-09
781.4	1.5337e-09
781.6	1.4035e-09
781.8	1.2843e-09
782.0	1.1753e-09
782.2	1.2347e-09
782.4	1.3821e-09
782.6	1.5472e-09
782.8	1.7319e-09
783.0	1.9387e-09
783.2	2.1702e-09
783.4	2.4294e-09
783.6	2.7194e-09
783.8	3.0442e-09
784.0	3.4077e-09
784.2	3.8145e-09
784.4	4.27e-09
784.6	4.6356e-09
784.8	4.3328e-09
785.0	4.0498e-09
785.2	3.7852e-09
785.4	3.538e-09
785.6	3.3069e-09
785.8	3.0909e-09
786.0	2.889e-09
786.2	2.7003e-09
786.4	2.5239e-09
786.6	2.5184e-09
786.8	2.9989e-09
787.0	3.571e-09
787.2	4.2523e-09
787.4	5.0635e-09
787.6	6.0295e-09
787.8	7.1798e-09
788.0	8.5496e-09
788.2	1.0181e-08
788.4	1.2123e-08
788.6	1.238e-08
788.8	9.7321e-09
789.0	7.6507e-09
789.2	6.0145e-09
789.4	4.7282e-09
789.6	3.717e-09
789.8	2.922e-09
790.0	2.2971e-09
790.2	1.8058e-09
790.4	1.4196e-09
790.6	1.251e-09
790.8	1.2538e-09
791.0	1.2566e-09
791.2	1.2595e-09
791.4	1.2623e-09
791.6	1.2652e-09
791.8	1.2681e-09
792.0	1.2709e-09
792.2	1.2738e-09
792.4	1.2767e-09
792.6	1.2796e-09
792.8	1.2825e-09
793.0	1.2854e-09
793.2	1.2876e-09
793.4	1.2898e-09
793.6	1.292e-09
793.8	1.2942e-09
794.0	1.2965e-09
794.2	1.2987e-09
794.4	1.3009e-09
794.6	1.3031e-09
794.8	1.3054e-09
795.0	1.3178e-09
795.2	1.465e-09
795.4	1.6286e-09
795.6	1.8104e-09
795.8	2.0125e-09
796.0	2.2372e-09
796.2	2.2402e-09
796.4	1.9474e-09
796.6	1.6929e-09
796.8	1.4716e-09
797.0	1.2793e-09
797.2	1.1121e-09
797.4	9.6673e-10
797.6	8.4038e-10
797.8	7.3054e-10
798.0	6.3506e-10
798.2	5.9471e-10
798.4	5.9493e-10
798.6	5.9514e-10
798.8	5.9536e-10
799.0	5.9557e-10
799.2	5.9579e-10
799.4	5.9601e-10
799.6	5.9622e-10
799.8	5.9644e-10
800.0	5.9665e-10
800.2	5.9686e-10
800.4	5.9706e-10
800.6	5.9727e-10
800.8	5.9747e-10
801.0	5.9768e-10
801.2	5.9788e-10
801.4	5.9809e-10
801.6	5.9829e-10
801.8	5.985e-10
802.0	5.987e-10
802.2	5.9883e-10
802.4	5.9894e-10
802.6	5.9904e-10
802.8	5.9915e-10
803.0	5.9926e-10
803.2	5.9936e-10
803.4	5.9947e-10
803.6	5.9958e-10
803.8	5.9968e-10
804.0	5.9979e-10
804.2	7.4093e-10
804.4	9.473e-10
804.6	1.2111e-09
804.8	1.5485e-09
805.0	1.9797e-09
805.2	2.5311e-09
805.4	3.2361e-09
805.6	4.1374e-09
805.8	5.2897e-09
806.0	6.763e-09
806.2	7.0997e-09
806.4	5.4757e-09
806.6	4.2232e-09
806.8	3.2572e-09
807.0	2.5122e-09
807.2	1.9376e-09
807.4	1.4944e-09
807.6	1.1526e-09
807.8	8.8893e-10
808.0	6.856e-10
808.2	6.0268e-10
808.4	6.0228e-10
808.6	6.0187e-10
808.8	6.0147e-10
809.0	6.0106e-10
809.2	6.0066e-10
809.4	6.0025e-10
809.6	5.9985e-10
809.8	5.9944e-10
810.0	5.9904e-10
810.2	5.9903e-10
810.4	5.9926e-10
810.6	5.9949e-10
810.8	5.9972e-10
811.0	5.9995e-10
811.2	6.0018e-10
811.4	6.0041e-10
811.6	6.0064e-10
811.8	6.0087e-10
812.0	6.011e-10
812.2	6.0181e-10
812.4	6.027e-10
812.6	6.036e-10
812.8	6.0449e-10
813.0	6.0538e-10
813.2	6.0628e-10
813.4	6.0718e-10
813.6	6.0807e-10
813.8	6.0897e-10
814.0	6.0988e-10
814.2	7.9913e-10
814.4	1.0959e-09
814.6	1.503e-09
814.8	2.0612e-09
815.0	2.8268e-09
815.2	3.8767e-09
815.4	5.3166e-09
815.6	7.2913e-09
815.8	9.9994e-09
816.0	1.3713e-08
816.2	1.6407e-08
816.4	1.5927e-08
816.6	1.5461e-08
816.8	1.5009e-08
817.0	1.457e-08
817.2	1.4143e-08
817.4	1.3729e-08
817.6	1.3328e-08
817.8	1.2938e-08
818.0	1.2559e-08
818.2	1.1635e-08
818.4	1.0315e-08
818.6	9.1446e-09
818.8	8.1071e-09
819.0	7.1873e-09
819.2	6.3718e-09
819.4	5.6489e-09
819.6	5.008e-09
819.8	4.4398e-09
820.0	3.9361e-09
820.2	3.36e-09
820.4	2.8066e-09
820.6	2.3443e-09
820.8	1.9582e-09
821.0	1.6357e-09
821.2	1.3663e-09
821.4	1.1412e-09
821.6	9.5326e-10
821.8	7.9625e-10
822.0	6.651e-10
822.2	7.5471e-10
822.4	9.434e-10
822.6	1.1793e-09
822.8	1.4741e-09
823.0	1.8426e-09
823.2	2.3033e-09
823.4	2.8791e-09
823.6	3.5989e-09
823.8	4.4987e-09
824.0	5.6234e-09
824.2	7.083e-09
824.4	8.9302e-09
824.6	1.1259e-08
824.8	1.4195e-08
825.0	1.7898e-08
825.2	2.2565e-08
825.4	2.845e-08
825.6	3.5869e-08
825.8	4.5224e-08
826.0	5.7018e-08
826.2	6.6912e-08
826.4	7.002e-08
826.6	7.3273e-08
826.8	7.6677e-08
827.0	8.0239e-08
827.2	8.3967e-08
827.4	8.7868e-08
827.6	9.195e-08
827.8	9.6221e-08
828.0	1.0069e-07
828.2	1.0021e-07
828.4	9.495e-08
828.6	8.9964e-08
828.8	8.524e-08
829.0	8.0764e-08
829.2	7.6523e-08
829.4	7.2504e-08
829.6	6.8697e-08
829.8	6.509e-08
830.0	6.1672e-08
830.2	5.8475e-08
830.4	5.5466e-08
830.6	5.2612e-08
830.8	4.9905e-08
831.0	4.7337e-08
831.2	4.4902e-08
831.4	4.2592e-08
831.6	4.04e-08
831.8	3.8321e-08
832.0	3.635e-08
832.2	3.5698e-08
832.4	3.5434e-08
832.6	3.5171e-08
832.8	3.4911e-08
833.0	3.4653e-08
833.2	3.4396e-08
833.4	3.4141e-08
833.6	3.3889e-08
833.8	3.3638e-08
834.0	3.3389e-08
834.2	3.4804e-08
834.4	3.6476e-08
834.6	3.8228e-08
834.8	4.0065e-08
835.0	4.199e-08
835.2	4.4008e-08
835.4	4.6123e-08
835.6	4.8339e-08
835.8	5.0661e-08
836.0	5.3096e-08
836.2	5.3672e-08
836.4	5.1016e-08
836.6	4.8492e-08
836.8	4.6093e-08
837.0	4.3812e-08
837.2	4.1644e-08
837.4	3.9584e-08
837.6	3.7625e-08
837.8	3.5764e-08
838.0	3.3994e-08
838.2	3.3172e-08
838.4	3.3231e-08
838.6	3.3291e-08
838.8	3.3351e-08
839.0	3.341e-08
839.2	3.347e-08
839.4	3.353e-08
839.6	3.359e-08
839.8	3.365e-08
840.0	3.3711e-08
840.2	3.1821e-08
840.4	2.9027e-08
840.6	2.6479e-08
840.8	2.4155e-08
841.0	2.2034e-08
841.2	2.01e-08
841.4	1.8335e-08
841.6	1.6726e-08
841.8	1.5257e-08
842.0	1.3918e-08
842.2	1.0738e-08
842.4	7.8807e-09
842.6	5.7835e-09
842.8	4.2445e-09
843.0	3.115e-09
843.2	2.2861e-09
843.4	1.6777e-09
843.6	1.2313e-09
843.8	9.0362e-10
844.0	6.6316e-10
844.2	8.5808e-10
844.4	1.1743e-09
844.6	1.6072e-09
844.8	2.1995e-09
845.0	3.0102e-09
845.2	4.1197e-09
845.4	5.6381e-09
845.6	7.7161e-09
845.8	1.056e-08
846.0	1.4452e-08
846.2	1.8561e-08
846.4	2.0828e-08
846.6	2.3371e-08
846.8	2.6224e-08
847.0	2.9426e-08
847.2	3.302e-08
847.4	3.7051e-08
847.6	4.1575e-08
847.8	4.6652e-08
848.0	5.2348e-08
848.2	5.5199e-08
848.4	5.4027e-08
848.6	5.288e-08
848.8	5.1758e-08
849.0	5.0659e-08
849.2	4.9584e-08
849.4	4.8531e-08
849.6	4.7501e-08
849.8	4.6493e-08
850.0	4.5506e-08
850.2	4.3454e-08
850.4	4.0818e-08
850.6	3.8342e-08
850.8	3.6016e-08
851.0	3.3831e-08
851.2	3.1778e-08
851.4	2.9851e-08
851.6	2.804e-08
851.8	2.6339e-08
852.0	2.4741e-08
852.2	2.3752e-08
852.4	2.2975e-08
852.6	2.2222e-08
852.8	2.1494e-08
853.0	2.079e-08
853.2	2.0109e-08
853.4	1.9451e-08
853.6	1.8814e-08
853.8	1.8198e-08
854.0	1.7602e-08
854.2	1.8502e-08
854.4	1.9649e-08
854.6	2.0867e-08
854.8	2.216e-08
855.0	2.3534e-08
855.2	2.4993e-08
855.4	2.6542e-08
855.6	2.8187e-08
855.8	2.9934e-08
856.0	3.179e-08
856.2	3.4095e-08
856.4	3.7419e-08
856.6	4.1067e-08
856.8	4.5071e-08
857.0	4.9465e-08
857.2	5.4288e-08
857.4	5.958e-08
857.6	6.5389e-08
857.8	7.1764e-08
858.0	7.8761e-08
858.2	8.6578e-08
858.4	9.5363e-08
858.6	1.0504e-07
858.8	1.157e-07
859.0	1.2744e-07
859.2	1.4037e-07
859.4	1.5461e-07
859.6	1.703e-07
859.8	1.8758e-07
860.0	2.0661e-07
860.2	2.0756e-07
860.4	1.9585e-07
860.6	1.8481e-07
860.8	1.7438e-07
861.0	1.6454e-07
861.2	1.5526e-07
861.4	1.465e-07
861.6	1.3824e-07
861.8	1.3044e-07
862.0	1.2308e-07
862.2	1.2527e-07
862.4	1.3084e-07
862.6	1.3667e-07
862.8	1.4275e-07
863.0	1.491e-07
863.2	1.5573e-07
863.4	1.6266e-07
863.6	1.699e-07
863.8	1.7746e-07
864.0	1.8535e-07
864.2	2.0556e-07
864.4	2.295e-07
864.6	2.5623e-07
864.8	2.8606e-07
865.0	3.1937e-07
865.2	3.5656e-07
865.4	3.9808e-07
865.6	4.4443e-07
865.8	4.9619e-07
866.0	5.5396e-07
866.2	5.5335e-07
866.4	4.4098e-07
866.6	3.5143e-07
866.8	2.8006e-07
867.0	2.2319e-07
867.2	1.7786e-07
867.4	1.4174e-07
867.6	1.1296e-07
867.8	9.0021e-08
868.0	7.174e-08
868.2	6.1209e-08
868.4	5.6231e-08
868.6	5.1658e-08
868.8	4.7456e-08
869.0	4.3597e-08
869.2	4.0051e-08
869.4	3.6794e-08
869.6	3.3801e-08
869.8	3.1052e-08
870.0	2.8527e-08
870.2	2.7896e-08
870.4	2.8277e-08
870.6	2.8662e-08
870.8	2.9053e-08
871.0	2.945e-08
871.2	2.9852e-08
871.4	3.0259e-08
871.6	3.0671e-08
871.8	3.109e-08
872.0	3.1514e-08
872.2	3.1417e-08
872.4	3.1187e-08
872.6	3.0958e-08
872.8	3.0731e-08
873.0	3.0506e-08
873.2	3.0282e-08
873.4	3.006e-08
873.6	2.984e-08
873.8	2.9621e-08
874.0	2.9404e-08
874.2	2.9496e-08
874.4	2.9603e-08
874.6	2.9711e-08
874.8	2.9819e-08
875.0	2.9927e-08
875.2	3.0036e-08
875.4	3.0145e-08
875.6	3.0255e-08
875.8	3.0365e-08
876.0	3.0476e-08
876.2	3.0243e-08
876.4	2.9173e-08
876.6	2.8141e-08
876.8	2.7145e-08
877.0	2.6185e-08
877.2	2.5259e-08
877.4	2.4365e-08
877.6	2.3503e-08
877.8	2.2672e-08
878.0	2.187e-08
878.2	2.1593e-08
878.4	2.1946e-08
878.6	2.2305e-08
878.8	2.2671e-08
879.0	2.3042e-08
879.2	2.3419e-08
879.4	2.3803e-08
879.6	2.4192e-08
879.8	2.4589e-08
880.0	2.4991e-08
880.2	2.5361e-08
880.4	2.5711e-08
880.6	2.6065e-08
880.8	2.6425e-08
881.0	2.6789e-08
881.2	2.7158e-08
881.4	2.7532e-08
881.6	2.7912e-08
881.8	2.8297e-08
882.0	2.8687e-08
882.2	2.9536e-08
882.4	3.0551e-08
882.6	3.1602e-08
882.8	3.2688e-08
883.0	3.3812e-08
883.2	3.4974e-08
883.4	3.6177e-08
883.6	3.7421e-08
883.8	3.8707e-08
884.0	4.0038e-08
884.2	4.2675e-08
884.4	4.5581e-08
884.6	4.8685e-08
884.8	5.2e-08
885.0	5.5541e-08
885.2	5.9324e-08
885.4	6.3363e-08
885.6	5.393e-08
885.8	3.8538e-08
886.0	2.754e-08
886.2	2.5297e-08
886.4	4.3627e-08
886.6	7.5238e-08
886.8	1.2908e-07
887.0	1.3193e-07
887.2	1.3484e-07
887.4	1.3782e-07
887.6	1.4098e-07
887.8	1.4426e-07
888.0	1.4762e-07
888.2	1.6532e-07
888.4	2.0626e-07
888.6	2.5735e-07
888.8	3.1652e-07
889.0	3.639e-07
889.2	4.1837e-07
889.4	4.81e-07
889.6	5.6164e-07
889.8	6.5693e-07
890.0	7.684e-07
890.2	8.9797e-07
890.4	1.0488e-06
890.6	1.225e-06
890.8	1.4409e-06
891.0	1.7175e-06
891.2	2.0472e-06
891.4	2.4447e-06
891.6	2.9916e-06
891.8	3.6608e-06
892.0	4.4797e-06
892.2	5.6593e-06
892.4	7.2086e-06
892.6	9.1819e-06
892.8	1.1942e-05
893.0	1.5842e-05
893.2	2.1014e-05
893.4	2.8195e-05
893.6	3.9222e-05
893.8	5.4563e-05
894.0	7.5902e-05
894.2	8.9647e-05
894.4	1.0525e-04
894.6	1.2358e-04
894.8	1.1949e-04
895.0	1.061e-04
895.2	8.9518e-05
895.4	7.5525e-05
895.6	6.372e-05
895.8	5.376e-05
896.0	4.5357e-05
896.2	3.8791e-05
896.4	3.4594e-05
896.6	3.0851e-05
896.8	2.7513e-05
897.0	2.4536e-05
897.2	2.1882e-05
897.4	1.9514e-05
897.6	1.7403e-05
897.8	1.552e-05
898.0	1.3841e-05
898.2	1.2644e-05
898.4	1.1942e-05
898.6	1.1278e-05
898.8	1.0652e-05
899.0	1.006e-05
899.2	9.5015e-06
899.4	8.9738e-06
899.6	8.4753e-06
899.8	8.0046e-06
900.0	7.5599e-06
900.2	7.2517e-06
900.4	7.03e-06
900.6	6.815e-06
900.8	6.6066e-06
901.0	6.4046e-06
901.2	6.2088e-06
901.4	6.0189e-06
901.6	5.8349e-06
901.8	5.6565e-06
902.0	5.4835e-06
902.2	5.4172e-06
902.4	5.3813e-06
902.6	5.3455e-06
902.8	5.31e-06
903.0	5.2747e-06
903.2	5.2396e-06
903.4	5.2048e-06
903.6	5.1702e-06
903.8	5.1359e-06
904.0	5.1018e-06
904.2	5.2299e-06
904.4	5.3693e-06
904.6	5.5123e-06
904.8	5.6592e-06
905.0	5.81e-06
905.2	5.9648e-06
905.4	6.1237e-06
905.6	6.2868e-06
905.8	6.5622e-06
906.0	6.8844e-06
906.2	7.1597e-06
906.4	7.5746e-06
906.6	8.1763e-06
906.8	8.8389e-06
907.0	9.5302e-06
907.2	1.0144e-05
907.4	1.0951e-05
907.6	1.1958e-05
907.8	1.3318e-05
908.0	1.4893e-05
908.2	1.6758e-05
908.4	1.8996e-05
908.6	2.1625e-05
908.8	2.5458e-05
909.0	3.0235e-05
909.2	3.6465e-05
909.4	4.5076e-05
909.6	5.6498e-05
909.8	7.41e-05
910.0	9.9684e-05
910.2	1.3815e-04
910.4	2.0246e-04
910.6	2.9764e-04
910.8	4.2127e-04
911.0	5.1869e-04
911.2	5.6984e-04
911.4	4.6497e-04
911.6	3.5454e-04
911.8	2.4383e-04
912.0	1.7315e-04
912.2	1.2523e-04
912.4	9.6598e-05
912.6	7.5825e-05
912.8	6.1277e-05
913.0	5.1659e-05
913.2	4.4266e-05
913.4	3.8424e-05
913.6	3.3615e-05
913.8	2.9672e-05
914.0	2.682e-05
914.2	2.4478e-05
914.4	2.2792e-05
914.6	2.1347e-05
914.8	2.0085e-05
915.0	1.9518e-05
915.2	1.8867e-05
915.4	1.8238e-05
915.6	1.763e-05
915.8	1.7042e-05
916.0	1.6473e-05
916.2	1.6131e-05
916.4	1.6454e-05
916.6	1.6783e-05
916.8	1.7119e-05
917.0	1.7462e-05
917.2	1.7812e-05
917.4	1.8169e-05
917.6	1.8533e-05
917.8	1.8904e-05
918.0	1.9282e-05
918.2	2.0043e-05
918.4	2.137e-05
918.6	2.2786e-05
918.8	2.4296e-05
919.0	2.5905e-05
919.2	2.7621e-05
919.4	2.9451e-05
919.6	3.1402e-05
919.8	3.3482e-05
920.0	3.57e-05
920.2	3.7324e-05
920.4	3.8545e-05
920.6	3.9806e-05
920.8	4.1107e-05
921.0	4.2452e-05
921.2	4.384e-05
921.4	4.5274e-05
921.6	4.6754e-05
921.8	4.8283e-05
922.0	4.9862e-05
922.2	4.8092e-05
922.4	4.5623e-05
922.6	4.3281e-05
922.8	4.1059e-05
923.0	3.8951e-05
923.2	3.6952e-05
923.4	3.5055e-05
923.6	3.3255e-05
923.8	3.1548e-05
924.0	2.9929e-05
924.2	2.801e-05
924.4	2.6213e-05
924.6	2.4532e-05
924.8	2.2959e-05
925.0	2.1487e-05
925.2	2.0109e-05
925.4	1.8819e-05
925.6	1.7613e-05
925.8	1.6483e-05
926.0	1.5426e-05
926.2	1.4552e-05
926.4	1.4118e-05
926.6	1.3697e-05
926.8	1.3288e-05
927.0	1.2892e-05
927.2	1.2507e-05
927.4	1.2134e-05
927.6	1.1772e-05
927.8	1.1421e-05
928.0	1.1081e-05
928.2	1.0867e-05
928.4	1.0825e-05
928.6	1.0783e-05
928.8	1.0741e-05
929.0	1.0699e-05
929.2	1.0658e-05
929.4	1.0616e-05
929.6	1.0575e-05
929.8	1.0534e-05
930.0	1.0493e-05
930.2	1.0586e-05
930.4	1.0765e-05
930.6	1.0948e-05
930.8	1.1134e-05
931.0	1.1323e-05
931.2	1.1516e-05
931.4	1.1711e-05
931.6	1.191e-05
931.8	1.2112e-05
932.0	1.2318e-05
932.2	1.268e-05
932.4	1.3091e-05
932.6	1.3515e-05
932.8	1.3953e-05
933.0	1.4406e-05
933.2	1.4873e-05
933.4	1.5355e-05
933.6	1.5852e-05
933.8	1.6366e-05
934.0	1.6899e-05
934.2	1.7714e-05
934.4	1.8569e-05
934.6	1.9464e-05
934.8	2.0403e-05
935.0	2.1387e-05
935.2	2.2419e-05
935.4	2.35e-05
935.6	2.4634e-05
935.8	2.5822e-05
936.0	2.7166e-05
936.2	2.8635e-05
936.4	3.0183e-05
936.6	3.1449e-05
936.8	3.2673e-05
937.0	3.3944e-05
937.2	3.5494e-05
937.4	3.7131e-05
937.6	3.8863e-05
937.8	4.0916e-05
938.0	4.3077e-05
938.2	4.5197e-05
938.4	4.6861e-05
938.6	4.8588e-05
938.8	5.0475e-05
939.0	5.2612e-05
939.2	5.4839e-05
939.4	5.7252e-05
939.6	5.9864e-05
939.8	6.2595e-05
940.0	6.5205e-05
940.2	6.7787e-05
940.4	7.047e-05
940.6	7.3255e-05
940.8	7.6148e-05
941.0	7.9156e-05
941.2	8.26e-05
941.4	8.6215e-05
941.6	8.9954e-05
941.8	9.3457e-05
942.0	9.7096e-05
942.2	1.0087e-04
942.4	1.0476e-04
942.6	1.0879e-04
942.8	1.1315e-04
943.0	1.1798e-04
943.2	1.2301e-04
943.4	1.282e-04
943.6	1.3353e-04
943.8	1.3909e-04
944.0	1.4556e-04
944.2	1.527e-04
944.4	1.6019e-04
944.6	1.6772e-04
944.8	1.7552e-04
945.0	1.8368e-04
945.2	1.9055e-04
945.4	1.9768e-04
945.6	2.0507e-04
945.8	2.1199e-04
946.0	2.2522e-04
946.2	2.3665e-04
946.4	2.4974e-04
946.6	2.6028e-04
946.8	2.7441e-04
947.0	2.9054e-04
947.2	3.118e-04
947.4	3.2348e-04
947.6	3.4283e-04
947.8	3.6617e-04
948.0	3.8952e-04
948.2	4.1033e-04
948.4	4.3926e-04
948.6	4.6821e-04
948.8	5.0212e-04
949.0	5.3524e-04
949.2	5.6914e-04
949.4	6.0818e-04
949.6	6.4762e-04
949.8	6.9703e-04
950.0	7.5405e-04
950.2	8.0889e-04
950.4	8.7722e-04
950.6	9.557e-04
950.8	0.00102
951.0	0.0011
951.2	0.0012
951.4	0.0013
951.6	0.00142
951.8	0.00156
952.0	0.00171
952.2	0.00187
952.4	0.00207
952.6	0.00227
952.8	0.00248
953.0	0.00275
953.2	0.00305
953.4	0.00338
953.6	0.0038
953.8	0.00423
954.0	0.00474
954.2	0.00533
954.4	0.00599
954.6	0.00672
954.8	0.00772
955.0	0.00886
955.2	0.01009
955.4	0.0115
955.6	0.0131
955.8	0.01489
956.0	0.01759
956.2	0.02088
956.4	0.02474
956.6	0.0298
956.8	0.03629
957.0	0.04428
957.2	0.05507
957.4	0.06931
957.6	0.08842
957.8	0.11488
958.0	0.15157
958.2	0.20249
958.4	0.27433
958.6	0.37119
958.8	0.48885
959.0	0.60601
959.2	0.67982
959.4	0.67714
959.6	0.60896
959.8	0.51491
960.0	0.42509
960.2	0.34979
960.4	0.29004
960.6	0.24407
960.8	0.20903
961.0	0.18122
961.2	0.15974
961.4	0.14334
961.6	0.12911
961.8	0.118
962.0	0.1088
962.2	0.10045
962.4	0.09322
962.6	0.08783
962.8	0.08342
963.0	0.07899
963.2	0.07568
963.4	0.07239
963.6	0.06926
963.8	0.06665
964.0	0.06459
964.2	0.06281
964.4	0.06103
964.6	0.05968
964.8	0.05774
965.0	0.05609
965.2	0.05553
965.4	0.05499
965.6	0.05445
965.8	0.05432
966.0	0.05314
966.2	0.05153
966.4	0.05088
966.6	0.05023
966.8	0.04931
967.0	0.04852
967.2	0.04779
967.4	0.04676
967.6	0.04553
967.8	0.04527
968.0	0.04456
968.2	0.0437
968.4	0.04325
968.6	0.04234
968.8	0.04138
969.0	0.04062
969.2	0.04045
969.4	0.03965
969.6	0.039
969.8	0.03868
970.0	0.03771
970.2	0.03687
970.4	0.03667
970.6	0.03663
970.8	0.03584
971.0	0.03538
971.2	0.03501
971.4	0.03454
971.6	0.03424
971.8	0.0342
972.0	0.03434
972.2	0.03365
972.4	0.03347
972.6	0.0334
972.8	0.03332
973.0	0.0333
973.2	0.03352
973.4	0.03361
973.6	0.03327
973.8	0.03342
974.0	0.03377
974.2	0.03409
974.4	0.03421
974.6	0.03463
974.8	0.03481
975.0	0.03483
975.2	0.03539
975.4	0.03597
975.6	0.03656
975.8	0.03694
976.0	0.03725
976.2	0.03739
976.4	0.03771
976.6	0.03799
976.8	0.03813
977.0	0.03807
977.2	0.038
977.4	0.03778
977.6	0.03728
977.8	0.03707
978.0	0.03671
978.2	0.03577
978.4	0.03492
978.6	0.03399
978.8	0.03312
979.0	0.03188
979.2	0.03091
979.4	0.02964
979.6	0.02814
979.8	0.02662
980.0	0.02563
980.2	0.02465
980.4	0.02304
980.6	0.02159
980.8	0.02059
981.0	0.01971
981.2	0.01842
981.4	0.01741
981.6	0.01642
981.8	0.01557
982.0	0.01464
982.2	0.01391
982.4	0.01318
982.6	0.01239
982.8	0.01166
983.0	0.01111
983.2	0.01067
983.4	0.01003
983.6	0.00945
983.8	0.00897
984.0	0.00869
984.2	0.00823
984.4	0.00774
984.6	0.00734
984.8	0.0071
985.0	0.00683
985.2	0.00654
985.4	0.00626
985.6	0.006
985.8	0.00582
986.0	0.00556
986.2	0.0053
986.4	0.00507
986.6	0.0049
986.8	0.0047
987.0	0.00451
987.2	0.00433
987.4	0.00419
987.6	0.00402
987.8	0.00389
988.0	0.00375
988.2	0.00361
988.4	0.00346
988.6	0.00335
988.8	0.00327
989.0	0.00314
989.2	0.00305
989.4	0.00295
989.6	0.00287
989.8	0.00278
990.0	0.00269
990.2	0.00264
990.4	0.00254
990.6	0.00245
990.8	0.00241
991.0	0.00234
991.2	0.00228
991.4	0.00219
991.6	0.00215
991.8	0.0021
992.0	0.00206
992.2	0.00201
992.4	0.00195
992.6	0.00192
992.8	0.00189
993.0	0.00185
993.2	0.00178
993.4	0.00175
993.6	0.00174
993.8	0.00171
994.0	0.00166
994.2	0.00164
994.4	0.00163
994.6	0.00162
994.8	0.00157
995.0	0.00154
995.2	0.00156
995.4	0.00158
995.6	0.00159
995.8	0.00158
996.0	0.00156
996.2	0.00155
996.4	0.00154
996.6	0.00152
996.8	0.00151
997.0	0.0015
997.2	0.00149
997.4	0.00149
997.6	0.00148
997.8	0.00148
998.0	0.00147
998.2	0.00147
998.4	0.00147
998.6	0.00147
998.8	0.00147
999.0	0.00147
999.2	0.00147
999.4	0.00147
999.6	0.00147
999.8	0.00149
1000.0	0.0015
1000.2	0.0015
1000.4	0.0015
1000.6	0.00152
1000.8	0.00153
1001.0	0.00155
1001.2	0.00156
1001.4	0.00157
1001.6	0.00159
1001.8	0.00161
1002.0	0.00163
1002.2	0.00165
1002.4	0.00167
1002.6	0.00169
1002.8	0.00172
1003.0	0.00175
1003.2	0.00178
1003.4	0.00181
1003.6	0.00185
1003.8	0.00189
1004.0	0.00192
1004.2	0.00196
1004.4	0.002
1004.6	0.00205
1004.8	0.00209
1005.0	0.00214
1005.2	0.0022
1005.4	0.00224
1005.6	0.00231
1005.8	0.00235
1006.0	0.0024
1006.2	0.00248
1006.4	0.00254
1006.6	0.00262
1006.8	0.0027
1007.0	0.00277
1007.2	0.00284
1007.4	0.00295
1007.6	0.00304
1007.8	0.00316
1008.0	0.00325
1008.2	0.00336
1008.4	0.00349
1008.6	0.00363
1008.8	0.00377
1009.0	0.00392
1009.2	0.00406
1009.4	0.00427
1009.6	0.00442
1009.8	0.00461
1010.0	0.00481
1010.2	0.00506
1010.4	0.00528
1010.6	0.00555
1010.8	0.00581
1011.0	0.00609
1011.2	0.00645
1011.4	0.00681
1011.6	0.00717
1011.8	0.00752
1012.0	0.008
1012.2	0.00852
1012.4	0.0091
1012.6	0.00966
1012.8	0.0103
1013.0	0.01101
1013.2	0.01188
1013.4	0.01269
1013.6	0.01376
1013.8	0.01476
1014.0	0.01593
1014.2	0.01722
1014.4	0.01894
1014.6	0.02049
1014.8	0.02246
1015.0	0.02463
1015.2	0.02715
1015.4	0.02981
1015.6	0.03325
1015.8	0.03681
1016.0	0.04118
1016.2	0.04573
1016.4	0.05167
1016.6	0.05823
1016.8	0.06595
1017.0	0.07396
1017.2	0.08424
1017.4	0.09477
1017.6	0.10706
1017.8	0.12059
1018.0	0.13551
1018.2	0.14784
1018.4	0.1607
1018.6	0.17127
1018.8	0.17916
1019.0	0.18227
1019.2	0.18237
1019.4	0.17714
1019.6	0.16899
1019.8	0.15933
1020.0	0.14825
1020.2	0.13628
1020.4	0.12576
1020.6	0.11566
1020.8	0.10487
1021.0	0.09573
1021.2	0.08808
1021.4	0.08085
1021.6	0.07463
1021.8	0.06954
1022.0	0.06426
1022.2	0.05965
1022.4	0.05579
1022.6	0.05247
1022.8	0.04939
1023.0	0.04695
1023.2	0.04431
1023.4	0.04216
1023.6	0.03985
1023.8	0.03846
1024.0	0.03688
1024.2	0.03562
1024.4	0.0343
1024.6	0.03332
1024.8	0.03192
1025.0	0.03137
1025.2	0.03111
1025.4	0.03058
1025.6	0.02964
1025.8	0.02911
1026.0	0.0285
1026.2	0.02807
1026.4	0.02786
1026.6	0.02779
1026.8	0.02748
1027.0	0.02711
1027.2	0.02718
1027.4	0.02687
1027.6	0.0269
1027.8	0.02707
1028.0	0.02747
1028.2	0.02735
1028.4	0.02788
1028.6	0.028
1028.8	0.02826
1029.0	0.02855
1029.2	0.02933
1029.4	0.02966
1029.6	0.03051
1029.8	0.03125
1030.0	0.03185
1030.2	0.03242
1030.4	0.03361
1030.6	0.0344
1030.8	0.03579
1031.0	0.03714
1031.2	0.03842
1031.4	0.03974
1031.6	0.04154
1031.8	0.04303
1032.0	0.04479
1032.2	0.04716
1032.4	0.04895
1032.6	0.0513
1032.8	0.05352
1033.0	0.05564
1033.2	0.05778
1033.4	0.06078
1033.6	0.06292
1033.8	0.06574
1034.0	0.06806
1034.2	0.07012
1034.4	0.07182
1034.6	0.07324
1034.8	0.07391
1035.0	0.07444
1035.2	0.07472
1035.4	0.07398
1035.6	0.07346
1035.8	0.0717
1036.0	0.06966
1036.2	0.06749
1036.4	0.06482
1036.6	0.06148
1036.8	0.05866
1037.0	0.05537
1037.2	0.05236
1037.4	0.04936
1037.6	0.04624
1037.8	0.04333
1038.0	0.04059
1038.2	0.03813
1038.4	0.03571
1038.6	0.03348
1038.8	0.03152
1039.0	0.02945
1039.2	0.02767
1039.4	0.02607
1039.6	0.02436
1039.8	0.02313
1040.0	0.02164
1040.2	0.02063
1040.4	0.01943
1040.6	0.01857
1040.8	0.01748
1041.0	0.01668
1041.2	0.01579
1041.4	0.01517
1041.6	0.01435
1041.8	0.01383
1042.0	0.01322
1042.2	0.01256
1042.4	0.0121
1042.6	0.0116
1042.8	0.01109
1043.0	0.01076
1043.2	0.01038
1043.4	0.00996
1043.6	0.00966
1043.8	0.00935
1044.0	0.00897
1044.2	0.00869
1044.4	0.00844
1044.6	0.00818
1044.8	0.00797
1045.0	0.00759
1045.2	0.0073
1045.4	0.00709
1045.6	0.00683
1045.8	0.00672
1046.0	0.00656
1046.2	0.0064
1046.4	0.00626
1046.6	0.00618
1046.8	0.00599
1047.0	0.00588
1047.2	0.00568
1047.4	0.00552
1047.6	0.00548
1047.8	0.00534
1048.0	0.00528
1048.2	0.00518
1048.4	0.00506
1048.6	0.00506
1048.8	0.00489
1049.0	0.00484
1049.2	0.00474
1049.4	0.00465
1049.6	0.0046
1049.8	0.0045
1050.0	0.00443
1050.2	0.00438
1050.4	0.00425
1050.6	0.00421
1050.8	0.00424
1051.0	0.00413
1051.2	0.00411
1051.4	0.00407
1051.6	0.004
1051.8	0.00391
1052.0	0.00385
1052.2	0.00387
1052.4	0.00389
1052.6	0.00377
1052.8	0.00378
1053.0	0.00375
1053.2	0.00368
1053.4	0.00366
1053.6	0.00368
1053.8	0.00361
1054.0	0.0036
1054.2	0.00358
1054.4	0.00353
1054.6	0.00358
1054.8	0.00349
1055.0	0.0035
1055.2	0.00347
1055.4	0.00356
1055.6	0.00356
1055.8	0.0035
1056.0	0.00342
1056.2	0.00347
1056.4	0.00351
1056.6	0.00348
1056.8	0.00343
1057.0	0.00342
1057.2	0.00356
1057.4	0.0035
1057.6	0.00355
1057.8	0.00352
1058.0	0.00354
1058.2	0.00356
1058.4	0.00363
1058.6	0.00369
1058.8	0.00366
1059.0	0.00363
1059.2	0.00367
1059.4	0.00379
1059.6	0.0038
1059.8	0.00382
1060.0	0.00384
1060.2	0.00392
1060.4	0.00399
1060.6	0.00401
1060.8	0.00408
1061.0	0.00419
1061.2	0.00423
1061.4	0.00426
1061.6	0.0044
1061.8	0.00442
1062.0	0.00452
1062.2	0.0046
1062.4	0.00468
1062.6	0.00481
1062.8	0.00486
1063.0	0.00498
1063.2	0.00509
1063.4	0.00523
1063.6	0.00539
1063.8	0.00552
1064.0	0.00558
1064.2	0.0058
1064.4	0.00592
1064.6	0.00615
1064.8	0.00634
1065.0	0.00652
1065.2	0.00662
1065.4	0.0069
1065.6	0.00712
1065.8	0.00735
1066.0	0.00762
1066.2	0.00782
1066.4	0.00831
1066.6	0.00837
1066.8	0.00876
1067.0	0.00903
1067.2	0.00934
1067.4	0.00977
1067.6	0.01007
1067.8	0.01076
1068.0	0.01111
1068.2	0.01181
1068.4	0.01234
1068.6	0.01296
1068.8	0.01369
1069.0	0.01436
1069.2	0.01498
1069.4	0.01604
1069.6	0.01677
1069.8	0.01781
1070.0	0.0186
1070.2	0.01964
1070.4	0.02095
1070.6	0.02188
1070.8	0.02355
1071.0	0.02498
1071.2	0.02665
1071.4	0.02842
1071.6	0.03016
1071.8	0.03306
1072.0	0.03481
1072.2	0.03778
1072.4	0.04075
1072.6	0.0438
1072.8	0.0474
1073.0	0.05103
1073.2	0.05586
1073.4	0.05989
1073.6	0.06519
1073.8	0.07038
1074.0	0.07656
1074.2	0.08335
1074.4	0.09061
1074.6	0.09904
1074.8	0.10851
1075.0	0.11848
1075.2	0.13041
1075.4	0.14283
1075.6	0.15624
1075.8	0.17147
1076.0	0.18603
1076.2	0.20256
1076.4	0.21809
1076.6	0.23571
1076.8	0.25154
1077.0	0.2672
1077.2	0.28097
1077.4	0.29148
1077.6	0.30093
1077.8	0.30671
1078.0	0.30942
1078.2	0.30911
1078.4	0.30619
1078.6	0.30108
1078.8	0.2929
1079.0	0.28317
1079.2	0.27291
1079.4	0.26019
1079.6	0.24927
1079.8	0.23648
1080.0	0.22446
1080.2	0.21309
1080.4	0.20165
1080.6	0.19251
1080.8	0.18108
1081.0	0.17426
1081.2	0.16528
1081.4	0.15788
1081.6	0.15035
1081.8	0.14427
1082.0	0.13795
1082.2	0.13201
1082.4	0.12738
1082.6	0.12182
1082.8	0.1183
1083.0	0.11438
1083.2	0.11011
1083.4	0.10712
1083.6	0.10378
1083.8	0.10111
1084.0	0.0982
1084.2	0.09609
1084.4	0.09379
1084.6	0.09157
1084.8	0.08938
1085.0	0.08787
1085.2	0.08648
1085.4	0.08459
1085.6	0.08371
1085.8	0.08196
1086.0	0.08105
1086.2	0.0805
1086.4	0.0796
1086.6	0.07861
1086.8	0.07791
1087.0	0.07761
1087.2	0.07732
1087.4	0.07696
1087.6	0.07664
1087.8	0.0765
1088.0	0.07594
1088.2	0.07657
1088.4	0.07655
1088.6	0.07693
1088.8	0.07687
1089.0	0.07738
1089.2	0.07781
1089.4	0.07796
1089.6	0.07865
1089.8	0.07943
1090.0	0.07849
1090.2	0.07871
1090.4	0.07897
1090.6	0.08063
1090.8	0.08213
1091.0	0.08327
1091.2	0.08487
1091.4	0.08582
1091.6	0.08768
1091.8	0.08914
1092.0	0.09116
1092.2	0.09253
1092.4	0.09502
1092.6	0.09678
1092.8	0.09992
1093.0	0.10267
1093.2	0.10517
1093.4	0.10755
1093.6	0.11031
1093.8	0.11434
1094.0	0.11658
1094.2	0.12046
1094.4	0.12318
1094.6	0.12853
1094.8	0.13153
1095.0	0.13728
1095.2	0.14079
1095.4	0.14532
1095.6	0.15145
1095.8	0.15633
1096.0	0.16262
1096.2	0.16693
1096.4	0.1749
1096.6	0.17978
1096.8	0.1883
1097.0	0.19411
1097.2	0.20227
1097.4	0.20826
1097.6	0.21752
1097.8	0.22342
1098.0	0.23372
1098.2	0.23961
1098.4	0.25036
1098.6	0.25729
1098.8	0.26643
1099.0	0.27497
1099.2	0.28279
1099.4	0.29111
1099.6	0.29804
1099.8	0.30701
1100.0	0.31118
1100.2	0.31889
1100.4	0.32343
1100.6	0.33072
1100.8	0.33246
1101.0	0.33777
1101.2	0.33872
1101.4	0.34097
1101.6	0.34045
1101.8	0.34121
1102.0	0.33964
1102.2	0.33755
1102.4	0.33427
1102.6	0.33098
1102.8	0.32622
1103.0	0.32231
1103.2	0.31791
1103.4	0.31103
1103.6	0.30435
1103.8	0.29876
1104.0	0.29115
1104.2	0.28569
1104.4	0.27866
1104.6	0.27289
1104.8	0.26564
1105.0	0.25981
1105.2	0.2531
1105.4	0.24636
1105.6	0.24052
1105.8	0.23466
1106.0	0.22867
1106.2	0.22444
1106.4	0.21812
1106.6	0.2138
1106.8	0.20816
1107.0	0.20445
1107.2	0.19926
1107.4	0.19534
1107.6	0.19189
1107.8	0.1877
1108.0	0.18368
1108.2	0.17949
1108.4	0.17783
1108.6	0.17492
1108.8	0.17146
1109.0	0.16883
1109.2	0.16707
1109.4	0.16434
1109.6	0.16187
1109.8	0.16041
1110.0	0.15837
1110.2	0.15662
1110.4	0.15598
1110.6	0.1542
1110.8	0.15287
1111.0	0.15144
1111.2	0.14976
1111.4	0.14878
1111.6	0.14989
1111.8	0.14734
1112.0	0.14748
1112.2	0.14664
1112.4	0.14605
1112.6	0.14539
1112.8	0.1458
1113.0	0.14588
1113.2	0.14462
1113.4	0.14522
1113.6	0.14521
1113.8	0.14518
1114.0	0.14464
1114.2	0.14474
1114.4	0.14543
1114.6	0.1453
1114.8	0.14714
1115.0	0.14668
1115.2	0.14824
1115.4	0.14843
1115.6	0.1489
1115.8	0.15046
1116.0	0.14984
1116.2	0.15106
1116.4	0.15299
1116.6	0.15416
1116.8	0.15531
1117.0	0.15629
1117.2	0.15735
1117.4	0.15921
1117.6	0.16066
1117.8	0.16201
1118.0	0.15987
1118.2	0.16549
1118.4	0.1658
1118.6	0.16818
1118.8	0.16765
1119.0	0.17004
1119.2	0.1708
1119.4	0.1715
1119.6	0.17211
1119.8	0.1742
1120.0	0.17456
1120.2	0.17489
1120.4	0.17584
1120.6	0.17668
1120.8	0.17542
1121.0	0.17407
1121.2	0.17406
1121.4	0.17404
1121.6	0.17403
1121.8	0.17402
1122.0	0.17399
1122.2	0.17298
1122.4	0.17197
1122.6	0.17097
1122.8	0.16997
1123.0	0.16898
1123.2	0.16718
1123.4	0.1654
1123.6	0.16363
1123.8	0.16189
1124.0	0.16016
1124.2	0.1577
1124.4	0.15528
1124.6	0.15289
1124.8	0.15055
1125.0	0.14823
1125.2	0.14532
1125.4	0.14246
1125.6	0.13966
1125.8	0.13692
1126.0	0.13422
1126.2	0.13135
1126.4	0.12854
1126.6	0.12579
1126.8	0.1231
1127.0	0.12046
1127.2	0.11773
1127.4	0.11506
1127.6	0.11245
1127.8	0.1099
1128.0	0.1074
1128.2	0.10481
1128.4	0.10229
1128.6	0.09982
1128.8	0.09742
1129.0	0.09508
1129.2	0.09298
1129.4	0.09093
1129.6	0.08893
1129.8	0.08697
1130.0	0.08506
1130.2	0.08323
1130.4	0.08143
1130.6	0.07968
1130.8	0.07796
1131.0	0.07628
1131.2	0.07461
1131.4	0.07297
1131.6	0.07138
1131.8	0.06981
1132.0	0.0683
1132.2	0.06719
1132.4	0.06611
1132.6	0.06504
1132.8	0.06398
1133.0	0.06295
1133.2	0.06191
1133.4	0.06088
1133.6	0.05987
1133.8	0.05888
1134.0	0.0579
1134.2	0.05683
1134.4	0.05577
1134.6	0.05474
1134.8	0.05372
1135.0	0.05273
1135.2	0.05196
1135.4	0.0512
1135.6	0.05045
1135.8	0.04971
1136.0	0.049
1136.2	0.04868
1136.4	0.04835
1136.6	0.04804
1136.8	0.04772
1137.0	0.0474
1137.2	0.04688
1137.4	0.04638
1137.6	0.04588
1137.8	0.04538
1138.0	0.04489
1138.2	0.04447
1138.4	0.04406
1138.6	0.04364
1138.8	0.04323
1139.0	0.04283
1139.2	0.04269
1139.4	0.04256
1139.6	0.04243
1139.8	0.04229
1140.0	0.04216
1140.2	0.04192
1140.4	0.04168
1140.6	0.04144
1140.8	0.04121
1141.0	0.04097
1141.2	0.04078
1141.4	0.04059
1141.6	0.0404
1141.8	0.04021
1142.0	0.04003
1142.2	0.04012
1142.4	0.04021
1142.6	0.04029
1142.8	0.04038
1143.0	0.04045
1143.2	0.0401
1143.4	0.03976
1143.6	0.03942
1143.8	0.03908
1144.0	0.03875
1144.2	0.0389
1144.4	0.03905
1144.6	0.0392
1144.8	0.03936
1145.0	0.03951
1145.2	0.03969
1145.4	0.03988
1145.6	0.04006
1145.8	0.04024
1146.0	0.04042
1146.2	0.04034
1146.4	0.04025
1146.6	0.04016
1146.8	0.04008
1147.0	0.04
1147.2	0.04017
1147.4	0.04033
1147.6	0.04049
1147.8	0.04065
1148.0	0.04081
1148.2	0.04076
1148.4	0.0407
1148.6	0.04065
1148.8	0.0406
1149.0	0.04055
1149.2	0.04055
1149.4	0.04055
1149.6	0.04055
1149.8	0.04055
1150.0	0.04055
1150.2	0.04055
1150.4	0.04055
1150.6	0.04054
1150.8	0.04054
1151.0	0.04053
1151.2	0.04037
1151.4	0.04021
1151.6	0.04005
1151.8	0.03989
1152.0	0.03973
1152.2	0.03973
1152.4	0.03972
1152.6	0.03972
1152.8	0.03972
1153.0	0.03971
1153.2	0.03941
1153.4	0.03911
1153.6	0.03881
1153.8	0.03852
1154.0	0.03823
1154.2	0.03811
1154.4	0.03799
1154.6	0.03787
1154.8	0.03775
1155.0	0.03762
1155.2	0.03726
1155.4	0.03691
1155.6	0.03656
1155.8	0.03621
1156.0	0.03587
1156.2	0.03562
1156.4	0.03538
1156.6	0.03513
1156.8	0.03489
1157.0	0.03465
1157.2	0.03431
1157.4	0.03397
1157.6	0.03363
1157.8	0.03329
1158.0	0.03296
1158.2	0.03264
1158.4	0.03233
1158.6	0.03201
1158.8	0.0317
1159.0	0.0314
1159.2	0.03109
1159.4	0.03078
1159.6	0.03047
1159.8	0.03017
1160.0	0.02987
1160.2	0.02953
1160.4	0.02919
1160.6	0.02886
1160.8	0.02853
1161.0	0.02821
1161.2	0.02797
1161.4	0.02773
1161.6	0.02749
1161.8	0.02725
1162.0	0.02702
1162.2	0.02672
1162.4	0.02643
1162.6	0.02614
1162.8	0.02585
1163.0	0.02556
1163.2	0.02536
1163.4	0.02516
1163.6	0.02496
1163.8	0.02476
1164.0	0.02456
1164.2	0.02433
1164.4	0.0241
1164.6	0.02387
1164.8	0.02364
1165.0	0.02341
1165.2	0.02325
1165.4	0.02309
1165.6	0.02293
1165.8	0.02278
1166.0	0.02262
1166.2	0.02247
1166.4	0.02232
1166.6	0.02217
1166.8	0.02203
1167.0	0.02188
1167.2	0.02174
1167.4	0.0216
1167.6	0.02146
1167.8	0.02132
1168.0	0.02118
1168.2	0.02111
1168.4	0.02105
1168.6	0.02098
1168.8	0.02091
1169.0	0.02084
1169.2	0.02069
1169.4	0.02055
1169.6	0.02041
1169.8	0.02026
1170.0	0.02013
1170.2	0.02014
1170.4	0.02014
1170.6	0.02015
1170.8	0.02015
1171.0	0.02016
1171.2	0.02013
1171.4	0.0201
1171.6	0.02006
1171.8	0.02003
1172.0	0.02
1172.2	0.01999
1172.4	0.01997
1172.6	0.01996
1172.8	0.01994
1173.0	0.01993
1173.2	0.02002
1173.4	0.02012
1173.6	0.02021
1173.8	0.0203
1174.0	0.0204
1174.2	0.02036
1174.4	0.02033
1174.6	0.02029
1174.8	0.02026
1175.0	0.02023
1175.2	0.02036
1175.4	0.02049
1175.6	0.02062
1175.8	0.02075
1176.0	0.02088
1176.2	0.02101
1176.4	0.02115
1176.6	0.02128
1176.8	0.02141
1177.0	0.02154
1177.2	0.02162
1177.4	0.0217
1177.6	0.02177
1177.8	0.02185
1178.0	0.02193
1178.2	0.0222
1178.4	0.02248
1178.6	0.02275
1178.8	0.02303
1179.0	0.02331
1179.2	0.02355
1179.4	0.02378
1179.6	0.02402
1179.8	0.02426
1180.0	0.0245
1180.2	0.02468
1180.4	0.02487
1180.6	0.02505
1180.8	0.02523
1181.0	0.02543
1181.2	0.02586
1181.4	0.0263
1181.6	0.02675
1181.8	0.02721
1182.0	0.02767
1182.2	0.02807
1182.4	0.02847
1182.6	0.02888
1182.8	0.02929
1183.0	0.02971
1183.2	0.03007
1183.4	0.03045
1183.6	0.03082
1183.8	0.03121
1184.0	0.0316
1184.2	0.03218
1184.4	0.03277
1184.6	0.03337
1184.8	0.03398
1185.0	0.03461
1185.2	0.03544
1185.4	0.0363
1185.6	0.03717
1185.8	0.03807
1186.0	0.03898
1186.2	0.03971
1186.4	0.04046
1186.6	0.04122
1186.8	0.042
1187.0	0.04279
1187.2	0.04364
1187.4	0.04452
1187.6	0.04541
1187.8	0.04632
1188.0	0.04727
1188.2	0.04867
1188.4	0.05012
1188.6	0.05161
1188.8	0.05315
1189.0	0.05473
1189.2	0.05626
1189.4	0.05783
1189.6	0.05944
1189.8	0.06111
1190.0	0.06281
1190.2	0.06443
1190.4	0.0661
1190.6	0.0678
1190.8	0.06956
1191.0	0.07137
1191.2	0.07362
1191.4	0.07595
1191.6	0.07835
1191.8	0.08083
1192.0	0.08339
1192.2	0.0866
1192.4	0.08994
1192.6	0.0934
1192.8	0.097
1193.0	0.10073
1193.2	0.10431
1193.4	0.10801
1193.6	0.11185
1193.8	0.11582
1194.0	0.11993
1194.2	0.12413
1194.4	0.12848
1194.6	0.13299
1194.8	0.13765
1195.0	0.14249
1195.2	0.14805
1195.4	0.15383
1195.6	0.15984
1195.8	0.16608
1196.0	0.17257
1196.2	0.18051
1196.4	0.18881
1196.6	0.19749
1196.8	0.20657
1197.0	0.21605
1197.2	0.22545
1197.4	0.23527
1197.6	0.24551
1197.8	0.2562
1198.0	0.26732
1198.2	0.27799
1198.4	0.28909
1198.6	0.30062
1198.8	0.31262
1199.0	0.32511
1199.2	0.33896
1199.4	0.35341
1199.6	0.36846
1199.8	0.38416
1200.0	0.40053
