Typical Measured Spectrum of Semrock FF01-407/494/576 Optical Filter	
For wavelengths between 320 and 1120 nm, values near or below 3e-7 (Optical Density 6.5) are measurement noise limited.
For wavelengths < 320 nm and > 1120 nm, values near or below 3e-6 (Optical Density 5.5) are measurement noise limited. 
Data format:  Wavelength (nm) <tab> Transmission (0 to 1)
270.0	2.8258e-06
270.2	2.9975e-06
270.4	3.1795e-06
270.6	3.3726e-06
270.8	3.5775e-06
271.0	3.7948e-06
271.2	4.0253e-06
271.4	4.2698e-06
271.6	4.5291e-06
271.8	4.8042e-06
272.0	4.4533e-06
272.2	4.1281e-06
272.4	3.8266e-06
272.6	3.5471e-06
272.8	3.288e-06
273.0	3.0479e-06
273.2	2.8253e-06
273.4	2.6189e-06
273.6	2.4276e-06
273.8	2.2503e-06
274.0	2.3784e-06
274.2	2.6031e-06
274.4	2.8489e-06
274.6	3.1179e-06
274.8	3.4124e-06
275.0	3.7347e-06
275.2	4.0874e-06
275.4	4.4734e-06
275.6	4.8958e-06
275.8	5.3582e-06
276.0	5.1966e-06
276.2	4.6174e-06
276.4	4.1028e-06
276.6	3.6456e-06
276.8	3.2393e-06
277.0	2.8783e-06
277.2	2.5576e-06
277.4	2.2725e-06
277.6	2.0193e-06
277.8	1.7942e-06
278.0	1.7869e-06
278.2	2.1609e-06
278.4	2.6132e-06
278.6	3.1602e-06
278.8	3.8218e-06
279.0	4.6217e-06
279.2	5.5892e-06
279.4	6.7591e-06
279.6	8.174e-06
279.8	9.885e-06
280.0	1.1714e-05
280.2	1.1156e-05
280.4	1.0624e-05
280.6	1.0118e-05
280.8	9.6356e-06
281.0	9.1764e-06
281.2	8.7391e-06
281.4	8.3227e-06
281.6	7.9261e-06
281.8	7.5483e-06
282.0	6.2421e-06
282.2	5.1394e-06
282.4	4.2315e-06
282.6	3.484e-06
282.8	2.8686e-06
283.0	2.3618e-06
283.2	1.9446e-06
283.4	1.6011e-06
283.6	1.3182e-06
283.8	1.0854e-06
284.0	1.2744e-06
284.2	1.6737e-06
284.4	2.1983e-06
284.6	2.8872e-06
284.8	3.7919e-06
285.0	4.9803e-06
285.2	6.541e-06
285.4	8.5909e-06
285.6	1.1283e-05
285.8	1.4819e-05
286.0	1.6053e-05
286.2	1.4902e-05
286.4	1.3834e-05
286.6	1.2842e-05
286.8	1.1921e-05
287.0	1.1066e-05
287.2	1.0272e-05
287.4	9.5359e-06
287.6	8.8521e-06
287.8	8.2173e-06
288.0	7.6567e-06
288.2	7.1832e-06
288.4	6.739e-06
288.6	6.3222e-06
288.8	5.9312e-06
289.0	5.5644e-06
289.2	5.2203e-06
289.4	4.8975e-06
289.6	4.5946e-06
289.8	4.3105e-06
290.0	3.9904e-06
290.2	3.1346e-06
290.4	2.4623e-06
290.6	1.9342e-06
290.8	1.5194e-06
291.0	1.1935e-06
291.2	9.3754e-07
291.4	7.3647e-07
291.6	5.7851e-07
291.8	4.5444e-07
292.0	5.1764e-07
292.2	5.9297e-07
292.4	6.7927e-07
292.6	7.7812e-07
292.8	8.9136e-07
293.0	1.0211e-06
293.2	1.1697e-06
293.4	1.3399e-06
293.6	1.5349e-06
293.8	1.7583e-06
294.0	1.5795e-06
294.2	1.3276e-06
294.4	1.1158e-06
294.6	9.3783e-07
294.8	7.8824e-07
295.0	6.6251e-07
295.2	5.5683e-07
295.4	4.6801e-07
295.6	3.9335e-07
295.8	3.3061e-07
296.0	3.0582e-07
296.2	3.0278e-07
296.4	2.9977e-07
296.6	2.968e-07
296.8	2.9385e-07
297.0	2.9093e-07
297.2	2.8805e-07
297.4	2.8519e-07
297.6	2.8235e-07
297.8	2.7955e-07
298.0	2.7653e-07
298.2	2.7316e-07
298.4	2.6984e-07
298.6	2.6655e-07
298.8	2.633e-07
299.0	2.601e-07
299.2	2.5693e-07
299.4	2.538e-07
299.6	2.5071e-07
299.8	2.4766e-07
300.0	2.4464e-07
300.2	2.4171e-07
300.4	2.3881e-07
300.6	2.3594e-07
300.8	2.3311e-07
301.0	2.3032e-07
301.2	2.2756e-07
301.4	2.2483e-07
301.6	2.2213e-07
301.8	2.1946e-07
302.0	2.1619e-07
302.2	2.1295e-07
302.4	2.0976e-07
302.6	2.0661e-07
302.8	2.0351e-07
303.0	2.0046e-07
303.2	1.9745e-07
303.4	1.9449e-07
303.6	1.9157e-07
303.8	1.887e-07
304.0	2.2219e-07
304.2	2.7553e-07
304.4	3.4168e-07
304.6	4.2372e-07
304.8	5.2545e-07
305.0	6.516e-07
305.2	8.0804e-07
305.4	1.002e-06
305.6	1.2426e-06
305.8	1.5409e-06
306.0	1.6459e-06
306.2	1.5777e-06
306.4	1.5125e-06
306.6	1.4499e-06
306.8	1.3899e-06
307.0	1.3324e-06
307.2	1.2772e-06
307.4	1.2244e-06
307.6	1.1737e-06
307.8	1.1251e-06
308.0	1.0526e-06
308.2	9.4801e-07
308.4	8.5378e-07
308.6	7.6892e-07
308.8	6.9249e-07
309.0	6.2366e-07
309.2	5.6167e-07
309.4	5.0584e-07
309.6	4.5556e-07
309.8	4.1028e-07
310.0	3.8284e-07
310.2	4.9155e-07
310.4	6.3113e-07
310.6	8.1035e-07
310.8	1.0405e-06
311.0	1.3359e-06
311.2	1.7153e-06
311.4	2.2023e-06
311.6	2.8277e-06
311.8	3.6307e-06
312.0	2.9879e-06
312.2	2.4195e-06
312.4	1.9593e-06
312.6	1.5866e-06
312.8	1.2848e-06
313.0	1.0404e-06
313.2	8.4249e-07
313.4	6.8223e-07
313.6	5.5246e-07
313.8	4.4737e-07
314.0	3.9173e-07
314.2	3.5088e-07
314.4	3.1429e-07
314.6	2.8152e-07
314.8	2.5216e-07
315.0	2.2586e-07
315.2	2.0231e-07
315.4	1.8121e-07
315.6	1.6232e-07
315.8	1.4539e-07
316.0	1.3859e-07
316.2	1.3794e-07
316.4	1.373e-07
316.6	1.3666e-07
316.8	1.3602e-07
317.0	1.3539e-07
317.2	1.3476e-07
317.4	1.3413e-07
317.6	1.3351e-07
317.8	1.3288e-07
318.0	1.484e-07
318.2	1.9696e-07
318.4	2.6142e-07
318.6	3.4697e-07
318.8	4.6051e-07
319.0	6.1121e-07
319.2	8.1123e-07
319.4	1.0767e-06
319.6	1.429e-06
319.8	1.8967e-06
320.0	2.4473e-06
320.2	2.5124e-06
320.4	2.5793e-06
320.6	2.648e-06
320.8	2.7185e-06
321.0	2.7908e-06
321.2	2.8651e-06
321.4	2.9414e-06
321.6	3.0197e-06
321.8	3.1001e-06
322.0	2.6279e-06
322.2	2.2005e-06
322.4	1.8427e-06
322.6	1.543e-06
322.8	1.2921e-06
323.0	1.0819e-06
323.2	9.0598e-07
323.4	7.5864e-07
323.6	6.3527e-07
323.8	5.3196e-07
324.0	5.3351e-07
324.2	5.6732e-07
324.4	6.0327e-07
324.6	6.415e-07
324.8	6.8216e-07
325.0	7.2539e-07
325.2	7.7137e-07
325.4	8.2025e-07
325.6	8.7224e-07
325.8	9.2752e-07
326.0	8.3718e-07
326.2	6.6775e-07
326.4	5.3261e-07
326.6	4.2482e-07
326.8	3.3885e-07
327.0	2.7027e-07
327.2	2.1557e-07
327.4	1.7195e-07
327.6	1.3715e-07
327.8	1.0939e-07
328.0	9.9346e-08
328.2	1.1053e-07
328.4	1.2298e-07
328.6	1.3683e-07
328.8	1.5224e-07
329.0	1.6938e-07
329.2	1.8846e-07
329.4	2.0968e-07
329.6	2.3329e-07
329.8	2.5956e-07
330.0	2.8117e-07
330.2	2.4253e-07
330.4	2.092e-07
330.6	1.8044e-07
330.8	1.5564e-07
331.0	1.3425e-07
331.2	1.158e-07
331.4	9.9886e-08
331.6	8.6158e-08
331.8	7.4317e-08
332.0	7.329e-08
332.2	7.2735e-08
332.4	7.2185e-08
332.6	7.1638e-08
332.8	7.1096e-08
333.0	7.0558e-08
333.2	7.0024e-08
333.4	6.9494e-08
333.6	6.8968e-08
333.8	6.8446e-08
334.0	7.6732e-08
334.2	8.9118e-08
334.4	1.035e-07
334.6	1.2021e-07
334.8	1.3962e-07
335.0	1.6216e-07
335.2	1.8834e-07
335.4	2.1874e-07
335.6	2.5405e-07
335.8	2.9506e-07
336.0	3.0202e-07
336.2	2.8416e-07
336.4	2.6736e-07
336.6	2.5155e-07
336.8	2.3667e-07
337.0	2.2268e-07
337.2	2.0951e-07
337.4	1.9712e-07
337.6	1.8547e-07
337.8	1.745e-07
338.0	1.6037e-07
338.2	1.4277e-07
338.4	1.271e-07
338.6	1.1315e-07
338.8	1.0073e-07
339.0	8.9677e-08
339.2	7.9834e-08
339.4	7.1073e-08
339.6	6.3272e-08
339.8	5.6328e-08
340.0	5.0817e-08
340.2	5.0313e-08
340.4	4.9815e-08
340.6	4.9322e-08
340.8	4.8833e-08
341.0	4.8349e-08
341.2	4.7871e-08
341.4	4.7396e-08
341.6	4.6927e-08
341.8	4.6462e-08
342.0	4.6122e-08
342.2	4.5798e-08
342.4	4.5477e-08
342.6	4.5157e-08
342.8	4.484e-08
343.0	4.4525e-08
343.2	4.4212e-08
343.4	4.3902e-08
343.6	4.3593e-08
343.8	4.3287e-08
344.0	4.303e-08
344.2	4.2793e-08
344.4	4.2556e-08
344.6	4.2321e-08
344.8	4.2088e-08
345.0	4.1855e-08
345.2	4.1624e-08
345.4	4.1394e-08
345.6	4.1166e-08
345.8	4.0939e-08
346.0	4.4046e-08
346.2	5.0477e-08
346.4	5.7847e-08
346.6	6.6293e-08
346.8	7.5972e-08
347.0	8.7063e-08
347.2	9.9775e-08
347.4	1.1434e-07
347.6	1.3104e-07
347.8	1.5017e-07
348.0	1.6834e-07
348.2	1.8217e-07
348.4	1.9714e-07
348.6	2.1335e-07
348.8	2.3088e-07
349.0	2.4986e-07
349.2	2.7039e-07
349.4	2.9261e-07
349.6	3.1666e-07
349.8	3.4269e-07
350.0	3.5815e-07
350.2	2.824e-07
350.4	2.2267e-07
350.6	1.7557e-07
350.8	1.3843e-07
351.0	1.0915e-07
351.2	8.6065e-08
351.4	6.7861e-08
351.6	5.3507e-08
351.8	4.2189e-08
352.0	4.6734e-08
352.2	5.3539e-08
352.4	6.1335e-08
352.6	7.0266e-08
352.8	8.0497e-08
353.0	9.2217e-08
353.2	1.0564e-07
353.4	1.2103e-07
353.6	1.3865e-07
353.8	1.5884e-07
354.0	1.661e-07
354.2	1.6821e-07
354.4	1.7035e-07
354.6	1.7252e-07
354.8	1.7471e-07
355.0	1.7693e-07
355.2	1.7918e-07
355.4	1.8146e-07
355.6	1.8377e-07
355.8	1.8611e-07
356.0	1.8225e-07
356.2	1.741e-07
356.4	1.6631e-07
356.6	1.5887e-07
356.8	1.5176e-07
357.0	1.4497e-07
357.2	1.3849e-07
357.4	1.3229e-07
357.6	1.2637e-07
357.8	1.2072e-07
358.0	1.315e-07
358.2	1.7302e-07
358.4	2.2766e-07
358.6	2.9955e-07
358.8	3.9414e-07
359.0	5.1861e-07
359.2	6.8237e-07
359.4	8.9785e-07
359.6	1.1814e-06
359.8	1.5544e-06
360	1.988e-07
360.2	2.0841e-07
360.4	2.1848e-07
360.6	2.2904e-07
360.8	2.4011e-07
361	2.5171e-07
361.2	2.6388e-07
361.4	2.7663e-07
361.6	2.9e-07
361.8	3.0402e-07
362	3.1353e-07
362.2	3.2291e-07
362.4	3.3256e-07
362.6	3.4251e-07
362.8	3.5275e-07
363	3.633e-07
363.2	3.7417e-07
363.4	3.8536e-07
363.6	3.9688e-07
363.8	4.0875e-07
364	4.1647e-07
364.2	4.2292e-07
364.4	4.2948e-07
364.6	4.3614e-07
364.8	4.429e-07
365	4.4977e-07
365.2	4.5674e-07
365.4	4.6382e-07
365.6	4.7101e-07
365.8	4.7831e-07
366	4.7833e-07
366.2	4.7348e-07
366.4	4.6868e-07
366.6	4.6393e-07
366.8	4.5923e-07
367	4.5457e-07
367.2	4.4996e-07
367.4	4.454e-07
367.6	4.4088e-07
367.8	4.3641e-07
368	4.3602e-07
368.2	4.407e-07
368.4	4.4543e-07
368.6	4.5021e-07
368.8	4.5504e-07
369	4.5992e-07
369.2	4.6486e-07
369.4	4.6985e-07
369.6	4.7489e-07
369.8	4.7999e-07
370	4.843e-07
370.2	4.8368e-07
370.4	4.8306e-07
370.6	4.8245e-07
370.8	4.8183e-07
371	4.8122e-07
371.2	4.806e-07
371.4	4.7999e-07
371.6	4.7938e-07
371.8	4.7877e-07
372	4.8168e-07
372.2	4.8499e-07
372.4	4.8832e-07
372.6	4.9167e-07
372.8	4.9505e-07
373	4.9845e-07
373.2	5.0187e-07
373.4	5.0532e-07
373.6	5.0878e-07
373.8	5.1228e-07
374	5.1579e-07
374.2	5.1934e-07
374.4	5.229e-07
374.6	5.3203e-07
374.8	5.4212e-07
375	5.5241e-07
375.2	5.6289e-07
375.4	5.7357e-07
375.6	5.8445e-07
375.8	5.9554e-07
376	6.0684e-07
376.2	6.1835e-07
376.4	6.2827e-07
376.6	6.3268e-07
376.8	6.3713e-07
377	6.416e-07
377.2	6.4611e-07
377.4	6.5065e-07
377.6	6.5522e-07
377.8	6.5982e-07
378	6.6446e-07
378.2	6.6912e-07
378.4	6.7472e-07
378.6	6.8957e-07
378.8	7.0475e-07
379	7.2026e-07
379.2	7.3611e-07
379.4	7.5231e-07
379.6	7.6886e-07
379.8	7.8578e-07
380	8.0308e-07
380.2	8.2075e-07
380.4	8.3881e-07
380.6	8.3405e-07
380.8	8.2786e-07
381	8.2171e-07
381.2	8.1561e-07
381.4	8.0956e-07
381.6	8.0355e-07
381.8	7.9759e-07
382	7.9167e-07
382.2	7.8579e-07
382.4	7.7996e-07
382.6	7.7417e-07
382.8	7.6842e-07
383	7.6749e-07
383.2	7.7279e-07
383.4	7.7812e-07
383.6	7.8349e-07
383.8	7.889e-07
384	7.9435e-07
384.2	7.9983e-07
384.4	8.0535e-07
384.6	8.1091e-07
384.8	8.1651e-07
385.0	9.6852e-07
385.2	4.5364e-07
385.4	2.1881e-07
385.6	3.3208e-07
385.8	5.0399e-07
386.0	7.5375e-07
386.2	1.1102e-06
386.4	1.6352e-06
386.6	1.1722e-06
386.8	8.4025e-07
387.0	9.6845e-07
387.2	1.1216e-06
387.4	1.1529e-06
387.6	1.0273e-06
387.8	9.1539e-07
388.0	1.2986e-06
388.2	1.838e-06
388.4	1.6276e-06
388.6	1.4412e-06
388.8	1.2534e-06
389.0	1.0681e-06
389.2	9.1016e-07
389.4	1.2544e-06
389.6	1.7224e-06
389.8	1.8481e-06
390.0	1.983e-06
390.2	1.8902e-06
390.4	1.5849e-06
390.6	1.329e-06
390.8	4.878e-07
391.0	1.8871e-07
391.2	3.9952e-07
391.4	8.4582e-07
391.6	1.2872e-06
391.8	1.3892e-06
392.0	1.4993e-06
392.2	1.4546e-06
392.4	1.4112e-06
392.6	1.321e-06
392.8	1.2364e-06
393.0	1.2075e-06
393.2	1.2395e-06
393.4	1.2724e-06
393.6	1.4068e-06
393.8	1.5555e-06
394.0	2.1065e-06
394.2	2.8528e-06
394.4	3.1307e-06
394.6	2.6974e-06
394.8	2.324e-06
395.0	2.8373e-06
395.2	3.4686e-06
395.4	4.6268e-06
395.6	6.1717e-06
395.8	9.3367e-06
396.0	1.6188e-05
396.2	2.8067e-05
396.4	4.461e-05
396.6	7.0975e-05
396.8	1.1871e-04
397.0	1.9855e-04
397.2	4.0504e-04
397.4	0.00102
397.6	0.00257
397.8	0.00411
398.0	0.00977
398.2	0.02661
398.4	0.07381
398.6	0.17934
398.8	0.33494
399.0	0.45998
399.2	0.53232
399.4	0.60253
399.6	0.66413
399.8	0.71517
400.0	0.76172
400.2	0.79972
400.4	0.83588
400.6	0.8585
400.8	0.87574
401.0	0.88822
401.2	0.89654
401.4	0.90198
401.6	0.90313
401.8	0.90363
402.0	0.90156
402.2	0.89934
402.4	0.89887
402.6	0.89922
402.8	0.90547
403.0	0.90934
403.2	0.92739
403.4	0.92057
403.6	0.91784
403.8	0.91063
404.0	0.90069
404.2	0.88776
404.4	0.87389
404.6	0.86364
404.8	0.84997
405.0	0.83849
405.2	0.82833
405.4	0.82039
405.6	0.81493
405.8	0.80965
406.0	0.81066
406.2	0.81098
406.4	0.81877
406.6	0.831
406.8	0.84749
407.0	0.86771
407.2	0.8898
407.4	0.91512
407.6	0.92916
407.8	0.93833
408.0	0.94213
408.2	0.9378
408.4	0.93412
408.6	0.92879
408.8	0.92665
409.0	0.92758
409.2	0.93231
409.4	0.93843
409.6	0.94444
409.8	0.94859
410.0	0.95215
410.2	0.95466
410.4	0.95501
410.6	0.95663
410.8	0.9564
411.0	0.9532
411.2	0.94041
411.4	0.91606
411.6	0.87626
411.8	0.83578
412.0	0.7956
412.2	0.76667
412.4	0.75725
412.6	0.77306
412.8	0.81077
413.0	0.8607
413.2	0.92305
413.4	0.94468
413.6	0.91232
413.8	0.84142
414.0	0.76121
414.2	0.68341
414.4	0.57371
414.6	0.41
414.8	0.23799
415.0	0.11955
415.2	0.0588
415.4	0.03037
415.6	0.01703
415.8	0.00785
416.0	0.00481
416.2	0.00303
416.4	0.00207
416.6	0.00146
416.8	0.00128
417.0	0.0011
417.2	5.4755e-04
417.4	4.1556e-04
417.6	3.1539e-04
417.8	1.3116e-04
418.0	5.4544e-05
418.2	2.7704e-05
418.4	1.7631e-05
418.6	1.1221e-05
418.8	8.3327e-06
419.0	6.2041e-06
419.2	5.4783e-06
419.4	4.8373e-06
419.6	4.4529e-06
419.8	4.2845e-06
420.0	4.1223e-06
420.2	3.6893e-06
420.4	3.3017e-06
420.6	3.4274e-06
420.8	3.5579e-06
421.0	3.6122e-06
421.2	3.5768e-06
421.4	3.5416e-06
421.6	3.3772e-06
421.8	3.2175e-06
422.0	2.9635e-06
422.2	2.7296e-06
422.4	2.7833e-06
422.6	3.1551e-06
422.8	3.5765e-06
423.0	3.5552e-06
423.2	3.5329e-06
423.4	3.2858e-06
423.6	3.0559e-06
423.8	2.8841e-06
424.0	2.7664e-06
424.2	2.6535e-06
424.4	2.5488e-06
424.6	2.4483e-06
424.8	2.4772e-06
425.0	2.5077e-06
425.2	2.4395e-06
425.4	2.2648e-06
425.6	2.1026e-06
425.8	2.1973e-06
426.0	2.2894e-06
426.2	2.0579e-06
426.4	1.8498e-06
426.6	1.5913e-06
426.8	1.3067e-06
427.0	1.0729e-06
427.2	6.9507e-07
427.4	4.5029e-07
427.6	2.3629e-07
427.8	1.24e-07
428.0	8.8427e-08
428.2	8.9125e-08
428.4	8.9829e-08
428.6	8.9746e-08
428.8	8.9664e-08
429.0	1.6687e-07
429.2	3.1353e-07
429.4	3.544e-07
429.6	2.1798e-07
429.8	1.3408e-07
430.0	2.4568e-07
430.2	4.4184e-07
430.4	2.3235e-07
430.6	1.2219e-07
430.8	1.0503e-07
431.0	1.5211e-07
431.2	2.2029e-07
431.4	1.3982e-07
431.6	8.9335e-08
431.8	2.1198e-07
432.0	5.0299e-07
432.2	6.7105e-07
432.4	4.7376e-07
432.6	3.3447e-07
432.8	1.7276e-07
433.0	8.978e-08
433.2	1.553e-07
433.4	2.6862e-07
433.6	2.3049e-07
433.8	1.4517e-07
434.0	9.184e-08
434.2	9.0256e-08
434.4	8.8699e-08
434.6	7.2256e-08
434.8	4.8418e-08
435.0	3.2445e-08
435.2	2.785e-08
435.4	2.7734e-08
435.6	2.7618e-08
435.8	2.7496e-08
436.0	2.7376e-08
436.2	4.4057e-08
436.4	1.0263e-07
436.6	1.1868e-07
436.8	5.8313e-08
437.0	2.8652e-08
437.2	2.7049e-08
437.4	2.7027e-08
437.6	2.7032e-08
437.8	2.708e-08
438.0	2.7122e-08
438.2	2.715e-08
438.4	2.7179e-08
438.6	2.7219e-08
438.8	2.7261e-08
439.0	2.7304e-08
439.2	2.7352e-08
439.4	2.7394e-08
439.6	2.7394e-08
439.8	2.7393e-08
440.0	2.7395e-08
440.2	2.7399e-08
440.4	2.8673e-08
440.6	4.8889e-08
440.8	8.1764e-08
441.0	5.3075e-08
441.2	3.4452e-08
441.4	2.7693e-08
441.6	2.7804e-08
441.8	2.7916e-08
442.0	2.8047e-08
442.2	2.8178e-08
442.4	2.826e-08
442.6	2.8334e-08
442.8	2.8373e-08
443.0	2.8339e-08
443.2	2.8305e-08
443.4	3.6886e-08
443.6	5.1481e-08
443.8	4.5525e-08
444.0	3.4294e-08
444.2	3.337e-08
444.4	8.5053e-08
444.6	2.1678e-07
444.8	1.3408e-07
445.0	4.2592e-08
445.2	2.5853e-08
445.4	2.5576e-08
445.6	2.5304e-08
445.8	2.5083e-08
446.0	2.4864e-08
446.2	2.4699e-08
446.4	2.4584e-08
446.6	3.064e-08
446.8	5.278e-08
447.0	9.0918e-08
447.2	9.6868e-08
447.4	9.6664e-08
447.6	7.6671e-08
447.8	3.9703e-08
448.0	2.7635e-08
448.2	4.7857e-08
448.4	8.2876e-08
448.6	6.5652e-08
448.8	3.8078e-08
449.0	2.4452e-08
449.2	2.4587e-08
449.4	2.6044e-08
449.6	4.0415e-08
449.8	6.2716e-08
450.0	5.7941e-08
450.2	3.7608e-08
450.4	2.6208e-08
450.6	5.0743e-08
450.8	9.8247e-08
451.0	1.2341e-07
451.2	1.5296e-07
451.4	1.5571e-07
451.6	1.2338e-07
451.8	9.7756e-08
452.0	7.008e-08
452.2	4.9775e-08
452.4	3.6976e-08
452.6	2.7749e-08
452.8	2.2538e-08
453.0	2.2321e-08
453.2	2.2106e-08
453.4	4.8407e-08
453.6	1.3713e-07
453.8	1.109e-07
454.0	4.6342e-08
454.2	2.169e-08
454.4	2.1685e-08
454.6	2.168e-08
454.8	4.0663e-08
455.0	1.1602e-07
455.2	1.2553e-07
455.4	5.2512e-08
455.6	2.1966e-08
455.8	2.1412e-08
456.0	2.133e-08
456.2	2.6906e-08
456.4	4.5295e-08
456.6	5.4858e-08
456.8	3.5557e-08
457.0	2.3046e-08
457.2	2.6819e-08
457.4	3.5487e-08
457.6	3.944e-08
457.8	2.8597e-08
458.0	2.4071e-08
458.2	3.7507e-08
458.4	5.8443e-08
458.6	5.0731e-08
458.8	3.3012e-08
459.0	2.2811e-08
459.2	2.28e-08
459.4	2.2779e-08
459.6	2.2566e-08
459.8	2.2356e-08
460	7.2373e-08
460.2	3.303e-08
460.4	2.0092e-08
460.6	1.9936e-08
460.8	1.978e-08
461	1.9729e-08
461.2	1.9696e-08
461.4	1.9692e-08
461.6	1.9697e-08
461.8	2.0984e-08
462	2.7603e-08
462.2	3.631e-08
462.4	3.1253e-08
462.6	2.2428e-08
462.8	1.962e-08
463	1.9533e-08
463.2	1.9448e-08
463.4	1.9383e-08
463.6	1.9319e-08
463.8	2.7871e-08
464	5.4092e-08
464.2	7.7219e-08
464.4	7.7418e-08
464.6	7.7618e-08
464.8	9.083e-08
465	1.0735e-07
465.2	8.3213e-08
465.4	3.5598e-08
465.6	1.9996e-08
465.8	2.0036e-08
466	2.0076e-08
466.2	2.0001e-08
466.4	1.9897e-08
466.6	1.9771e-08
466.8	1.9585e-08
467	1.9382e-08
467.2	1.91e-08
467.4	1.8822e-08
467.6	2.6564e-08
467.8	4.5491e-08
468	7.5455e-08
468.2	1.0007e-07
468.4	1.3084e-07
468.6	1.1563e-07
468.8	1.0218e-07
469	1.1466e-07
469.2	1.6185e-07
469.4	2.2847e-07
469.6	1.9959e-07
469.8	1.7308e-07
470	1.373e-07
470.2	1.0829e-07
470.4	7.2183e-08
470.6	3.7956e-08
470.8	1.9958e-08
471	6.1887e-08
471.2	2.3896e-07
471.4	1.462e-07
471.6	6.3794e-08
471.8	4.445e-08
472	8.3728e-08
472.2	1.5771e-07
472.4	1.7925e-07
472.6	1.7885e-07
472.8	1.4512e-07
473	1.0991e-07
473.2	9.0039e-08
473.4	9.6646e-08
473.6	1.0374e-07
473.8	1.3721e-07
474	1.9846e-07
474.2	2.2394e-07
474.4	2.1631e-07
474.6	2.1539e-07
474.8	2.9158e-07
475	3.9472e-07
475.2	4.7605e-07
475.4	5.2527e-07
475.6	6.4861e-07
475.8	8.9046e-07
476	1.2225e-06
476.2	1.8768e-06
476.4	2.8845e-06
476.6	4.7947e-06
476.8	8.7216e-06
477	1.4114e-05
477.2	2.4441e-05
477.4	4.3844e-05
477.6	8.0897e-05
477.8	0.00015747
478	0.00032308
478.2	0.00070098
478.4	0.00144
478.6	0.00293
478.8	0.00587
479	0.01091
479.2	0.01879
479.4	0.03047
479.6	0.04771
479.8	0.07187
480	0.10867
480.2	0.15386
480.4	0.19524
480.6	0.22115
480.8	0.23281
481	0.23921
481.2	0.25002
481.4	0.27108
481.6	0.30553
481.8	0.35694
482	0.42897
482.2	0.52172
482.4	0.63233
482.6	0.7543
482.8	0.85656
483	0.92624
483.2	0.96
483.4	0.96678
483.6	0.95891
483.8	0.94821
484	0.94258
484.2	0.9407
484.4	0.94495
484.6	0.95312
484.8	0.96324
485	0.97229
485.2	0.97942
485.4	0.98445
485.6	0.98354
485.8	0.98165
486	0.97829
486.2	0.97375
486.4	0.97042
486.6	0.96687
486.8	0.96372
487	0.95995
487.2	0.95521
487.4	0.94885
487.6	0.93919
487.8	0.92678
488	0.91162
488.2	0.89682
488.4	0.8821
488.6	0.86758
488.8	0.85719
489	0.84959
489.2	0.84626
489.4	0.8491
489.6	0.85536
489.8	0.86691
490	0.88197
490.2	0.90065
490.4	0.92045
490.6	0.93934
490.8	0.95676
491	0.97117
491.2	0.98111
491.4	0.98566
491.6	0.98476
491.8	0.98032
492	0.97283
492.2	0.96528
492.4	0.95666
492.6	0.94875
492.8	0.94275
493	0.93954
493.2	0.93835
493.4	0.93736
493.6	0.93812
493.8	0.93809
494	0.93761
494.2	0.93645
494.4	0.93268
494.6	0.9274
494.8	0.92117
495	0.91298
495.2	0.9045
495.4	0.89473
495.6	0.88541
495.8	0.87657
496	0.8693
496.2	0.86236
496.4	0.85667
496.6	0.85187
496.8	0.84876
497	0.84722
497.2	0.84574
497.4	0.8467
497.6	0.84976
497.8	0.85394
498	0.86107
498.2	0.87217
498.4	0.8829
498.6	0.89579
498.8	0.9093
499	0.92375
499.2	0.93792
499.4	0.95039
499.6	0.96108
499.8	0.96754
500	0.97141
500.2	0.97185
500.4	0.96999
500.6	0.96699
500.8	0.96355
501	0.96151
501.2	0.95998
501.4	0.96131
501.6	0.96443
501.8	0.96859
502	0.97281
502.2	0.97486
502.4	0.97394
502.6	0.96863
502.8	0.95983
503	0.94858
503.2	0.9371
503.4	0.92783
503.6	0.92269
503.8	0.9252
504	0.93511
504.2	0.94819
504.4	0.95897
504.6	0.95555
504.8	0.92435
505	0.85833
505.2	0.7621
505.4	0.63723
505.6	0.53055
505.8	0.44051
506	0.37056
506.2	0.32018
506.4	0.28717
506.6	0.26845
506.8	0.26201
507	0.26962
507.2	0.29108
507.4	0.32481
507.6	0.3569
507.8	0.35724
508	0.30536
508.2	0.22624
508.4	0.15371
508.6	0.10331
508.8	0.07082
509	0.04911
509.2	0.0332
509.4	0.02129
509.6	0.01171
509.8	0.0063
510	0.00331
510.2	0.00173
510.4	0.00093986
510.6	0.00053403
510.8	0.00030658
511	0.00015459
511.2	9.0339e-05
511.4	5.5599e-05
511.6	3.4452e-05
511.8	2.1817e-05
512	1.4356e-05
512.2	9.5137e-06
512.4	6.3168e-06
512.6	4.2084e-06
512.8	3.0266e-06
513	2.0643e-06
513.2	1.509e-06
513.4	1.0035e-06
513.6	8.1858e-07
513.8	6.7287e-07
514	4.965e-07
514.2	4.04e-07
514.4	3.7679e-07
514.6	3.7175e-07
514.8	3.1197e-07
515	2.2578e-07
515.2	1.7789e-07
515.4	1.5994e-07
515.6	9.6658e-08
515.8	1.3259e-07
516	1.5952e-07
516.2	1.8339e-07
516.4	1.8863e-07
516.6	1.9322e-07
516.8	1.2658e-07
517	5.8405e-08
517.2	1.0284e-07
517.4	1.5383e-07
517.6	1.4499e-07
517.8	1.1255e-07
518	9.9348e-08
518.2	9.2833e-08
518.4	1.0478e-07
518.6	8.1256e-08
518.8	7.4985e-08
519	7.9863e-08
519.2	8.6323e-08
519.4	7.6472e-08
519.6	9.9801e-08
519.8	7.6175e-08
520	8.4602e-08
520.2	5.0046e-08
520.4	4.7109e-08
520.6	1.1805e-07
520.8	5.2973e-08
521	3.393e-08
521.2	1.2084e-07
521.4	2.9861e-08
521.6	3.0796e-08
521.8	7.1226e-08
522	7.0228e-08
522.2	6.5098e-08
522.4	9.9899e-08
522.6	8.0437e-08
522.8	5.4474e-08
523	3.2791e-08
523.2	6.0409e-08
523.4	9.7795e-08
523.6	7.4117e-08
523.8	4.1678e-08
524	4.156e-08
524.2	3.3229e-08
524.4	2.1927e-08
524.6	5.3842e-08
524.8	1.2288e-07
525	7.5849e-08
525.2	1.8267e-07
525.4	1.2509e-07
525.6	3.4571e-08
525.8	3.1978e-08
526	1.435e-07
526.2	7.1206e-08
526.4	4.6188e-08
526.6	1.1291e-08
526.8	3.2681e-08
527	3.7764e-08
527.2	1.292e-08
527.4	2.6623e-08
527.6	8.7201e-08
527.8	6.5605e-08
528	5.3758e-08
528.2	1.9752e-08
528.4	4.1416e-08
528.6	1.1244e-07
528.8	7.8264e-08
529	7.8127e-08
529.2	6.974e-08
529.4	6.5498e-08
529.6	6.488e-08
529.8	8.8806e-08
530	1.0254e-07
530.2	5.2416e-08
530.4	7.2019e-08
530.6	4.0601e-08
530.8	7.849e-08
531	5.5858e-08
531.2	5.3593e-08
531.4	8.5627e-08
531.6	7.5578e-08
531.8	4.3461e-08
532	5.2929e-08
532.2	3.2336e-08
532.4	5.0823e-08
532.6	8.2442e-08
532.8	7.9381e-08
533	1.0944e-07
533.2	6.0879e-08
533.4	5.9562e-08
533.6	4.9301e-08
533.8	2.0202e-08
534	1.171e-08
534.2	4.0322e-08
534.4	7.0936e-08
534.6	6.5461e-08
534.8	5.4875e-08
535	4.1898e-08
535.2	4.6925e-08
535.4	4.7694e-08
535.6	2.5076e-08
535.8	3.4502e-08
536	4.399e-08
536.2	5.385e-08
536.4	5.9584e-08
536.6	7.9076e-08
536.8	8.7659e-08
537	4.6227e-08
537.2	2.6526e-08
537.4	5.3299e-08
537.6	6.5024e-08
537.8	8.3243e-08
538	7.8727e-08
538.2	5.1186e-08
538.4	2.6599e-08
538.6	1.5139e-08
538.8	9.9964e-09
539	2.6351e-08
539.2	6.5745e-08
539.4	4.7172e-08
539.6	2.7344e-08
539.8	5.6676e-08
540	8.3795e-08
540.2	5.4674e-08
540.4	4.8313e-08
540.6	8.1802e-08
540.8	9.7325e-08
541	9.866e-08
541.2	6.1662e-08
541.4	4.9701e-08
541.6	2.3329e-08
541.8	1.7938e-08
542	2.5217e-08
542.2	1.6025e-08
542.4	3.6249e-08
542.6	5.4292e-08
542.8	1.897e-08
543	3.2982e-08
543.2	9.1702e-08
543.4	6.3198e-08
543.6	3.2174e-08
543.8	1.2286e-08
544	5.1158e-08
544.2	4.381e-08
544.4	3.4007e-08
544.6	3.5196e-08
544.8	3.7352e-08
545	4.1305e-08
545.2	8.9908e-08
545.4	7.2217e-08
545.6	2.3774e-08
545.8	2.0885e-08
546	5.9626e-08
546.2	6.1688e-08
546.4	3.9634e-08
546.6	7.7713e-08
546.8	1.1196e-07
547	8.7713e-08
547.2	5.2343e-08
547.4	3.5023e-08
547.6	4.313e-08
547.8	5.2425e-08
548	3.4801e-08
548.2	6.8222e-08
548.4	4.3408e-08
548.6	2.2284e-08
548.8	2.4452e-08
549	4.6569e-08
549.2	6.7543e-08
549.4	7.6265e-08
549.6	8.5081e-08
549.8	6.4389e-08
550	5.4993e-08
550.2	9.5355e-08
550.4	4.9483e-08
550.6	4.3875e-08
550.8	3.4899e-08
551	5.2203e-08
551.2	8.7237e-08
551.4	1.2497e-07
551.6	1.3217e-07
551.8	1.0026e-07
552	7.9143e-08
552.2	6.3891e-08
552.4	6.5694e-08
552.6	8.1074e-08
552.8	1.0274e-07
553	1.2264e-07
553.2	1.1714e-07
553.4	1.3123e-07
553.6	1.0543e-07
553.8	1.0434e-07
554	1.1292e-07
554.2	1.245e-07
554.4	1.506e-07
554.6	2.0227e-07
554.8	1.6548e-07
555	2.3052e-07
555.2	2.7084e-07
555.4	2.8409e-07
555.6	3.0314e-07
555.8	3.8925e-07
556	5.3268e-07
556.2	7.6231e-07
556.4	9.3403e-07
556.6	1.1236e-06
556.8	1.3001e-06
557	1.7494e-06
557.2	2.2327e-06
557.4	3.0774e-06
557.6	4.2235e-06
557.8	5.6469e-06
558	7.5608e-06
558.2	1.0148e-05
558.4	1.3704e-05
558.6	1.857e-05
558.8	2.6479e-05
559	3.652e-05
559.2	5.1647e-05
559.4	7.2303e-05
559.6	0.00010258
559.8	0.00014737
560	0.0002137
560.2	0.00030978
560.4	0.00044486
560.6	0.00064652
560.8	0.00094516
561	0.00138
561.2	0.00201
561.4	0.0029
561.6	0.00412
561.8	0.00551
562	0.00756
562.2	0.01021
562.4	0.01352
562.6	0.01766
562.8	0.02277
563	0.02914
563.2	0.03437
563.4	0.04357
563.6	0.05518
563.8	0.06991
564	0.08859
564.2	0.11231
564.4	0.14183
564.6	0.18227
564.8	0.2278
565	0.28181
565.2	0.34411
565.4	0.41351
565.6	0.48682
565.8	0.56133
566	0.63267
566.2	0.69865
566.4	0.75569
566.6	0.80329
566.8	0.83908
567	0.86507
567.2	0.88369
567.4	0.89479
567.6	0.90041
567.8	0.90318
568	0.90152
568.2	0.8993
568.4	0.89538
568.6	0.89148
568.8	0.88729
569	0.88347
569.2	0.88017
569.4	0.87784
569.6	0.87689
569.8	0.87699
570	0.87915
570.2	0.88153
570.4	0.88566
570.6	0.89152
570.8	0.89881
571	0.90725
571.2	0.91621
571.4	0.92537
571.6	0.93601
571.8	0.94566
572	0.95573
572.2	0.96405
572.4	0.97166
572.6	0.97766
572.8	0.98221
573	0.98497
573.2	0.98647
573.4	0.98658
573.6	0.98545
573.8	0.9822
574	0.97953
574.2	0.97614
574.4	0.97255
574.6	0.9694
574.8	0.96672
575	0.96439
575.2	0.96254
575.4	0.96172
575.6	0.96108
575.8	0.9616
576	0.96339
576.2	0.96513
576.4	0.96785
576.6	0.97091
576.8	0.97369
577	0.97574
577.2	0.97918
577.4	0.98176
577.6	0.98436
577.8	0.98693
578	0.98885
578.2	0.99022
578.4	0.99178
578.6	0.99247
578.8	0.99382
579	0.99453
579.2	0.99444
579.4	0.99504
579.6	0.99516
579.8	0.99471
580	0.99326
580.2	0.99176
580.4	0.98931
580.6	0.98683
580.8	0.98317
581	0.97904
581.2	0.97372
581.4	0.96854
581.6	0.9632
581.8	0.95766
582	0.95264
582.2	0.94727
582.4	0.94261
582.6	0.93858
582.8	0.93541
583	0.93291
583.2	0.93074
583.4	0.92997
583.6	0.92925
583.8	0.92839
584	0.92761
584.2	0.92612
584.4	0.92373
584.6	0.9201
584.8	0.91587
585	0.91164
585.2	0.90608
585.4	0.9009
585.6	0.8968
585.8	0.89415
586	0.89432
586.2	0.89748
586.4	0.90327
586.6	0.91209
586.8	0.92326
587	0.93544
587.2	0.9446
587.4	0.94925
587.6	0.94568
587.8	0.93036
588	0.90337
588.2	0.86619
588.4	0.82242
588.6	0.77681
588.8	0.73716
589	0.70378
589.2	0.67252
589.4	0.63078
589.6	0.55665
589.8	0.44056
590	0.29073
590.2	0.17619
590.4	0.10052
590.6	0.05659
590.8	0.03229
591	0.01901
591.2	0.01158
591.4	0.00722
591.6	0.00454
591.8	0.0029
592	0.00189
592.2	0.00127
592.4	0.00086688
592.6	0.00059602
592.8	0.00039353
593	0.00027885
593.2	0.00019874
593.4	0.0001425
593.6	0.00010399
593.8	7.6797e-05
594	5.7629e-05
594.2	4.2939e-05
594.4	3.2658e-05
594.6	2.4802e-05
594.8	1.8842e-05
595	1.4412e-05
595.2	1.135e-05
595.4	8.7901e-06
595.6	6.6867e-06
595.8	5.3116e-06
596	4.3212e-06
596.2	3.3292e-06
596.4	2.7366e-06
596.6	2.2049e-06
596.8	1.7133e-06
597	1.3153e-06
597.2	1.0143e-06
597.4	7.6813e-07
597.6	6.4318e-07
597.8	4.9813e-07
598	4.0317e-07
598.2	3.0112e-07
598.4	2.0585e-07
598.6	1.592e-07
598.8	1.2546e-07
599	1.4157e-07
599.2	8.9986e-08
599.4	4.8132e-08
599.6	4.5651e-08
599.8	5.0626e-08
600	1.8168e-08
600.2	1.0293e-07
600.4	8.5965e-08
600.6	1.2398e-07
600.8	1.1189e-07
601	7.8522e-08
601.2	1.0179e-07
601.4	1.0559e-07
601.6	5.2649e-08
601.8	6.061e-08
602	2.1678e-08
602.2	1.608e-08
602.4	3.7534e-08
602.6	6.7301e-08
602.8	5.3099e-08
603	2.2015e-08
603.2	3.5291e-08
603.4	5.2282e-08
603.6	5.8726e-08
603.8	5.3911e-08
604	6.428e-08
604.2	7.1834e-08
604.4	6.3364e-08
604.6	3.8143e-08
604.8	1.7807e-08
605	1.702e-08
605.2	5.0139e-08
605.4	3.8058e-08
605.6	2.2172e-08
605.8	4.5994e-08
606	1.7576e-08
606.2	2.1903e-08
606.4	5.6412e-08
606.6	7.0156e-08
606.8	4.9692e-08
607	5.2646e-08
607.2	8.4195e-08
607.4	7.221e-08
607.6	4.6181e-08
607.8	4.0608e-08
608	1.0066e-07
608.2	3.9667e-08
608.4	1.0971e-08
608.6	5.7778e-08
608.8	4.5283e-08
609	1.9687e-08
609.2	1.0404e-08
609.4	1.0706e-08
609.6	4.2839e-08
609.8	2.1473e-08
610	1.2236e-08
610.2	1.9707e-08
610.4	3.1387e-08
610.6	2.9278e-08
610.8	2.1168e-08
611	2.4276e-08
611.2	9.0721e-09
611.4	2.9169e-08
611.6	4.7305e-08
611.8	3.3795e-08
612	1.6382e-08
612.2	8.3402e-09
612.4	1.4018e-08
612.6	1.1063e-08
612.8	3.6009e-08
613	3.6906e-08
613.2	3.3114e-08
613.4	9.4564e-08
613.6	3.6101e-08
613.8	3.3691e-08
614	1.337e-08
614.2	2.1092e-08
614.4	3.9258e-08
614.6	4.6435e-08
614.8	3.036e-08
615	1.2603e-08
615.2	2.097e-08
615.4	6.2432e-08
615.6	6.3476e-08
615.8	4.8009e-08
616	3.2089e-08
616.2	1.0562e-08
616.4	2.4936e-08
616.6	3.9539e-08
616.8	2.6308e-08
617	3.8259e-08
617.2	4.2795e-08
617.4	1.8843e-08
617.6	1.082e-08
617.8	1.0404e-08
618	3.5428e-08
618.2	4.0384e-08
618.4	1.737e-08
618.6	1.0414e-08
618.8	1.3261e-08
619	5.5588e-08
619.2	2.7764e-08
619.4	1.7377e-08
619.6	1.2216e-08
619.8	2.5173e-08
620	3.7114e-08
620.2	1.0413e-08
620.4	1.0403e-08
620.6	1.675e-08
620.8	2.8666e-08
621	4.4467e-08
621.2	6.7913e-08
621.4	7.2455e-08
621.6	3.1783e-08
621.8	4.0005e-08
622	2.686e-08
622.2	3.5899e-08
622.4	2.5039e-08
622.6	1.05e-08
622.8	1.289e-08
623	3.1005e-08
623.2	1.3227e-08
623.4	3.5564e-08
623.6	4.8268e-08
623.8	4.6852e-08
624	8.5804e-08
624.2	5.1989e-08
624.4	1.0938e-08
624.6	1.0422e-08
624.8	1.0396e-08
625	1.753e-08
625.2	4.9195e-08
625.4	9.7346e-08
625.6	1.1898e-07
625.8	5.5315e-08
626	1.5939e-08
626.2	2.6429e-08
626.4	3.4921e-08
626.6	1.2714e-08
626.8	1.3918e-08
627	3.0727e-08
627.2	3.0698e-08
627.4	2.3315e-08
627.6	2.4772e-08
627.8	3.3734e-08
628	2.7215e-08
628.2	1.3252e-08
628.4	3.0382e-08
628.6	2.1937e-08
628.8	1.3216e-08
629	1.0251e-08
629.2	1.0769e-08
629.4	1.5342e-08
629.6	3.0975e-08
629.8	3.0972e-08
630	1.3093e-08
630.2	1.0333e-08
630.4	1.0343e-08
630.6	1.2403e-08
630.8	1.972e-08
631	1.3353e-08
631.2	4.0409e-08
631.4	4.9451e-08
631.6	2.0426e-08
631.8	1.0392e-08
632	1.0626e-08
632.2	1.2652e-08
632.4	2.2045e-08
632.6	3.0438e-08
632.8	2.315e-08
633	2.5829e-08
633.2	2.7176e-08
633.4	2.1628e-08
633.6	2.3171e-08
633.8	1.5602e-08
634	1.5577e-08
634.2	1.5548e-08
634.4	1.5548e-08
634.6	5.3939e-08
634.8	1.8831e-08
635	2.4941e-08
635.2	3.8712e-08
635.4	1.2791e-08
635.6	1.0421e-08
635.8	1.0413e-08
636	1.0404e-08
636.2	1.0453e-08
636.4	1.1229e-08
636.6	1.8498e-08
636.8	3.9249e-08
637	2.8692e-08
637.2	8.9258e-09
637.4	7.8491e-09
637.6	9.6094e-09
637.8	2.3628e-08
638	1.0844e-08
638.2	1.0479e-08
638.4	1.0457e-08
638.6	1.0442e-08
638.8	1.0429e-08
639	1.0431e-08
639.2	1.5308e-08
639.4	5.5353e-08
639.6	7.0001e-08
639.8	5.413e-08
640	2.6225e-08
640.2	1.1927e-08
640.4	2.8704e-08
640.6	1.3585e-08
640.8	1.0526e-08
641	1.0293e-08
641.2	2.0289e-08
641.4	3.7633e-08
641.6	2.7701e-08
641.8	1.1443e-08
642	1.925e-08
642.2	1.1801e-08
642.4	2.0985e-08
642.6	3.056e-08
642.8	4.0429e-08
643	8.0858e-08
643.2	1.3847e-08
643.4	3.8603e-08
643.6	1.5372e-08
643.8	2.0116e-08
644	1.9393e-08
644.2	1.0198e-08
644.4	1.0187e-08
644.6	1.0206e-08
644.8	1.028e-08
645	1.0287e-08
645.2	2.9532e-08
645.4	3.6607e-08
645.6	1.0199e-08
645.8	1.0185e-08
646	1.7099e-08
646.2	2.5055e-08
646.4	1.469e-08
646.6	1.023e-08
646.8	1.5626e-08
647	4.2528e-08
647.2	5.8643e-08
647.4	3.7183e-08
647.6	3.2704e-08
647.8	6.0434e-08
648	2.2108e-08
648.2	1.5112e-08
648.4	1.5082e-08
648.6	1.5076e-08
648.8	1.5056e-08
649	2.3676e-08
649.2	1.8806e-08
649.4	1.3522e-08
649.6	1.691e-08
649.8	1.0397e-08
650	2.5022e-08
650.2	1.4757e-08
650.4	2.2314e-08
650.6	2.1459e-08
650.8	9.9532e-09
651	1.3256e-08
651.2	3.9649e-08
651.4	3.15e-08
651.6	1.5298e-08
651.8	1.2529e-08
652	2.139e-08
652.2	1.9944e-08
652.4	1.0019e-08
652.6	1.0026e-08
652.8	1.0044e-08
653	1.8996e-08
653.2	2.6097e-08
653.4	3.0433e-08
653.6	3.0395e-08
653.8	3.0379e-08
654	1.9838e-08
654.2	1.5177e-08
654.4	1.5472e-08
654.6	3.6578e-08
654.8	2.453e-08
655	3.2585e-08
655.2	1.0714e-08
655.4	1.8693e-08
655.6	4.2896e-08
655.8	2.5762e-08
656	1.5342e-08
656.2	2.4209e-08
656.4	1.0174e-08
656.6	1.0138e-08
656.8	1.01e-08
657	1.0094e-08
657.2	1.3779e-08
657.4	1.6782e-08
657.6	1.0652e-08
657.8	1.2758e-08
658	3.0691e-08
658.2	6.0481e-08
658.4	2.132e-08
658.6	1.0097e-08
658.8	1.3255e-08
659	3.5758e-08
659.2	8.5843e-08
659.4	1.1899e-07
659.6	1.8732e-08
659.8	1.8605e-08
660	3.0385e-08
660.2	3.122e-08
660.4	3.4319e-08
660.6	2.9103e-08
660.8	2.1032e-08
661	3.9754e-08
661.2	2.174e-08
661.4	1.0221e-08
661.6	1.0245e-08
661.8	1.0291e-08
662	1.0301e-08
662.2	1.0307e-08
662.4	1.6385e-08
662.6	3.4559e-08
662.8	5.5392e-08
663	3.9666e-08
663.2	2.7564e-08
663.4	5.7437e-08
663.6	1.3605e-08
663.8	3.9759e-08
664	5.3051e-08
664.2	2.3401e-08
664.4	1.029e-08
664.6	1.0315e-08
664.8	1.0309e-08
665	4.7534e-08
665.2	7.1817e-08
665.4	3.3632e-08
665.6	1.3956e-08
665.8	5.0488e-08
666	2.7255e-08
666.2	1.071e-08
666.4	3.483e-08
666.6	3.8216e-08
666.8	2.0465e-08
667	1.0188e-08
667.2	1.0186e-08
667.4	1.2743e-08
667.6	3.5759e-08
667.8	1.5335e-08
668	2.9483e-08
668.2	4.2679e-08
668.4	1.0203e-08
668.6	1.0212e-08
668.8	1.0244e-08
669	1.0277e-08
669.2	3.5238e-08
669.4	2.5759e-08
669.6	1.0287e-08
669.8	1.0294e-08
670	1.0296e-08
670.2	2.3863e-08
670.4	3.8041e-08
670.6	2.6351e-08
670.8	4.1957e-08
671	4.4574e-08
671.2	2.4983e-08
671.4	2.2183e-08
671.6	4.3442e-08
671.8	6.5824e-08
672	2.31e-08
672.2	1.0354e-08
672.4	1.4592e-08
672.6	6.1076e-08
672.8	2.5848e-08
673	1.512e-08
673.2	2.4323e-08
673.4	1.6559e-08
673.6	1.0327e-08
673.8	1.164e-08
674	2.0293e-08
674.2	3.5316e-08
674.4	5.0967e-08
674.6	5.9835e-08
674.8	5.5994e-08
675	3.0367e-08
675.2	1.0238e-08
675.4	1.0236e-08
675.6	1.0224e-08
675.8	1.1955e-08
676	2.5811e-08
676.2	2.1236e-08
676.4	1.0246e-08
676.6	1.1754e-08
676.8	4.9608e-08
677	1.8122e-08
677.2	1.6288e-08
677.4	1.4914e-08
677.6	2.2127e-08
677.8	4.8253e-08
678	2.0305e-08
678.2	1.1624e-08
678.4	1.0366e-08
678.6	1.4359e-08
678.8	1.4264e-08
679	1.061e-08
679.2	1.4234e-08
679.4	4.191e-08
679.6	2.4038e-08
679.8	2.1201e-08
680	2.6823e-08
680.2	2.0039e-08
680.4	1.5947e-08
680.6	3.3419e-08
680.8	4.2119e-08
681	1.4387e-08
681.2	1.06e-08
681.4	1.2323e-08
681.6	1.2984e-08
681.8	1.0636e-08
682	1.0627e-08
682.2	1.0604e-08
682.4	1.0621e-08
682.6	1.9188e-08
682.8	2.9313e-08
683	1.8851e-08
683.2	1.0616e-08
683.4	1.1321e-08
683.6	1.9721e-08
683.8	1.3133e-08
684	1.0636e-08
684.2	1.3795e-08
684.4	2.7949e-08
684.6	2.4274e-08
684.8	9.2012e-09
685	1.1423e-08
685.2	1.4739e-08
685.4	9.7176e-09
685.6	1.4008e-08
685.8	4.1561e-08
686	1.5982e-08
686.2	2.3051e-08
686.4	3.3297e-08
686.6	1.6006e-08
686.8	1.6027e-08
687	1.589e-08
687.2	1.5761e-08
687.4	2.2695e-08
687.6	2.9885e-08
687.8	2.6507e-08
688	1.8559e-08
688.2	1.07e-08
688.4	1.0706e-08
688.6	3.2079e-08
688.8	1.07e-08
689	1.0702e-08
689.2	6.6436e-10
689.4	6.6453e-10
689.6	6.647e-10
689.8	6.6488e-10
690	6.6505e-10
690.2	6.6522e-10
690.4	6.6539e-10
690.6	6.6556e-10
690.8	6.6573e-10
691	6.659e-10
691.2	7.6579e-10
691.4	9.1707e-10
691.6	1.0982e-09
691.8	1.3152e-09
692	1.575e-09
692.2	1.8861e-09
692.4	2.2587e-09
692.6	2.7049e-09
692.8	3.2393e-09
693	3.8792e-09
693.2	4.3924e-09
693.4	4.9086e-09
693.6	5.4855e-09
693.8	6.1302e-09
694	6.8507e-09
694.2	7.6558e-09
694.4	8.5555e-09
694.6	9.561e-09
694.8	1.0685e-08
695	1.194e-08
695.2	9.4963e-09
695.4	7.1124e-09
695.6	5.327e-09
695.8	3.9897e-09
696	2.9882e-09
696.2	2.2381e-09
696.4	1.6762e-09
696.6	1.2554e-09
696.8	9.4029e-10
697	7.0425e-10
697.2	8.7946e-10
697.4	1.1699e-09
697.6	1.5563e-09
697.8	2.0702e-09
698	2.7539e-09
698.2	3.6634e-09
698.4	4.8732e-09
698.6	6.4826e-09
698.8	8.6234e-09
699	1.1471e-08
699.2	9.358e-09
699.4	7.0499e-09
699.6	5.3111e-09
699.8	4.0011e-09
700	3.0143e-09
700.2	2.2708e-09
700.4	1.7107e-09
700.6	1.2888e-09
700.8	9.7092e-10
701	7.3144e-10
701.2	7.7258e-10
701.4	9.0792e-10
701.6	1.067e-09
701.8	1.2539e-09
702	1.4735e-09
702.2	1.7317e-09
702.4	2.035e-09
702.6	2.3916e-09
702.8	2.8105e-09
703	3.3029e-09
703.2	2.9919e-09
703.4	2.5445e-09
703.6	2.1641e-09
703.8	1.8405e-09
704	1.5653e-09
704.2	1.3313e-09
704.4	1.1322e-09
704.6	9.6294e-10
704.8	8.1897e-10
705	6.9652e-10
705.2	6.7978e-10
705.4	6.7976e-10
705.6	6.7974e-10
705.8	6.7972e-10
706	6.797e-10
706.2	6.7968e-10
706.4	6.7966e-10
706.6	6.7964e-10
706.8	6.7961e-10
707	6.7959e-10
707.2	8.1781e-10
707.4	1.0046e-09
707.6	1.234e-09
707.8	1.5159e-09
708	1.8621e-09
708.2	2.2873e-09
708.4	2.8097e-09
708.6	3.4515e-09
708.8	4.2397e-09
709	5.208e-09
709.2	4.5277e-09
709.4	3.6854e-09
709.6	2.9998e-09
709.8	2.4417e-09
710	1.9875e-09
710.2	1.6177e-09
710.4	1.3168e-09
710.6	1.0718e-09
710.8	8.7242e-10
711	7.1012e-10
711.2	6.7212e-10
711.4	6.7266e-10
711.6	6.732e-10
711.8	6.7375e-10
712	6.7429e-10
712.2	6.7483e-10
712.4	6.7537e-10
712.6	6.7592e-10
712.8	6.7646e-10
713	6.77e-10
713.2	6.776e-10
713.4	6.7821e-10
713.6	6.7882e-10
713.8	6.7943e-10
714	6.8005e-10
714.2	6.8066e-10
714.4	6.8127e-10
714.6	6.8189e-10
714.8	6.825e-10
715	6.8312e-10
715.2	6.8375e-10
715.4	6.844e-10
715.6	6.8504e-10
715.8	6.8568e-10
716	6.8632e-10
716.2	6.8697e-10
716.4	6.8761e-10
716.6	6.8826e-10
716.8	6.8891e-10
717	6.8955e-10
717.2	8.9789e-10
717.4	1.2098e-09
717.6	1.6302e-09
717.8	2.1965e-09
718	2.9596e-09
718.2	3.9879e-09
718.4	5.3733e-09
718.6	7.2402e-09
718.8	9.7555e-09
719	1.3145e-08
719.2	1.2835e-08
719.4	1.1732e-08
719.6	1.0724e-08
719.8	9.8023e-09
720	8.96e-09
720.2	8.1901e-09
720.4	7.4864e-09
720.6	6.8431e-09
720.8	6.2551e-09
721	5.7176e-09
721.2	4.8016e-09
721.4	3.9015e-09
721.6	3.1701e-09
721.8	2.5759e-09
722	2.093e-09
722.2	1.7007e-09
722.4	1.3819e-09
722.6	1.1228e-09
722.8	9.1235e-10
723	7.4133e-10
723.2	7.0809e-10
723.4	7.0886e-10
723.6	7.0963e-10
723.8	7.1041e-10
724	7.1118e-10
724.2	7.1195e-10
724.4	7.1273e-10
724.6	7.135e-10
724.8	7.1428e-10
725	7.1505e-10
725.2	7.1609e-10
725.4	7.1718e-10
725.6	7.1827e-10
725.8	7.1937e-10
726	7.2046e-10
726.2	7.2156e-10
726.4	7.2266e-10
726.6	7.2376e-10
726.8	7.2486e-10
727	7.2596e-10
727.2	7.2658e-10
727.4	7.2713e-10
727.6	7.2769e-10
727.8	7.2825e-10
728	7.288e-10
728.2	7.2936e-10
728.4	7.2992e-10
728.6	7.3048e-10
728.8	7.3104e-10
729	7.316e-10
729.2	8.5816e-10
729.4	1.0411e-09
729.6	1.263e-09
729.8	1.5323e-09
730	1.8589e-09
730.2	2.2552e-09
730.4	2.7359e-09
730.6	3.3191e-09
730.8	4.0267e-09
731	4.885e-09
731.2	4.5012e-09
731.4	3.7067e-09
731.6	3.0525e-09
731.8	2.5137e-09
732	2.0701e-09
732.2	1.7047e-09
732.4	1.4038e-09
732.6	1.156e-09
732.8	9.52e-10
733	7.8398e-10
733.2	7.5142e-10
733.4	7.5267e-10
733.6	7.5391e-10
733.8	7.5516e-10
734	7.5641e-10
734.2	7.5767e-10
734.4	7.5892e-10
734.6	7.6018e-10
734.8	7.6144e-10
735	7.627e-10
735.2	7.6394e-10
735.4	7.6518e-10
735.6	7.6642e-10
735.8	7.6766e-10
736	7.689e-10
736.2	7.7015e-10
736.4	7.714e-10
736.6	7.7264e-10
736.8	7.739e-10
737	7.7515e-10
737.2	9.5858e-10
737.4	1.2119e-09
737.6	1.5322e-09
737.8	1.9372e-09
738	2.4492e-09
738.2	3.0965e-09
738.4	3.915e-09
738.6	4.9497e-09
738.8	6.2579e-09
739	7.9118e-09
739.2	6.7789e-09
739.4	5.3785e-09
739.6	4.2673e-09
739.8	3.3857e-09
740	2.6863e-09
740.2	2.1313e-09
740.4	1.691e-09
740.6	1.3417e-09
740.8	1.0645e-09
741	8.4458e-10
741.2	9.8905e-10
741.4	1.3328e-09
741.6	1.7959e-09
741.8	2.4201e-09
742	3.2611e-09
742.2	4.3944e-09
742.4	5.9216e-09
742.6	7.9795e-09
742.8	1.0753e-08
743	1.4489e-08
743.2	1.324e-08
743.4	1.1013e-08
743.6	9.1599e-09
743.8	7.6187e-09
744	6.3368e-09
744.2	5.2707e-09
744.4	4.3839e-09
744.6	3.6463e-09
744.8	3.0328e-09
745	2.5225e-09
745.2	2.7503e-09
745.4	3.1115e-09
745.6	3.52e-09
745.8	3.9822e-09
746	4.5051e-09
746.2	5.0967e-09
746.4	5.766e-09
746.6	6.5231e-09
746.8	7.3796e-09
747	8.3486e-09
747.2	8.7064e-09
747.4	9.0448e-09
747.6	9.3964e-09
747.8	9.7616e-09
748	1.0141e-08
748.2	1.0535e-08
748.4	1.0945e-08
748.6	1.137e-08
748.8	1.1812e-08
749	1.2271e-08
749.2	1.1507e-08
749.4	1.0559e-08
749.6	9.6886e-09
749.8	8.8902e-09
750	8.1576e-09
750.2	7.4853e-09
750.4	6.8685e-09
750.6	6.3025e-09
750.8	5.7831e-09
751	5.3065e-09
751.2	4.5658e-09
751.4	3.8191e-09
751.6	3.1945e-09
751.8	2.6721e-09
752	2.2351e-09
752.2	1.8696e-09
752.4	1.5638e-09
752.6	1.3081e-09
752.8	1.0941e-09
753	9.152e-10
753.2	1.0734e-09
753.4	1.3926e-09
753.6	1.8068e-09
753.8	2.3442e-09
754	3.0414e-09
754.2	3.946e-09
754.4	5.1196e-09
754.6	6.6422e-09
754.8	8.6177e-09
755	1.1181e-08
755.2	1.029e-08
755.4	8.892e-09
755.6	7.684e-09
755.8	6.6401e-09
756	5.738e-09
756.2	4.9585e-09
756.4	4.2848e-09
756.6	3.7027e-09
756.8	3.1997e-09
757	2.765e-09
757.2	3.2169e-09
757.4	3.8273e-09
757.6	4.5536e-09
757.8	5.4178e-09
758	6.4459e-09
758.2	7.6691e-09
758.4	9.1245e-09
758.6	1.0856e-08
758.8	1.2916e-08
759	1.5367e-08
759.2	1.8948e-08
759.4	2.3547e-08
759.6	2.9262e-08
759.8	3.6365e-08
760	4.5192e-08
760.2	5.6161e-08
760.4	6.9792e-08
760.6	8.6732e-08
760.8	1.0778e-07
761	1.3394e-07
761.2	1.5911e-07
761.4	1.8555e-07
761.6	2.1638e-07
761.8	2.5234e-07
762	2.9427e-07
762.2	3.4317e-07
762.4	4.0019e-07
762.6	4.6669e-07
762.8	5.4424e-07
763	6.3468e-07
763.2	6.653e-07
763.4	6.7792e-07
763.6	6.9077e-07
763.8	7.0387e-07
764	7.1722e-07
764.2	7.3082e-07
764.4	7.4467e-07
764.6	7.5879e-07
764.8	7.7318e-07
765	7.8784e-07
765.2	7.6661e-07
765.4	7.4105e-07
765.6	7.1634e-07
765.8	6.9246e-07
766	6.6937e-07
766.2	6.4705e-07
766.4	6.2548e-07
766.6	6.0463e-07
766.8	5.8447e-07
767	5.6498e-07
767.2	4.9323e-07
767.4	4.29e-07
767.6	3.7314e-07
767.8	3.2455e-07
768	2.8228e-07
768.2	2.4552e-07
768.4	2.1355e-07
768.6	1.8574e-07
768.8	1.6156e-07
769	1.4052e-07
769.2	1.256e-07
769.4	1.1294e-07
769.6	1.0156e-07
769.8	9.1328e-08
770	8.2125e-08
770.2	7.3849e-08
770.4	6.6407e-08
770.6	5.9715e-08
770.8	5.3697e-08
771	4.8286e-08
771.2	4.5435e-08
771.4	4.3698e-08
771.6	4.2026e-08
771.8	4.0419e-08
772	3.8873e-08
772.2	3.7386e-08
772.4	3.5956e-08
772.6	3.4581e-08
772.8	3.3258e-08
773	3.1986e-08
773.2	3.3216e-08
773.4	3.5316e-08
773.6	3.7549e-08
773.8	3.9922e-08
774	4.2446e-08
774.2	4.5129e-08
774.4	4.7982e-08
774.6	5.1016e-08
774.8	5.4241e-08
775	5.767e-08
775.2	6.3065e-08
775.4	6.9294e-08
775.6	7.6138e-08
775.8	8.3658e-08
776	9.1922e-08
776.2	1.01e-07
776.4	1.1098e-07
776.6	1.2194e-07
776.8	1.3398e-07
777	1.4722e-07
777.2	1.7097e-07
777.4	1.9913e-07
777.6	2.3192e-07
777.8	2.7012e-07
778	3.1462e-07
778.2	3.6644e-07
778.4	4.2679e-07
778.6	4.9709e-07
778.8	5.7896e-07
779	6.7432e-07
779.2	6.5798e-07
779.4	6.1757e-07
779.6	5.7964e-07
779.8	5.4404e-07
780	5.1063e-07
780.2	4.7927e-07
780.4	4.4983e-07
780.6	4.2221e-07
780.8	3.9628e-07
781	3.7194e-07
781.2	3.3964e-07
781.4	3.0626e-07
781.6	2.7616e-07
781.8	2.4901e-07
782	2.2454e-07
782.2	2.0247e-07
782.4	1.8257e-07
782.6	1.6462e-07
782.8	1.4844e-07
783	1.3385e-07
783.2	1.207e-07
783.4	1.0883e-07
783.6	9.9687e-08
783.8	9.8567e-08
784	9.746e-08
784.2	9.6365e-08
784.4	9.5282e-08
784.6	9.4212e-08
784.8	9.3154e-08
785	9.2107e-08
785.2	9.1072e-08
785.4	9.0049e-08
785.6	9.1597e-08
785.8	1.0059e-07
786	1.1046e-07
786.2	1.2131e-07
786.4	1.3322e-07
786.6	1.463e-07
786.8	1.6066e-07
787	1.7644e-07
787.2	1.9376e-07
787.4	2.1278e-07
787.6	2.2067e-07
787.8	2.0761e-07
788	1.9531e-07
788.2	1.8375e-07
788.4	1.7287e-07
788.6	1.6263e-07
788.8	1.53e-07
789	1.4394e-07
789.2	1.3542e-07
789.4	1.274e-07
789.6	1.039e-07
789.8	7.2133e-08
790	5.0076e-08
790.2	3.4764e-08
790.4	2.4134e-08
790.6	1.6754e-08
790.8	1.1631e-08
791	8.0746e-09
791.2	5.6056e-09
791.4	3.8915e-09
791.6	2.7016e-09
791.8	1.8755e-09
792	1.302e-09
792.2	1.3777e-09
792.4	1.4803e-09
792.6	1.5904e-09
792.8	1.7088e-09
793	1.836e-09
793.2	1.9727e-09
793.4	2.1195e-09
793.6	2.2773e-09
793.8	2.4468e-09
794	2.5639e-09
794.2	1.9726e-09
794.4	1.5176e-09
794.6	1.1676e-09
794.8	8.9831e-10
795	6.9113e-10
795.2	5.9442e-10
795.4	5.9443e-10
795.6	5.9445e-10
795.8	5.9447e-10
796	5.9449e-10
796.2	5.9451e-10
796.4	5.9453e-10
796.6	5.9455e-10
796.8	5.9457e-10
797	5.9459e-10
797.2	5.9471e-10
797.4	5.9493e-10
797.6	5.9514e-10
797.8	5.9536e-10
798	5.9557e-10
798.2	5.9579e-10
798.4	5.9601e-10
798.6	5.9622e-10
798.8	5.9644e-10
799	5.9665e-10
799.2	5.9686e-10
799.4	5.9706e-10
799.6	5.9727e-10
799.8	5.9747e-10
800	5.9768e-10
800.2	5.9788e-10
800.4	5.9809e-10
800.6	5.9829e-10
800.8	5.985e-10
801	5.987e-10
801.2	5.9883e-10
801.4	5.9894e-10
801.6	5.9904e-10
801.8	5.9915e-10
802	5.9926e-10
802.2	5.9936e-10
802.4	5.9947e-10
802.6	5.9958e-10
802.8	5.9968e-10
803	5.9979e-10
803.2	6.0018e-10
803.4	6.0061e-10
803.6	6.0104e-10
803.8	6.0148e-10
804	6.0191e-10
804.2	6.0234e-10
804.4	6.0278e-10
804.6	6.0321e-10
804.8	6.0365e-10
805	6.0408e-10
805.2	6.0429e-10
805.4	6.0414e-10
805.6	6.0399e-10
805.8	6.0385e-10
806	6.037e-10
806.2	6.0355e-10
806.4	6.034e-10
806.6	6.0326e-10
806.8	6.0311e-10
807	6.0296e-10
807.2	7.4586e-10
807.4	1.1368e-09
807.6	1.7326e-09
807.8	2.6406e-09
808	4.0246e-09
808.2	6.1339e-09
808.4	9.3487e-09
808.6	1.4248e-08
808.8	2.1716e-08
809	3.3097e-08
809.2	3.0027e-08
809.4	1.9687e-08
809.6	1.2908e-08
809.8	8.4631e-09
810	5.5489e-09
810.2	3.6381e-09
810.4	2.3853e-09
810.6	1.564e-09
810.8	1.0254e-09
811	6.7231e-10
811.2	6.0181e-10
811.4	6.027e-10
811.6	6.036e-10
811.8	6.0449e-10
812	6.0538e-10
812.2	6.0628e-10
812.4	6.0718e-10
812.6	6.0807e-10
812.8	6.0897e-10
813	6.0988e-10
813.2	6.104e-10
813.4	6.1086e-10
813.6	6.1133e-10
813.8	6.1179e-10
814	6.1225e-10
814.2	6.1271e-10
814.4	6.1318e-10
814.6	6.1364e-10
814.8	6.1411e-10
815	6.1457e-10
815.2	6.1502e-10
815.4	6.1543e-10
815.6	6.1585e-10
815.8	6.1626e-10
816	6.1668e-10
816.2	6.171e-10
816.4	6.1751e-10
816.6	6.1793e-10
816.8	6.1835e-10
817	6.1877e-10
817.2	6.1943e-10
817.4	6.2032e-10
817.6	6.212e-10
817.8	6.221e-10
818	6.2299e-10
818.2	6.2388e-10
818.4	6.2478e-10
818.6	6.2567e-10
818.8	6.2657e-10
819	6.2747e-10
819.2	6.2838e-10
819.4	6.2931e-10
819.6	6.3024e-10
819.8	6.3116e-10
820	6.3209e-10
820.2	6.3302e-10
820.4	6.3395e-10
820.6	6.3489e-10
820.8	6.3582e-10
821	6.3676e-10
821.2	6.373e-10
821.4	6.3771e-10
821.6	6.3812e-10
821.8	6.3854e-10
822	6.3895e-10
822.2	6.3936e-10
822.4	6.3978e-10
822.6	6.4019e-10
822.8	6.406e-10
823	6.4102e-10
823.2	6.4137e-10
823.4	6.417e-10
823.6	6.4204e-10
823.8	6.4238e-10
824	6.4272e-10
824.2	6.4306e-10
824.4	6.434e-10
824.6	6.4374e-10
824.8	6.4408e-10
825	6.4442e-10
825.2	6.4475e-10
825.4	6.4505e-10
825.6	6.4536e-10
825.8	6.4567e-10
826	6.4598e-10
826.2	6.4629e-10
826.4	6.466e-10
826.6	6.469e-10
826.8	6.4721e-10
827	6.4752e-10
827.2	6.478e-10
827.4	6.4806e-10
827.6	6.4832e-10
827.8	6.4857e-10
828	6.4883e-10
828.2	6.4909e-10
828.4	6.4934e-10
828.6	6.496e-10
828.8	6.4986e-10
829	6.5011e-10
829.2	9.0222e-10
829.4	1.5113e-09
829.6	2.5315e-09
829.8	4.2405e-09
830	7.1031e-09
830.2	1.1898e-08
830.4	1.993e-08
830.6	3.3385e-08
830.8	5.5922e-08
831	9.3673e-08
831.2	1.0945e-07
831.4	1.1449e-07
831.6	1.1976e-07
831.8	1.2527e-07
832	1.3104e-07
832.2	1.3708e-07
832.4	1.4339e-07
832.6	1.4999e-07
832.8	1.5689e-07
833	1.6412e-07
833.2	1.4535e-07
833.4	1.2636e-07
833.6	1.0986e-07
833.8	9.551e-08
834	8.3036e-08
834.2	7.2191e-08
834.4	6.2762e-08
834.6	5.4565e-08
834.8	4.7438e-08
835	4.1242e-08
835.2	3.6061e-08
835.4	3.1839e-08
835.6	2.8111e-08
835.8	2.482e-08
836	2.1913e-08
836.2	1.9348e-08
836.4	1.7082e-08
836.6	1.5082e-08
836.8	1.3316e-08
837	1.1757e-08
837.2	1.0977e-08
837.4	1.0836e-08
837.6	1.0698e-08
837.8	1.0561e-08
838	1.0426e-08
838.2	1.0293e-08
838.4	1.0161e-08
838.6	1.0031e-08
838.8	9.903e-09
839	9.7764e-09
839.2	8.1742e-09
839.4	6.2121e-09
839.6	4.721e-09
839.8	3.5878e-09
840	2.7266e-09
840.2	2.0721e-09
840.4	1.5747e-09
840.6	1.1968e-09
840.8	9.0949e-10
841	6.9118e-10
841.2	6.4859e-10
841.4	6.4819e-10
841.6	6.4778e-10
841.8	6.4738e-10
842	6.4698e-10
842.2	6.4658e-10
842.4	6.4618e-10
842.6	6.4578e-10
842.8	6.4538e-10
843	6.4498e-10
843.2	8.2611e-10
843.4	1.0844e-09
843.6	1.4234e-09
843.8	1.8685e-09
844	2.4526e-09
844.2	3.2194e-09
844.4	4.226e-09
844.6	5.5472e-09
844.8	7.2815e-09
845	9.558e-09
845.2	1.1453e-08
845.4	1.1307e-08
845.6	1.1163e-08
845.8	1.1021e-08
846	1.0881e-08
846.2	1.0742e-08
846.4	1.0606e-08
846.6	1.0471e-08
846.8	1.0337e-08
847	1.0206e-08
847.2	1.0687e-08
847.4	1.2007e-08
847.6	1.3491e-08
847.8	1.5159e-08
848	1.7033e-08
848.2	1.9138e-08
848.4	2.1503e-08
848.6	2.4161e-08
848.8	2.7147e-08
849	3.0502e-08
849.2	3.3328e-08
849.4	3.5743e-08
849.6	3.8333e-08
849.8	4.1111e-08
850	4.4091e-08
850.2	4.7286e-08
850.4	5.0712e-08
850.6	5.4388e-08
850.8	5.8329e-08
851	6.2556e-08
851.2	6.7099e-08
851.4	7.1976e-08
851.6	7.7207e-08
851.8	8.2819e-08
852	8.8838e-08
852.2	9.5295e-08
852.4	1.0222e-07
852.6	1.0965e-07
852.8	1.1762e-07
853	1.2617e-07
853.2	1.3511e-07
853.4	1.4466e-07
853.6	1.5489e-07
853.8	1.6584e-07
854	1.7756e-07
854.2	1.9011e-07
854.4	2.0355e-07
854.6	2.1793e-07
854.8	2.3334e-07
855	2.4983e-07
855.2	2.6695e-07
855.4	2.8387e-07
855.6	3.0188e-07
855.8	3.2102e-07
856	3.4138e-07
856.2	3.6303e-07
856.4	3.8606e-07
856.6	4.1054e-07
856.8	4.3657e-07
857	4.6426e-07
857.2	4.919e-07
857.4	5.1881e-07
857.6	5.4719e-07
857.8	5.7713e-07
858	6.087e-07
858.2	6.42e-07
858.4	6.7712e-07
858.6	7.1416e-07
858.8	7.5323e-07
859	7.9444e-07
859.2	8.3894e-07
859.4	8.8667e-07
859.6	9.3711e-07
859.8	9.9043e-07
860	1.0468e-06
860.2	1.1063e-06
860.4	1.1693e-06
860.6	1.2358e-06
860.8	1.3061e-06
861	1.3804e-06
861.2	1.4724e-06
861.4	1.5754e-06
861.6	1.6857e-06
861.8	1.8037e-06
862	1.9299e-06
862.2	2.0649e-06
862.4	2.2095e-06
862.6	2.3641e-06
862.8	2.5295e-06
863	2.7066e-06
863.2	2.8989e-06
863.4	3.1053e-06
863.6	3.3263e-06
863.8	3.5631e-06
864	3.8168e-06
864.2	4.0885e-06
864.4	4.3795e-06
864.6	4.6913e-06
864.8	5.0253e-06
865	5.383e-06
865.2	5.776e-06
865.4	6.219e-06
865.6	6.696e-06
865.8	7.2096e-06
866	7.7626e-06
866.2	8.358e-06
866.4	8.9991e-06
866.6	9.6893e-06
866.8	1.0432e-05
867	1.1233e-05
867.2	1.1978e-05
867.4	1.2639e-05
867.6	1.3336e-05
867.8	1.4072e-05
868	1.4848e-05
868.2	1.5668e-05
868.4	1.6532e-05
868.6	1.7445e-05
868.8	1.8407e-05
869	1.9423e-05
869.2	2.028e-05
869.4	2.1046e-05
869.6	2.1841e-05
869.8	2.2667e-05
870	2.3523e-05
870.2	2.4412e-05
870.4	2.5334e-05
870.6	2.6291e-05
870.8	2.7285e-05
871	2.8316e-05
871.2	2.8983e-05
871.4	2.9561e-05
871.6	3.015e-05
871.8	3.075e-05
872	3.1363e-05
872.2	3.1988e-05
872.4	3.2626e-05
872.6	3.3276e-05
872.8	3.3939e-05
873	3.4615e-05
873.2	3.4651e-05
873.4	3.4655e-05
873.6	3.466e-05
873.8	3.4665e-05
874	3.467e-05
874.2	3.4675e-05
874.4	3.468e-05
874.6	3.4685e-05
874.8	3.4689e-05
875	3.4694e-05
875.2	3.4732e-05
875.4	3.4853e-05
875.6	3.4975e-05
875.8	3.5097e-05
876	3.522e-05
876.2	3.5342e-05
876.4	3.5466e-05
876.6	3.559e-05
876.8	3.5714e-05
877	3.5838e-05
877.2	3.5909e-05
877.4	3.5912e-05
877.6	3.5915e-05
877.8	3.5918e-05
878	3.592e-05
878.2	3.5923e-05
878.4	3.5926e-05
878.6	3.5929e-05
878.8	3.5932e-05
879	3.5935e-05
879.2	3.6096e-05
879.4	3.6362e-05
879.6	3.663e-05
879.8	3.69e-05
880	3.7173e-05
880.2	3.7447e-05
880.4	3.7723e-05
880.6	3.8001e-05
880.8	3.8281e-05
881	3.8564e-05
881.2	3.8996e-05
881.4	3.9479e-05
881.6	3.9967e-05
881.8	4.0461e-05
882	4.0962e-05
882.2	4.1468e-05
882.4	4.1981e-05
882.6	4.25e-05
882.8	4.3026e-05
883	4.3558e-05
883.2	4.4454e-05
883.4	4.5394e-05
883.6	4.6353e-05
883.8	4.7333e-05
884	4.8334e-05
884.2	4.9356e-05
884.4	5.0399e-05
884.6	5.1169e-05
884.8	5.1422e-05
885	5.1983e-05
885.2	5.3246e-05
885.4	5.4491e-05
885.6	5.5622e-05
885.8	5.6944e-05
886	5.8928e-05
886.2	6.0834e-05
886.4	6.2041e-05
886.6	6.3355e-05
886.8	6.5353e-05
887	6.7418e-05
887.2	6.9606e-05
887.4	7.1878e-05
887.6	7.4919e-05
887.8	7.8088e-05
888	8.1006e-05
888.2	8.402e-05
888.4	8.8325e-05
888.6	9.2958e-05
888.8	9.7603e-05
889	0.00010245
889.2	0.00010864
889.4	0.00011545
889.6	0.00012217
889.8	0.00012913
890	0.00013798
890.2	0.00014803
890.4	0.00015882
890.6	0.0001704
890.8	0.00018314
891	0.00019703
891.2	0.00021185
891.4	0.00022769
891.6	0.00024402
891.8	0.00026087
892	0.00027688
892.2	0.00029174
892.4	0.00030667
892.6	0.00032142
892.8	0.00033442
893	0.00034414
893.2	0.00035221
893.4	0.00035691
893.6	0.00035995
893.8	0.00035911
894	0.00035685
894.2	0.0003463
894.4	0.00033606
894.6	0.00032613
894.8	0.00031676
895	0.00030853
895.2	0.00029671
895.4	0.0002852
895.6	0.00027232
895.8	0.00026587
896	0.00025883
896.2	0.0002505
896.4	0.00024202
896.6	0.00023672
896.8	0.00023154
897	0.00022666
897.2	0.00022335
897.4	0.00022327
897.6	0.00022134
897.8	0.00022025
898	0.00022021
898.2	0.00022082
898.4	0.00022207
898.6	0.00022627
898.8	0.00023127
899	0.0002341
899.2	0.00023996
899.4	0.00024765
899.6	0.00025432
899.8	0.00026368
900	0.00027522
900.2	0.00028928
900.4	0.00030037
900.6	0.00031617
900.8	0.00033865
901	0.00035701
901.2	0.00037881
901.4	0.00040302
901.6	0.00044049
901.8	0.00047146
902	0.00050727
902.2	0.00054488
902.4	0.00059285
902.6	0.00063822
902.8	0.00068417
903	0.00073933
903.2	0.00080028
903.4	0.00085478
903.6	0.00090249
903.8	0.00095033
904	0.00099212
904.2	0.00101
904.4	0.00103
904.6	0.00105
904.8	0.00105
905	0.00103
905.2	0.00101
905.4	0.00098019
905.6	0.00093946
905.8	0.00089799
906	0.00085963
906.2	0.00081963
906.4	0.00077869
906.6	0.00073855
906.8	0.0007071
907	0.00067539
907.2	0.0006489
907.4	0.00062037
907.6	0.00059796
907.8	0.00058271
908	0.00056308
908.2	0.00054683
908.4	0.0005349
908.6	0.00052537
908.8	0.00051756
909	0.00050835
909.2	0.00050434
909.4	0.0005027
909.6	0.00049876
909.8	0.00049969
910	0.00050104
910.2	0.00050985
910.4	0.00051609
910.6	0.00052113
910.8	0.00053104
911	0.00054516
911.2	0.0005603
911.4	0.00057604
911.6	0.00059197
911.8	0.00061581
912	0.00064464
912.2	0.00066938
912.4	0.00070159
912.6	0.00073917
912.8	0.00078007
913	0.00082658
913.2	0.00087133
913.4	0.00092431
913.6	0.00099078
913.8	0.00106
914	0.00114
914.2	0.00121
914.4	0.00128
914.6	0.00135
914.8	0.00144
915	0.00157
915.2	0.00171
915.4	0.00188
915.6	0.00206
915.8	0.00228
916	0.00253
916.2	0.00279
916.4	0.00313
916.6	0.00347
916.8	0.00392
917	0.0044
917.2	0.00497
917.4	0.00564
917.6	0.00642
917.8	0.0073
918	0.00837
918.2	0.00962
918.4	0.01112
918.6	0.01295
918.8	0.01506
919	0.01774
919.2	0.02093
919.4	0.02502
919.6	0.03027
919.8	0.03664
920	0.04526
920.2	0.0563
920.4	0.07123
920.6	0.09127
920.8	0.11749
921	0.15093
921.2	0.1886
921.4	0.22136
921.6	0.23519
921.8	0.22412
922	0.19388
922.2	0.15744
922.4	0.12481
922.6	0.09794
922.8	0.07754
923	0.06253
923.2	0.0508
923.4	0.04215
923.6	0.03531
923.8	0.03008
924	0.02593
924.2	0.02297
924.4	0.02034
924.6	0.01802
924.8	0.01603
925	0.01453
925.2	0.01325
925.4	0.01213
925.6	0.01123
925.8	0.01034
926	0.00966
926.2	0.00904
926.4	0.00849
926.6	0.00806
926.8	0.00763
927	0.00727
927.2	0.00695
927.4	0.00667
927.6	0.00639
927.8	0.00619
928	0.00599
928.2	0.00584
928.4	0.00569
928.6	0.00554
928.8	0.00543
929	0.00534
929.2	0.00525
929.4	0.00522
929.6	0.00512
929.8	0.00508
930	0.00506
930.2	0.00504
930.4	0.00505
930.6	0.00503
930.8	0.00505
931	0.00505
931.2	0.00507
931.4	0.00512
931.6	0.00512
931.8	0.00513
932	0.00519
932.2	0.0052
932.4	0.00525
932.6	0.00531
932.8	0.00537
933	0.00544
933.2	0.00552
933.4	0.0056
933.6	0.00564
933.8	0.00569
934	0.00577
934.2	0.00585
934.4	0.00592
934.6	0.00601
934.8	0.00618
935	0.00632
935.2	0.00644
935.4	0.00653
935.6	0.0067
935.8	0.00688
936	0.00698
936.2	0.0071
936.4	0.00729
936.6	0.00738
936.8	0.00761
937	0.0079
937.2	0.0081
937.4	0.00829
937.6	0.0086
937.8	0.00893
938	0.00916
938.2	0.00952
938.4	0.00992
938.6	0.01026
938.8	0.01071
939	0.01108
939.2	0.01154
939.4	0.01202
939.6	0.01241
939.8	0.01305
940	0.01357
940.2	0.01416
940.4	0.01492
940.6	0.0155
940.8	0.01624
941	0.01687
941.2	0.01746
941.4	0.01817
941.6	0.01826
941.8	0.01886
942	0.01943
942.2	0.01965
942.4	0.01991
942.6	0.02013
942.8	0.02024
943	0.0203
943.2	0.01996
943.4	0.01946
943.6	0.01921
943.8	0.01869
944	0.018
944.2	0.01737
944.4	0.01676
944.6	0.01617
944.8	0.01563
945	0.01507
945.2	0.01445
945.4	0.01372
945.6	0.01318
945.8	0.0126
946	0.01194
946.2	0.01154
946.4	0.01096
946.6	0.01053
946.8	0.0102
947	0.00969
947.2	0.00943
947.4	0.00909
947.6	0.00872
947.8	0.00842
948	0.00811
948.2	0.00779
948.4	0.00754
948.6	0.00733
948.8	0.00702
949	0.00684
949.2	0.0067
949.4	0.00644
949.6	0.00625
949.8	0.00603
950	0.00585
950.2	0.0057
950.4	0.00554
950.6	0.00537
950.8	0.00526
951	0.00515
951.2	0.00497
951.4	0.00483
951.6	0.00465
951.8	0.00452
952	0.00442
952.2	0.00429
952.4	0.00419
952.6	0.00408
952.8	0.00398
953	0.00386
953.2	0.00375
953.4	0.00364
953.6	0.00354
953.8	0.00346
954	0.0034
954.2	0.00332
954.4	0.00326
954.6	0.00319
954.8	0.00311
955	0.00306
955.2	0.00302
955.4	0.00293
955.6	0.00285
955.8	0.00282
956	0.00274
956.2	0.0027
956.4	0.00267
956.6	0.00264
956.8	0.00259
957	0.00258
957.2	0.00251
957.4	0.00248
957.6	0.00247
957.8	0.00244
958	0.00243
958.2	0.00241
958.4	0.00241
958.6	0.00238
958.8	0.00237
959	0.00235
959.2	0.00235
959.4	0.00237
959.6	0.00237
959.8	0.00239
960	0.00239
960.2	0.0024
960.4	0.00238
960.6	0.0024
960.8	0.00246
961	0.00248
961.2	0.00252
961.4	0.00255
961.6	0.00257
961.8	0.00258
962	0.00265
962.2	0.0027
962.4	0.00275
962.6	0.00285
962.8	0.0029
963	0.00294
963.2	0.00299
963.4	0.00311
963.6	0.0032
963.8	0.00328
964	0.00341
964.2	0.00347
964.4	0.00352
964.6	0.00358
964.8	0.00374
965	0.00384
965.2	0.00399
965.4	0.00414
965.6	0.00426
965.8	0.00446
966	0.00467
966.2	0.00494
966.4	0.00509
966.6	0.00535
966.8	0.00558
967	0.00579
967.2	0.00612
967.4	0.00648
967.6	0.00684
967.8	0.0071
968	0.00753
968.2	0.00787
968.4	0.0083
968.6	0.00887
968.8	0.00941
969	0.00988
969.2	0.01038
969.4	0.01111
969.6	0.0117
969.8	0.01246
970	0.01337
970.2	0.01416
970.4	0.01493
970.6	0.01586
970.8	0.01705
971	0.01804
971.2	0.01929
971.4	0.02062
971.6	0.02183
971.8	0.02308
972	0.02467
972.2	0.02651
972.4	0.02801
972.6	0.02975
972.8	0.03148
973	0.03339
973.2	0.03526
973.4	0.03736
973.6	0.03969
973.8	0.04138
974	0.04312
974.2	0.04511
974.4	0.04718
974.6	0.04935
974.8	0.05085
975	0.05251
975.2	0.05353
975.4	0.05486
975.6	0.05595
975.8	0.0566
976	0.05631
976.2	0.05634
976.4	0.05649
976.6	0.05581
976.8	0.05536
977	0.05451
977.2	0.05334
977.4	0.05166
977.6	0.05075
977.8	0.04996
978	0.04819
978.2	0.04673
978.4	0.04512
978.6	0.04379
978.8	0.04221
979	0.04114
979.2	0.04018
979.4	0.03832
979.6	0.03676
979.8	0.03595
980	0.03521
980.2	0.03389
980.4	0.03272
980.6	0.03183
980.8	0.03094
981	0.03018
981.2	0.02943
981.4	0.02896
981.6	0.02792
981.8	0.02705
982	0.02684
982.2	0.02664
982.4	0.02594
982.6	0.02505
982.8	0.02484
983	0.02473
983.2	0.02452
983.4	0.02386
983.6	0.02365
983.8	0.0235
984	0.02334
984.2	0.02325
984.4	0.02315
984.6	0.02306
984.8	0.02266
985	0.02283
985.2	0.02295
985.4	0.02303
985.6	0.02281
985.8	0.02292
986	0.02339
986.2	0.02367
986.4	0.02358
986.6	0.02346
986.8	0.02413
987	0.0246
987.2	0.02487
987.4	0.02481
987.6	0.02543
987.8	0.02598
988	0.02653
988.2	0.0268
988.4	0.02737
988.6	0.02813
988.8	0.02866
989	0.02938
989.2	0.02992
989.4	0.03087
989.6	0.03159
989.8	0.03258
990	0.03346
990.2	0.03456
990.4	0.03533
990.6	0.03646
990.8	0.03791
991	0.03908
991.2	0.04025
991.4	0.04123
991.6	0.04318
991.8	0.04494
992	0.04636
992.2	0.04726
992.4	0.04942
992.6	0.05178
992.8	0.05359
993	0.05495
993.2	0.05692
993.4	0.05979
993.6	0.0621
993.8	0.06369
994	0.06497
994.2	0.06789
994.4	0.07094
994.6	0.07412
994.8	0.07574
995	0.07853
995.2	0.08174
995.4	0.08363
995.6	0.08496
995.8	0.08663
996	0.08963
996.2	0.0913
996.4	0.09258
996.6	0.09306
996.8	0.0952
997	0.09688
997.2	0.09719
997.4	0.09672
997.6	0.09755
997.8	0.09902
998	0.09854
998.2	0.09784
998.4	0.09705
998.6	0.09775
998.8	0.09732
999	0.09587
999.2	0.09377
999.4	0.09382
999.6	0.09371
999.8	0.09164
1000	0.08964
1000.2	0.08861
1000.4	0.08842
1000.6	0.08661
1000.8	0.08508
1001	0.08344
1001.2	0.08286
1001.4	0.08166
1001.6	0.08032
1001.8	0.07895
1002	0.07819
1002.2	0.07729
1002.4	0.07626
1002.6	0.07597
1002.8	0.07497
1003	0.074
1003.2	0.07319
1003.4	0.07367
1003.6	0.07304
1003.8	0.07228
1004	0.07153
1004.2	0.07276
1004.4	0.07279
1004.6	0.07276
1004.8	0.07308
1005	0.07313
1005.2	0.07299
1005.4	0.07401
1005.6	0.07465
1005.8	0.07534
1006	0.07561
1006.2	0.07727
1006.4	0.07814
1006.6	0.08012
1006.8	0.0808
1007	0.08256
1007.2	0.08457
1007.4	0.08753
1007.6	0.08897
1007.8	0.09178
1008	0.09478
1008.2	0.09804
1008.4	0.10124
1008.6	0.10538
1008.8	0.10947
1009	0.11389
1009.2	0.11968
1009.4	0.12511
1009.6	0.13197
1009.8	0.13804
1010	0.14486
1010.2	0.15335
1010.4	0.16394
1010.6	0.17166
1010.8	0.18118
1011	0.19176
1011.2	0.20315
1011.4	0.21389
1011.6	0.22428
1011.8	0.23414
1012	0.24366
1012.2	0.25137
1012.4	0.25606
1012.6	0.25866
1012.8	0.25827
1013	0.25533
1013.2	0.24809
1013.4	0.23788
1013.6	0.22624
1013.8	0.21375
1014	0.19877
1014.2	0.18339
1014.4	0.16832
1014.6	0.15445
1014.8	0.14175
1015	0.12831
1015.2	0.11701
1015.4	0.1059
1015.6	0.09619
1015.8	0.08728
1016	0.08012
1016.2	0.07252
1016.4	0.06619
1016.6	0.06034
1016.8	0.05557
1017	0.05109
1017.2	0.04697
1017.4	0.04314
1017.6	0.0399
1017.8	0.03668
1018	0.03412
1018.2	0.03176
1018.4	0.02968
1018.6	0.02745
1018.8	0.02566
1019	0.02412
1019.2	0.02249
1019.4	0.02118
1019.6	0.01992
1019.8	0.01865
1020	0.01746
1020.2	0.0166
1020.4	0.01572
1020.6	0.01489
1020.8	0.01404
1021	0.01335
1021.2	0.01265
1021.4	0.01203
1021.6	0.01145
1021.8	0.011
1022	0.01042
1022.2	0.00993
1022.4	0.00955
1022.6	0.00913
1022.8	0.00876
1023	0.00839
1023.2	0.00804
1023.4	0.00775
1023.6	0.00746
1023.8	0.00719
1024	0.00708
1024.2	0.00691
1024.4	0.00668
1024.6	0.00644
1024.8	0.00626
1025	0.00601
1025.2	0.00582
1025.4	0.00562
1025.6	0.00545
1025.8	0.00531
1026	0.00513
1026.2	0.005
1026.4	0.00486
1026.6	0.00472
1026.8	0.00456
1027	0.00443
1027.2	0.00431
1027.4	0.00422
1027.6	0.00413
1027.8	0.00404
1028	0.00395
1028.2	0.00381
1028.4	0.00376
1028.6	0.00366
1028.8	0.00359
1029	0.00351
1029.2	0.00345
1029.4	0.00336
1029.6	0.0033
1029.8	0.00325
1030	0.0032
1030.2	0.00312
1030.4	0.00312
1030.6	0.00305
1030.8	0.003
1031	0.00293
1031.2	0.00293
1031.4	0.00288
1031.6	0.00282
1031.8	0.00282
1032	0.00275
1032.2	0.00271
1032.4	0.0027
1032.6	0.00267
1032.8	0.00267
1033	0.00266
1033.2	0.00258
1033.4	0.00256
1033.6	0.00256
1033.8	0.00252
1034	0.0025
1034.2	0.00249
1034.4	0.00249
1034.6	0.00246
1034.8	0.00245
1035	0.00241
1035.2	0.00242
1035.4	0.00239
1035.6	0.00237
1035.8	0.00238
1036	0.00237
1036.2	0.00237
1036.4	0.00237
1036.6	0.00236
1036.8	0.00235
1037	0.00238
1037.2	0.00235
1037.4	0.00234
1037.6	0.00234
1037.8	0.00235
1038	0.00233
1038.2	0.00233
1038.4	0.00234
1038.6	0.00237
1038.8	0.00234
1039	0.0024
1039.2	0.0024
1039.4	0.00237
1039.6	0.0024
1039.8	0.00238
1040	0.00242
1040.2	0.00241
1040.4	0.00246
1040.6	0.00245
1040.8	0.00248
1041	0.00247
1041.2	0.00247
1041.4	0.00252
1041.6	0.00255
1041.8	0.00255
1042	0.00263
1042.2	0.00262
1042.4	0.00265
1042.6	0.00269
1042.8	0.00269
1043	0.00272
1043.2	0.00276
1043.4	0.00282
1043.6	0.00282
1043.8	0.00288
1044	0.00291
1044.2	0.00294
1044.4	0.00299
1044.6	0.00306
1044.8	0.00308
1045	0.00311
1045.2	0.00322
1045.4	0.00322
1045.6	0.00329
1045.8	0.00335
1046	0.0035
1046.2	0.00353
1046.4	0.00363
1046.6	0.0037
1046.8	0.00378
1047	0.00388
1047.2	0.00391
1047.4	0.00404
1047.6	0.00416
1047.8	0.00428
1048	0.00441
1048.2	0.00453
1048.4	0.00468
1048.6	0.00494
1048.8	0.00499
1049	0.00514
1049.2	0.00531
1049.4	0.00544
1049.6	0.00572
1049.8	0.00601
1050	0.00617
1050.2	0.0065
1050.4	0.00668
1050.6	0.00697
1050.8	0.00727
1051	0.00759
1051.2	0.00786
1051.4	0.00828
1051.6	0.00865
1051.8	0.0091
1052	0.00964
1052.2	0.01011
1052.4	0.01071
1052.6	0.01128
1052.8	0.01187
1053	0.0126
1053.2	0.01325
1053.4	0.0141
1053.6	0.0151
1053.8	0.01598
1054	0.01738
1054.2	0.01857
1054.4	0.01991
1054.6	0.02164
1054.8	0.0232
1055	0.02511
1055.2	0.02732
1055.4	0.02953
1055.6	0.03229
1055.8	0.03557
1056	0.03904
1056.2	0.0434
1056.4	0.04788
1056.6	0.05355
1056.8	0.05969
1057	0.06684
1057.2	0.0751
1057.4	0.08541
1057.6	0.09669
1057.8	0.11079
1058	0.12607
1058.2	0.14602
1058.4	0.16822
1058.6	0.19232
1058.8	0.22116
1059	0.24938
1059.2	0.27871
1059.4	0.30309
1059.6	0.32007
1059.8	0.32894
1060	0.32655
1060.2	0.31286
1060.4	0.29316
1060.6	0.26741
1060.8	0.24089
1061	0.21452
1061.2	0.19002
1061.4	0.16904
1061.6	0.14923
1061.8	0.13311
1062	0.11827
1062.2	0.10595
1062.4	0.09551
1062.6	0.08643
1062.8	0.07814
1063	0.0712
1063.2	0.06489
1063.4	0.06014
1063.6	0.05508
1063.8	0.0512
1064	0.04621
1064.2	0.04126
1064.4	0.03856
1064.6	0.03629
1064.8	0.03397
1065	0.03223
1065.2	0.03035
1065.4	0.02876
1065.6	0.02752
1065.8	0.02607
1066	0.02515
1066.2	0.024
1066.4	0.02322
1066.6	0.02255
1066.8	0.02148
1067	0.02072
1067.2	0.02001
1067.4	0.01928
1067.6	0.01872
1067.8	0.018
1068	0.01754
1068.2	0.01711
1068.4	0.01651
1068.6	0.01617
1068.8	0.01565
1069	0.01555
1069.2	0.01525
1069.4	0.01492
1069.6	0.01468
1069.8	0.01431
1070	0.01422
1070.2	0.0139
1070.4	0.01358
1070.6	0.01342
1070.8	0.01319
1071	0.01306
1071.2	0.01287
1071.4	0.01262
1071.6	0.0126
1071.8	0.01242
1072	0.01241
1072.2	0.01225
1072.4	0.01219
1072.6	0.01218
1072.8	0.01206
1073	0.01207
1073.2	0.01208
1073.4	0.01204
1073.6	0.01197
1073.8	0.01183
1074	0.01182
1074.2	0.01182
1074.4	0.01178
1074.6	0.01184
1074.8	0.01178
1075	0.01194
1075.2	0.01174
1075.4	0.01198
1075.6	0.01194
1075.8	0.01215
1076	0.01218
1076.2	0.0122
1076.4	0.01236
1076.6	0.01234
1076.8	0.01249
1077	0.01262
1077.2	0.01269
1077.4	0.01277
1077.6	0.01285
1077.8	0.01304
1078	0.01318
1078.2	0.01336
1078.4	0.01344
1078.6	0.01354
1078.8	0.01378
1079	0.01399
1079.2	0.0142
1079.4	0.01433
1079.6	0.01469
1079.8	0.01495
1080	0.01524
1080.2	0.01561
1080.4	0.0157
1080.6	0.01612
1080.8	0.01635
1081	0.01677
1081.2	0.01702
1081.4	0.01731
1081.6	0.01772
1081.8	0.01807
1082	0.01842
1082.2	0.01884
1082.4	0.01926
1082.6	0.01961
1082.8	0.02014
1083	0.02069
1083.2	0.02112
1083.4	0.02161
1083.6	0.02235
1083.8	0.02301
1084	0.02353
1084.2	0.02429
1084.4	0.02503
1084.6	0.02566
1084.8	0.02637
1085	0.0272
1085.2	0.02798
1085.4	0.02897
1085.6	0.02985
1085.8	0.03081
1086	0.03165
1086.2	0.0328
1086.4	0.03355
1086.6	0.03492
1086.8	0.03597
1087	0.0371
1087.2	0.03851
1087.4	0.03948
1087.6	0.04099
1087.8	0.04201
1088	0.04372
1088.2	0.04491
1088.4	0.0468
1088.6	0.04808
1088.8	0.04969
1089	0.05177
1089.2	0.05521
1089.4	0.05712
1089.6	0.05832
1089.8	0.06045
1090	0.06242
1090.2	0.06455
1090.4	0.06667
1090.6	0.0681
1090.8	0.06963
1091	0.07215
1091.2	0.07467
1091.4	0.07644
1091.6	0.07812
1091.8	0.07977
1092	0.08233
1092.2	0.08418
1092.4	0.08568
1092.6	0.08676
1092.8	0.08854
1093	0.0906
1093.2	0.09252
1093.4	0.09351
1093.6	0.09433
1093.8	0.09566
1094	0.09773
1094.2	0.09876
1094.4	0.09915
1094.6	0.10005
1094.8	0.10113
1095	0.10257
1095.2	0.10254
1095.4	0.10299
1095.6	0.10318
1095.8	0.10433
1096	0.1055
1096.2	0.10548
1096.4	0.10532
1096.6	0.10538
1096.8	0.10643
1097	0.10665
1097.2	0.10675
1097.4	0.10601
1097.6	0.10719
1097.8	0.10766
1098	0.10797
1098.2	0.10687
1098.4	0.10742
1098.6	0.10835
1098.8	0.1084
1099	0.10858
1099.2	0.10835
1099.4	0.10975
1099.6	0.11016
1099.8	0.11028
1100	0.11006
1100.2	0.1111
1100.4	0.11224
1100.6	0.11237
1100.8	0.11281
1101	0.11342
1101.2	0.11476
1101.4	0.11608
1101.6	0.11624
1101.8	0.11697
1102	0.11879
1102.2	0.12024
1102.4	0.12074
1102.6	0.12197
1102.8	0.12361
1103	0.12555
1103.2	0.12673
1103.4	0.12753
1103.6	0.13007
1103.8	0.13194
1104	0.13426
1104.2	0.13497
1104.4	0.13752
1104.6	0.14034
1104.8	0.14198
1105	0.144
1105.2	0.14657
1105.4	0.15021
1105.6	0.15215
1105.8	0.15457
1106	0.1566
1106.2	0.15996
1106.4	0.16312
1106.6	0.16517
1106.8	0.16837
1107	0.17134
1107.2	0.17452
1107.4	0.17687
1107.6	0.18008
1107.8	0.18352
1108	0.18629
1108.2	0.18881
1108.4	0.19158
1108.6	0.19488
1108.8	0.19753
1109	0.19872
1109.2	0.20224
1109.4	0.20379
1109.6	0.20589
1109.8	0.20647
1110	0.20836
1110.2	0.21012
1110.4	0.21106
1110.6	0.21091
1110.8	0.21104
1111	0.21134
1111.2	0.20978
1111.4	0.20873
1111.6	0.20768
1111.8	0.20628
1112	0.20414
1112.2	0.2008
1112.4	0.19829
1112.6	0.19565
1112.8	0.19281
1113	0.1886
1113.2	0.18499
1113.4	0.18165
1113.6	0.17715
1113.8	0.17221
1114	0.16884
1114.2	0.1646
1114.4	0.15982
1114.6	0.15569
1114.8	0.15201
1115	0.14763
1115.2	0.14284
1115.4	0.13865
1115.6	0.13426
1115.8	0.12999
1116	0.12518
1116.2	0.12187
1116.4	0.11856
1116.6	0.11433
1116.8	0.1114
1117	0.10931
1117.2	0.10468
1117.4	0.10043
1117.6	0.09762
1117.8	0.09518
1118	0.09204
1118.2	0.08928
1118.4	0.08737
1118.6	0.08497
1118.8	0.08185
1119	0.07853
1119.2	0.07782
1119.4	0.0753
1119.6	0.0728
1119.8	0.07131
1120	0.06558
1120.2	0.06392
1120.4	0.06229
1120.6	0.06071
1120.8	0.05917
1121	0.05768
1121.2	0.05642
1121.4	0.05519
1121.6	0.05399
1121.8	0.05281
1122	0.05166
1122.2	0.05066
1122.4	0.04967
1122.6	0.0487
1122.8	0.04775
1123	0.04683
1123.2	0.04629
1123.4	0.04577
1123.6	0.04524
1123.8	0.04473
1124	0.04422
1124.2	0.04386
1124.4	0.04351
1124.6	0.04316
1124.8	0.04281
1125	0.04246
1125.2	0.04203
1125.4	0.04159
1125.6	0.04116
1125.8	0.04074
1126	0.04032
1126.2	0.04001
1126.4	0.03969
1126.6	0.03938
1126.8	0.03907
1127	0.03877
1127.2	0.03871
1127.4	0.03864
1127.6	0.03858
1127.8	0.03851
1128	0.03845
1128.2	0.03866
1128.4	0.03888
1128.6	0.03909
1128.8	0.0393
1129	0.03953
1129.2	0.03993
1129.4	0.04034
1129.6	0.04076
1129.8	0.04118
1130	0.0416
1130.2	0.04186
1130.4	0.04212
1130.6	0.04239
1130.8	0.04265
1131	0.04294
1131.2	0.04364
1131.4	0.04435
1131.6	0.04508
1131.8	0.04581
1132	0.04657
1132.2	0.04761
1132.4	0.04866
1132.6	0.04974
1132.8	0.05085
1133	0.05197
1133.2	0.05295
1133.4	0.05395
1133.6	0.05496
1133.8	0.056
1134	0.05706
1134.2	0.05833
1134.4	0.05964
1134.6	0.06097
1134.8	0.06234
1135	0.06378
1135.2	0.0662
1135.4	0.0687
1135.6	0.07131
1135.8	0.07401
1136	0.07682
1136.2	0.07987
1136.4	0.08305
1136.6	0.08635
1136.8	0.08979
1137	0.09336
1137.2	0.09653
1137.4	0.09981
1137.6	0.1032
1137.8	0.10671
1138	0.11034
1138.2	0.11462
1138.4	0.11907
1138.6	0.12368
1138.8	0.12848
1139	0.13347
1139.2	0.13904
1139.4	0.14484
1139.6	0.15089
1139.8	0.15719
1140	0.16369
1140.2	0.16816
1140.4	0.17274
1140.6	0.17746
1140.8	0.1823
1141	0.1872
1141.2	0.19019
1141.4	0.19324
1141.6	0.19633
1141.8	0.19947
1142	0.20256
1142.2	0.20353
1142.4	0.2045
1142.6	0.20548
1142.8	0.20646
1143	0.20739
1143.2	0.20186
1143.4	0.19648
1143.6	0.19124
1143.8	0.18615
1144	0.18116
1144.2	0.17509
1144.4	0.16921
1144.6	0.16354
1144.8	0.15805
1145	0.15272
1145.2	0.14661
1145.4	0.14074
1145.6	0.1351
1145.8	0.1297
1146	0.12447
1146.2	0.11873
1146.4	0.11324
1146.6	0.10802
1146.8	0.10303
1147	0.09831
1147.2	0.09445
1147.4	0.09075
1147.6	0.08719
1147.8	0.08377
1148	0.08048
1148.2	0.07705
1148.4	0.07376
1148.6	0.07061
1148.8	0.0676
1149	0.06473
1149.2	0.06232
1149.4	0.06
1149.6	0.05776
1149.8	0.05561
1150	0.05355
1150.2	0.05172
1150.4	0.04995
1150.6	0.04824
1150.8	0.0466
1151	0.045
1151.2	0.0435
1151.4	0.04205
1151.6	0.04064
1151.8	0.03929
1152	0.03798
1152.2	0.03697
1152.4	0.03599
1152.6	0.03504
1152.8	0.03411
1153	0.0332
1153.2	0.03226
1153.4	0.03135
1153.6	0.03047
1153.8	0.02961
1154	0.02878
1154.2	0.02819
1154.4	0.02761
1154.6	0.02705
1154.8	0.0265
1155	0.02595
1155.2	0.02536
1155.4	0.02478
1155.6	0.02421
1155.8	0.02365
1156	0.02311
1156.2	0.02279
1156.4	0.02247
1156.6	0.02215
1156.8	0.02184
1157	0.02153
1157.2	0.02113
1157.4	0.02073
1157.6	0.02035
1157.8	0.01997
1158	0.01961
1158.2	0.01943
1158.4	0.01924
1158.6	0.01906
1158.8	0.01889
1159	0.01871
1159.2	0.01847
1159.4	0.01823
1159.6	0.01799
1159.8	0.01776
1160	0.01753
1160.2	0.01743
1160.4	0.01732
1160.6	0.01722
1160.8	0.01711
1161	0.01701
1161.2	0.01686
1161.4	0.01671
1161.6	0.01657
1161.8	0.01642
1162	0.01628
1162.2	0.0162
1162.4	0.01613
1162.6	0.01605
1162.8	0.01598
1163	0.01591
1163.2	0.01587
1163.4	0.01583
1163.6	0.0158
1163.8	0.01576
1164	0.01572
1164.2	0.0157
1164.4	0.01568
1164.6	0.01566
1164.8	0.01565
1165	0.01563
1165.2	0.01566
1165.4	0.0157
1165.6	0.01574
1165.8	0.01577
1166	0.01581
1166.2	0.01585
1166.4	0.0159
1166.6	0.01594
1166.8	0.01599
1167	0.01603
1167.2	0.01611
1167.4	0.01619
1167.6	0.01627
1167.8	0.01636
1168	0.01644
1168.2	0.01657
1168.4	0.0167
1168.6	0.01683
1168.8	0.01696
1169	0.0171
1169.2	0.0172
1169.4	0.01731
1169.6	0.01742
1169.8	0.01752
1170	0.01763
1170.2	0.01786
1170.4	0.01809
1170.6	0.01832
1170.8	0.01855
1171	0.01879
1171.2	0.01896
1171.4	0.01914
1171.6	0.01932
1171.8	0.0195
1172	0.01969
1172.2	0.02004
1172.4	0.02039
1172.6	0.02076
1172.8	0.02113
1173	0.0215
1173.2	0.02172
1173.4	0.02194
1173.6	0.02217
1173.8	0.0224
1174	0.02264
1174.2	0.02311
1174.4	0.02359
1174.6	0.02409
1174.8	0.02459
1175	0.0251
1175.2	0.02553
1175.4	0.02597
1175.6	0.02642
1175.8	0.02687
1176	0.02734
1176.2	0.02786
1176.4	0.02839
1176.6	0.02894
1176.8	0.02949
1177	0.03006
1177.2	0.0309
1177.4	0.03177
1177.6	0.03266
1177.8	0.03357
1178	0.0345
1178.2	0.03521
1178.4	0.03593
1178.6	0.03666
1178.8	0.03741
1179	0.0382
1179.2	0.03954
1179.4	0.04092
1179.6	0.04236
1179.8	0.04385
1180	0.04538
1180.2	0.04653
1180.4	0.0477
1180.6	0.04891
1180.8	0.05015
1181	0.05144
1181.2	0.0531
1181.4	0.05482
1181.6	0.0566
1181.8	0.05843
1182	0.06034
1182.2	0.0628
1182.4	0.06537
1182.6	0.06803
1182.8	0.0708
1183	0.07369
1183.2	0.07631
1183.4	0.07903
1183.6	0.08185
1183.8	0.08476
1184	0.08779
1184.2	0.09103
1184.4	0.09439
1184.6	0.09788
1184.8	0.1015
1185	0.10527
1185.2	0.10998
1185.4	0.11491
1185.6	0.12006
1185.8	0.12544
1186	0.13105
1186.2	0.13663
1186.4	0.14244
1186.6	0.1485
1186.8	0.15482
1187	0.16136
1187.2	0.16704
1187.4	0.17292
1187.6	0.17902
1187.8	0.18532
1188	0.19187
1188.2	0.19942
1188.4	0.20727
1188.6	0.21542
1188.8	0.2239
1189	0.23267
1189.2	0.23742
1189.4	0.24227
1189.6	0.24722
1189.8	0.25228
1190	0.25734
1190.2	0.26018
1190.4	0.26305
1190.6	0.26596
1190.8	0.26889
1191	0.2718
1191.2	0.27236
1191.4	0.27292
1191.6	0.27348
1191.8	0.27404
1192	0.27457
1192.2	0.27007
1192.4	0.26565
1192.6	0.2613
1192.8	0.25702
1193	0.25276
1193.2	0.24764
1193.4	0.24262
1193.6	0.2377
1193.8	0.23288
1194	0.22815
1194.2	0.2233
1194.4	0.21856
1194.6	0.21391
1194.8	0.20937
1195	0.2049
1195.2	0.19892
1195.4	0.19311
1195.6	0.18747
1195.8	0.18199
1196	0.17668
1196.2	0.17167
1196.4	0.1668
1196.6	0.16207
1196.8	0.15747
1197	0.15303
1197.2	0.14977
1197.4	0.14658
1197.6	0.14346
1197.8	0.1404
1198	0.13741
1198.2	0.13463
1198.4	0.1319
1198.6	0.12922
1198.8	0.1266
1199	0.12403
