380.00	0.000954393995926
381.00	0.000824459013529
382.00	0.000720553973224
383.00	6.96108036209E-5
384.00	9.49999957811E-6
385.00	9.49999957811E-6
386.00	0.000393661990529
387.00	0.000193066996871
388.00	3.61327001883E-5
389.00	0.000590444018599
390.00	0.000944748986512
391.00	0.00132535002194
392.00	0.00188677001279
393.00	0.00303203007206
394.00	0.0035253399983
395.00	0.00367236998864
396.00	0.00369610008784
397.00	0.00352802011184
398.00	0.00332694989629
399.00	0.00308391009457
400.00	0.00295307999477
401.00	0.00249422993511
402.00	0.00216652010567
403.00	0.0021084100008
404.00	0.00200847000815
405.00	0.00196857005358
406.00	0.00211627990939
407.00	0.00269536999986
408.00	0.00342531991191
409.00	0.00383463990875
410.00	0.00360960001126
411.00	0.0031388499774
412.00	0.00258661992848
413.00	0.00211716000922
414.00	0.00191391003318
415.00	0.00195208995137
416.00	0.00190842000302
417.00	0.00213422998786
418.00	0.00233201007359
419.00	0.00301530002616
420.00	0.00382701004855
421.00	0.00434191990644
422.00	0.0045925998129
423.00	0.0041342000477
424.00	0.00343999988399
425.00	0.00285401009023
426.00	0.0024422199931
427.00	0.00227140006609
428.00	0.00220519001596
429.00	0.00230061006732
430.00	0.0025640099775
431.00	0.00318052992225
432.00	0.00419736979529
433.00	0.00555018009618
434.00	0.00685115996748
435.00	0.00743350991979
436.00	0.00705567002296
437.00	0.00585468998179
438.00	0.00464170984924
439.00	0.00382683007047
440.00	0.00325764995068
441.00	0.00305771990679
442.00	0.00306931999512
443.00	0.00330554996617
444.00	0.00395171018317
445.00	0.00522089982405
446.00	0.00690271984786
447.00	0.00939346011728
448.00	0.0131491003558
449.00	0.0166283007711
450.00	0.0169031005353
451.00	0.0137956002727
452.00	0.0100945001468
453.00	0.00748550985008
454.00	0.0059426901862
455.00	0.00523765012622
456.00	0.00508223008364
457.00	0.00556376995519
458.00	0.00639030011371
459.00	0.00731443986297
460.00	0.00939446035773
461.00	0.0149176996201
462.00	0.0263532996178
463.00	0.0384025983512
464.00	0.0367983989418
465.00	0.0229596998543
466.00	0.0121245002374
467.00	0.0070234797895
468.00	0.00421911012381
469.00	0.00289557990618
470.00	0.00219051004387
471.00	0.00174242001958
472.00	0.00145860994235
473.00	0.00129249994643
474.00	0.00120728998445
475.00	0.00116154004354
476.00	0.00114857999142
477.00	0.00114693003707
478.00	0.0012035400141
479.00	0.00132347003091
480.00	0.00144350004848
481.00	0.00161798996851
482.00	0.00193245999981
483.00	0.00231134006754
484.00	0.00276249996386
485.00	0.00329185998999
486.00	0.00404619984329
487.00	0.0050242501311
488.00	0.0061367098242
489.00	0.00726243993267
490.00	0.00839474983513
491.00	0.00934910960495
492.00	0.00999930966645
493.00	0.0103158997372
494.00	0.0104628996924
495.00	0.010579300113
496.00	0.010677699931
497.00	0.0109516000375
498.00	0.0114220995456
499.00	0.0122066000476
500.00	0.0132990004495
501.00	0.0148366000503
502.00	0.0170067008585
503.00	0.0201626997441
504.00	0.0244021005929
505.00	0.0295576006174
506.00	0.0377254001796
507.00	0.0497988015413
508.00	0.0677490979433
509.00	0.0920377001166
510.00	0.126825004816
511.00	0.173840001225
512.00	0.237050995231
513.00	0.31288599968
514.00	0.393727988005
515.00	0.459093987942
516.00	0.506618976593
517.00	0.540239989758
518.00	0.564405024052
519.00	0.595601975918
520.00	0.6465960145
521.00	0.722406029701
522.00	0.806119024754
523.00	0.87324398756
524.00	0.906556010246
525.00	0.911508023739
526.00	0.90442097187
527.00	0.896592020988
528.00	0.894119977951
529.00	0.897441983223
530.00	0.906500995159
531.00	0.919031977654
532.00	0.932102024555
533.00	0.94484102726
534.00	0.955027997494
535.00	0.961573004723
536.00	0.96446698904
537.00	0.963748991489
538.00	0.959838986397
539.00	0.955703020096
540.00	0.951901972294
541.00	0.948755025864
542.00	0.948189973831
543.00	0.949275970459
544.00	0.951236009598
545.00	0.95570397377
546.00	0.96025198698
547.00	0.965228021145
548.00	0.970206975937
549.00	0.975170016289
550.00	0.977952003479
551.00	0.979838013649
552.00	0.981773018837
553.00	0.982520997524
554.00	0.982731997967
555.00	0.983483016491
556.00	0.983874022961
557.00	0.984407007694
558.00	0.984995007515
559.00	0.985916018486
560.00	0.986724972725
561.00	0.987132012844
562.00	0.987729012966
563.00	0.988122999668
564.00	0.98847001791
565.00	0.988488018513
566.00	0.988901972771
567.00	0.989210009575
568.00	0.988389015198
569.00	0.987411975861
570.00	0.986504018307
571.00	0.985382974148
572.00	0.984175980091
573.00	0.983498990536
574.00	0.983067989349
575.00	0.982291996479
576.00	0.980580985546
577.00	0.979016005993
578.00	0.977859020233
579.00	0.976449012756
580.00	0.975767016411
581.00	0.973975002766
582.00	0.97251701355
583.00	0.971539020538
584.00	0.970116019249
585.00	0.968140006065
586.00	0.966503024101
587.00	0.965021014214
588.00	0.964514017105
589.00	0.964205980301
590.00	0.964224994183
591.00	0.964591026306
592.00	0.965366005898
593.00	0.965923011303
594.00	0.96647298336
595.00	0.9674680233
596.00	0.968502998352
597.00	0.970207989216
598.00	0.971325993538
599.00	0.972707986832
600.00	0.973155021667
601.00	0.973199009895
602.00	0.973237991333
603.00	0.973443984985
604.00	0.973038971424
605.00	0.972690999508
606.00	0.972191989422
607.00	0.971141993999
608.00	0.969972014427
609.00	0.969328999519
610.00	0.968716025352
611.00	0.968545019627
612.00	0.968244016171
613.00	0.968326985836
614.00	0.969358026981
615.00	0.969730973244
616.00	0.969972014427
617.00	0.970843970776
618.00	0.971817970276
619.00	0.972858011723
620.00	0.974533975124
621.00	0.975574016571
622.00	0.977138996124
623.00	0.97913402319
624.00	0.980229973793
625.00	0.981279015541
626.00	0.981070995331
627.00	0.981262981892
628.00	0.981895983219
629.00	0.982443988323
630.00	0.982725977898
631.00	0.982855975628
632.00	0.983066022396
633.00	0.983358025551
634.00	0.983505010605
635.00	0.983430981636
636.00	0.98366099596
637.00	0.984014987946
638.00	0.983681023121
639.00	0.983745992184
640.00	0.983884990215
641.00	0.983925998211
642.00	0.984883010387
643.00	0.985342979431
644.00	0.98520898819
645.00	0.985593020916
646.00	0.985612988472
647.00	0.986356973648
648.00	0.986535012722
649.00	0.986184000969
650.00	0.986200988293
651.00	0.984884023666
652.00	0.983805000782
653.00	0.98248398304
654.00	0.980835974216
655.00	0.978881001472
656.00	0.976082980633
657.00	0.97373598814
658.00	0.970452010632
659.00	0.965481996536
660.00	0.961507976055
661.00	0.957174003124
662.00	0.951601982117
663.00	0.946798026562
664.00	0.942341983318
665.00	0.93645298481
666.00	0.930333018303
667.00	0.924632012844
668.00	0.919319987297
669.00	0.914846003056
670.00	0.91039699316
671.00	0.905297994614
672.00	0.901314020157
673.00	0.898555994034
674.00	0.895789980888
675.00	0.893590986729
676.00	0.89177697897
677.00	0.891215980053
678.00	0.891068994999
679.00	0.891758978367
680.00	0.893409013748
681.00	0.894993007183
682.00	0.898195028305
683.00	0.901503026485
684.00	0.904519021511
685.00	0.9095479846
686.00	0.915144979954
687.00	0.921121001244
688.00	0.927026987076
689.00	0.932061970234
690.00	0.937767982483
691.00	0.944437980652
692.00	0.951556026936
693.00	0.958449006081
694.00	0.96442002058
695.00	0.969388008118
696.00	0.97478801012
697.00	0.980221986771
698.00	0.984107971191
699.00	0.986665010452
700.00	0.988373994827
701.00	0.989117980003
702.00	0.988705992699
703.00	0.988884985447
704.00	0.987226009369
705.00	0.98534399271
706.00	0.982519984245
707.00	0.980461001396
708.00	0.977644026279
709.00	0.973794996738
710.00	0.97075098753
711.00	0.968362987041
712.00	0.965397000313
713.00	0.962850987911
714.00	0.95949202776
715.00	0.956268012524
716.00	0.955052018166
717.00	0.953620016575
718.00	0.95293200016
719.00	0.951222002506
720.00	0.950226008892
721.00	0.95041000843
722.00	0.951593995094
723.00	0.953002989292
724.00	0.953698992729
725.00	0.954774975777
726.00	0.956076979637
727.00	0.956462025642
728.00	0.958413004875
729.00	0.959500014782
730.00	0.961082994938
731.00	0.961988985538
732.00	0.9629150033
733.00	0.963551998138
734.00	0.963524997234
735.00	0.962359011173
736.00	0.962119996548
737.00	0.960713982582
738.00	0.959622979164
739.00	0.956978023052
740.00	0.954820990562
741.00	0.95021802187
742.00	0.94761300087
743.00	0.946205019951
744.00	0.942030012608
745.00	0.936646997929
746.00	0.933758020401
747.00	0.929893016815
748.00	0.927078008652
749.00	0.922975003719
750.00	0.91434699297
