412	0.004608295
413	0.007065269
414	0.00955892
415	0.012310731
416	0.013824885
417	0.013824885
418	0.015957867
419	0.019262673
420	0.027518104
421	0.031086241
422	0.028334431
423	0.023515471
424	0.019907834
425	0.039170507
426	0.07281106
427	0.127847268
428	0.160868993
429	0.185490454
430	0.207504937
431	0.220157999
432	0.217406188
433	0.199170507
434	0.174957209
435	0.169453588
436	0.162975642
437	0.154720211
438	0.146464779
439	0.138314681
440	0.152073733
441	0.178551679
442	0.230836076
443	0.317393022
444	0.421961817
445	0.494140882
446	0.585911784
447	0.723502304
448	0.814167215
449	0.877458855
450	0.888084266
451	0.894786043
452	0.897537854
453	0.898617512
454	0.898617512
455	0.903752469
456	0.909967084
457	0.918222515
458	0.921658986
459	0.921658986
460	0.914154049
461	0.909124424
462	0.914628045
463	0.92321264
464	0.934219882
465	0.940355497
466	0.945279789
467	0.9480316
468	0.949308756
469	0.949308756
470	0.949308756
471	0.94879526
472	0.94604345
473	0.946109282
474	0.948861093
475	0.940092166
476	0.929084924
477	0.918077683
478	0.88558262
479	0.830546412
480	0.750888743
481	0.669782752
482	0.614746544
483	0.530335747
484	0.4120079
485	0.304542462
486	0.207873601
487	0.172100066
488	0.132692561
489	0.088663594
490	0.065701119
491	0.050190915
492	0.044687294
493	0.040329164
494	0.037577354
495	0.036866359
496	0.037050691
497	0.039802502
498	0.042554312
499	0.045306122
500	0.0520079
501	0.060263331
502	0.068518762
503	0.082857143
504	0.107623436
505	0.151481238
506	0.20355497
507	0.244832126
508	0.310757077
509	0.423581303
510	0.54562212
511	0.672205398
512	0.730322581
513	0.795167874
514	0.874970375
515	0.922778144
516	0.953048058
517	0.959262673
518	0.962317314
519	0.959565504
520	0.953390388
521	0.945134957
522	0.923844635
523	0.904832126
524	0.893824885
525	0.889400922
526	0.889400922
527	0.897024358
528	0.908703094
529	0.930717577
530	0.944832126
531	0.953087558
532	0.953917051
533	0.953298223
534	0.950546412
535	0.944766294
536	0.936510862
537	0.935483871
538	0.936589862
539	0.942093483
540	0.949045425
541	0.957300856
542	0.96321264
543	0.968229098
544	0.970980908
545	0.969585253
546	0.964081633
547	0.944911126
548	0.922896643
549	0.900882159
550	0.863067808
551	0.8080316
552	0.735299539
553	0.662159315
554	0.615378539
555	0.543581303
556	0.441764319
557	0.344239631
558	0.250533246
559	0.178986175
560	0.128768927
561	0.106754444
562	0.076418697
563	0.045187623
564	0.034180382
565	0.025411455
566	0.019907834
567	0.016418697
568	0.013666886
569	0.010915076
570	0.00921659
571	0.00921659
572	0.00921659
573	0.00921659
574	0.00921659
575	0.00921659
576	0.00921659
577	0.00921659
578	0.00921659
579	0.00921659
580	0.010138249
581	0.012890059
582	0.013824885
583	0.013824885
584	0.016537196
585	0.020144832
586	0.025648453
587	0.03640553
588	0.050164582
589	0.058630678
590	0.07399605
591	0.107017775
592	0.153522054
593	0.208558262
594	0.242949309
595	0.286109282
596	0.357656353
597	0.432442396
598	0.509493088
599	0.551336406
600	0.599078341
601	0.676129032
602	0.746965109
603	0.813008558
604	0.844766294
605	0.874654378
606	0.913179724
607	0.941290323
608	0.960552995
609	0.965516787
610	0.96879526
611	0.974298881
612	0.978380513
613	0.981132324
614	0.98156682
615	0.98156682
616	0.98156682
617	0.98156682
618	0.98156682
619	0.98156682
620	0.980776827
621	0.975273206
622	0.971059908
623	0.968308097
624	0.965556287
625	0.962804477
626	0.960052666
627	0.958525346
628	0.958525346
629	0.960645161
630	0.963396972
631	0.966148782
632	0.968900592
633	0.971652403
634	0.97235023
635	0.97235023
636	0.97235023
637	0.97235023
638	0.97235023
639	0.97036208
640	0.967741935
641	0.967741935
642	0.968768927
643	0.971520737
644	0.974272548
645	0.976958525
646	0.976958525
647	0.976958525
648	0.976958525
649	0.976958525
650	0.976958525
651	0.974206715
652	0.97235023
653	0.97235023
654	0.97235023
655	0.97235023
656	0.969664253
657	0.966912442
658	0.964160632
659	0.952784727
660	0.936273864
661	0.904042133
662	0.873311389
663	0.848545095
664	0.798894009
665	0.73285056
666	0.661698486
667	0.599921001
668	0.566899276
669	0.51475971
670	0.448716261
671	0.395115207
672	0.345990783
673	0.307465438
674	0.281158657
675	0.264647795
676	0.240868993
677	0.216668861
678	0.194654378
679	0.181408822
680	0.175905201
681	0.163331139
682	0.150072416
683	0.139065174
684	0.132244898
685	0.129493088
686	0.122159315
687	0.114772877
688	0.112021066
689	0.109269256
690	0.106517446
691	0.105990783
692	0.105990783
693	0.105990783
694	0.105990783
695	0.105990783
696	0.105990783
697	0.106293614
698	0.109045425
699	0.112995392
700	0.118499013
701	0.126096116
702	0.134351547
703	0.142606978
704	0.154259381
705	0.170770244
706	0.195391705
707	0.222225148
708	0.238736011
709	0.265911784
710	0.30994075
711	0.361816985
712	0.415905201
713	0.446175115
714	0.486451613
715	0.544239631
716	0.592547729
717	0.636102699
718	0.647109941
719	0.656247531
720	0.661751152
721	0.659934167
722	0.654430546
723	0.618946675
724	0.587518104
725	0.565503621
726	0.524081633
727	0.471797235
728	0.422172482
729	0.375852535
730	0.337327189
731	0.31238973
732	0.295878868
733	0.276774194
734	0.259723502
735	0.248716261
736	0.240974325
737	0.235470704
738	0.235023041
739	0.235694536
740	0.238446346
741	0.244331797
742	0.252587228
743	0.265766952
744	0.278314681
745	0.286570112
746	0.297827518
747	0.31158657
748	0.325345622
749	0.337485188
750	0.342988808
751	0.349927584
752	0.358183015
753	0.364107966
754	0.368663594
755	0.368663594
756	0.368663594
757	0.368663594
758	0.361869651
759	0.352797893
760	0.339038841
761	0.327886768
762	0.319631336
763	0.30477946
764	0.288610928
765	0.274851876
766	0.264805793
767	0.259302172
768	0.249532587
769	0.239354839
770	0.236603028
771	0.236194865
772	0.238946675
773	0.243765635
774	0.249479921
775	0.257735352
776	0.268202765
777	0.281961817
778	0.299723502
779	0.319420671
780	0.346938776
781	0.36925609
782	0.383015142
783	0.408387097
784	0.438657011
785	0.468926926
786	0.494325214
787	0.510836076
788	0.527346939
789	0.543818302
790	0.552073733
791	0.556695194
792	0.553943384
793	0.551191573
794	0.548439763
795	0.529493088
796	0.507702436
797	0.480184332
798	0.461356155
799	0.447597103
800	0.423304806
801	0.399315339
802	0.377300856
803	0.365319289
804	0.359815668
805	0.34917709
806	0.340302831
807	0.33755102
808	0.33801185
809	0.34076366
810	0.346017117
811	0.350875576
812	0.353627386
813	0.361000658
814	0.3720079
815	0.385450955
816	0.39805135
817	0.406306781
818	0.417511521
819	0.431270573
820	0.445029625
821	0.45724819
822	0.46275181
823	0.468255431
824	0.473759052
825	0.476958525
826	0.478367347
827	0.472863726
828	0.468703094
829	0.465951284
830	0.454246215
831	0.439723502
832	0.420460829
833	0.405029625
834	0.394022383
835	0.374325214
836	0.352310731
837	0.330296248
838	0.308281764
839	0.286267281
840	0.272679394
841	0.261421988
842	0.247662936
843	0.233903884
844	0.220144832
845	0.212508229
846	0.206635945
847	0.195628703
848	0.186780777
849	0.181277156
850	0.175773535
851	0.170388413
852	0.167636603
853	0.164884793
854	0.162132982
855	0.159381172
856	0.156682028
857	0.156682028
858	0.15763002
859	0.16038183
860	0.161290323
861	0.161290323
862	0.16676761
863	0.171389072
864	0.174140882
865	0.178670178
866	0.184173799
867	0.19235023
868	0.199789335
869	0.205292956
870	0.215931534
871	0.229690586
872	0.243449638
873	0.256458196
874	0.267465438
875	0.283410138
876	0.302672811
877	0.327017775
878	0.348360764
879	0.359368005
880	0.381435155
881	0.411705069
882	0.441974984
883	0.468531929
884	0.482290981
885	0.508163265
886	0.543936801
887	0.577300856
888	0.607557604
889	0.626820276
890	0.654772877
891	0.690546412
892	0.721632653
893	0.751415405
894	0.778933509
895	0.798156682
896	0.809163924
897	0.829282423
898	0.849611587
899	0.860618828
900	0.868992758
901	0.874496379
902	0.877788018
903	0.879828835
904	0.877077024
905	0.874325214
906	0.871573404
907	0.868821593
908	0.865490454
909	0.857235023
910	0.848979592
911	0.840724161
912	0.836629361
913	0.83365372
914	0.828150099
915	0.824884793
916	0.824884793
917	0.824884793
918	0.824884793
919	0.824884793
920	0.824884793
921	0.824884793
922	0.824884793
923	0.824792627
924	0.822040816
925	0.819289006
926	0.816537196
927	0.813785385
928	0.811007242
929	0.805503621
930	0.8
931	0.794496379
932	0.788992758
933	0.783489138
934	0.775273206
935	0.766161949
936	0.755154707
937	0.74764977
938	0.742146149
939	0.73399605
940	0.725740619
941	0.717485188
942	0.712600395
943	0.709848585
944	0.707096774
945	0.705069124
946	0.705069124
947	0.706688611
948	0.709440421
949	0.714707044
950	0.720868993
951	0.729124424
952	0.734272548
953	0.737024358
954	0.747123107
955	0.758130349
956	0.769137591
957	0.77716919
958	0.782672811
959	0.792942725
960	0.803949967
961	0.814957209
962	0.821698486
963	0.824450296
964	0.827202107
965	0.829032258
966	0.826280448
967	0.823528637
968	0.820776827
969	0.815773535
970	0.809479921
971	0.798472679
972	0.784884793
973	0.76837393
974	0.756234365
975	0.744239631
976	0.724976959
977	0.704489796
978	0.682475313
979	0.668940092
980	0.656879526
981	0.634865043
982	0.615167874
983	0.598657011
984	0.588308097
985	0.57965767
986	0.565898618
987	0.55323239
988	0.542225148
989	0.537182357
990	0.534298881
991	0.52879526
992	0.524318631
993	0.52156682
994	0.520737327
995	0.52080316
996	0.52355497
997	0.526306781
998	0.529058591
999	0.533666886
1000	0.539170507
1001	0.547425938
1002	0.554786043
1003	0.560289664
1004	0.569374589
1005	0.58038183
1006	0.594075049
1007	0.608663594
1008	0.625174457
1009	0.636510862
1010	0.644766294
1011	0.660882159
1012	0.676629361
1013	0.690388413
1014	0.702488479
1015	0.713495721
1016	0.729611587
1017	0.745424621
1018	0.759183673
1019	0.768163265
1020	0.773666886
1021	0.784147465
1022	0.794522712
1023	0.802778144
1024	0.806451613
1025	0.806451613
1026	0.808874259
1027	0.811059908
1028	0.811059908
1029	0.80959842
1030	0.80684661
1031	0.804094799
1032	0.80034233
1033	0.792086899
1034	0.783831468
1035	0.775576037
1036	0.769611587
1037	0.763673469
1038	0.755418038
1039	0.745832785
1040	0.734825543
1041	0.728268598
1042	0.722396313
1043	0.714140882
1044	0.70714944
1045	0.70164582
1046	0.698301514
1047	0.695246873
1048	0.689743252
1049	0.685437788
1050	0.682685978
1051	0.68202765
1052	0.681790652
1053	0.679038841
1054	0.677419355
1055	0.677419355
1056	0.679447005
1057	0.682198815
1058	0.684950625
1059	0.686635945
1060	0.686635945
1061	0.688597762
1062	0.691349572
1063	0.694101382
1064	0.697853851
1065	0.703357472
1066	0.706965109
1067	0.709716919
1068	0.712468729
1069	0.71522054
1070	0.71797235
1071	0.720724161
1072	0.723475971
1073	0.726227781
1074	0.728979592
1075	0.731731402
1076	0.732718894
1077	0.732718894
1078	0.735378539
1079	0.737327189
1080	0.737327189
1081	0.737327189
1082	0.737327189
1083	0.737327189
1084	0.737327189
1085	0.737327189
1086	0.737327189
1087	0.737327189
1088	0.73479921
1089	0.732718894
1090	0.732718894
1091	0.731152074
1092	0.728400263
1093	0.725648453
1094	0.722896643
1095	0.720144832
1096	0.715892034
1097	0.710388413
1098	0.707281106
1099	0.703989467
1100	0.698485846
1101	0.692982225
1102	0.687478604
1103	0.684305464
1104	0.680605662
1105	0.67235023
1106	0.664094799
1107	0.655839368
1108	0.649848585
1109	0.643936801
1110	0.635681369
1111	0.626122449
1112	0.615115207
1113	0.608505596
1114	0.601974984
1115	0.588215932
1116	0.575694536
1117	0.564687294
1118	0.555813035
1119	0.547281106
1120	0.536273864
1121	0.524094799
1122	0.510335747
1123	0.498643845
1124	0.488057933
1125	0.482554312
1126	0.47483871
1127	0.463831468
1128	0.452824226
1129	0.442251481
1130	0.439499671
1131	0.433627386
1132	0.422620145
1133	0.415483871
1134	0.40998025
1135	0.404476629
1136	0.398973009
1137	0.393469388
1138	0.387965767
1139	0.382475313
1140	0.379723502
1141	0.376971692
1142	0.374219882
1143	0.371468071
1144	0.368716261
1145	0.368663594
