380.00	0.0239966008812
381.00	0.0192006006837
382.00	0.0131652997807
383.00	0.00895380042493
384.00	0.00625503994524
385.00	0.00494395988062
386.00	0.00445917993784
387.00	0.00454442994669
388.00	0.00395934982225
389.00	0.00369551009499
390.00	0.00444791978225
391.00	0.007149820216
392.00	0.013869700022
393.00	0.0212926007807
394.00	0.0178363006562
395.00	0.00924590975046
396.00	0.00577944982797
397.00	0.00453263008967
398.00	0.00428012991324
399.00	0.00428840983659
400.00	0.005430649966
401.00	0.0100002000108
402.00	0.0161287002265
403.00	0.01650490053
404.00	0.00939595978707
405.00	0.00542609021068
406.00	0.00368656008504
407.00	0.00286753010005
408.00	0.00270978990011
409.00	0.00332617992535
410.00	0.00391410011798
411.00	0.00616845022887
412.00	0.0108019001782
413.00	0.012881600298
414.00	0.00962791964412
415.00	0.00545838987455
416.00	0.0036784899421
417.00	0.00276420009322
418.00	0.00244592991658
419.00	0.00241268007085
420.00	0.00253120996058
421.00	0.00349355000071
422.00	0.00553194992244
423.00	0.00875851977617
424.00	0.0106421001256
425.00	0.00837997999042
426.00	0.00490798987448
427.00	0.00327168009244
428.00	0.00248266989365
429.00	0.00203740992583
430.00	0.00195231998805
431.00	0.00226501002908
432.00	0.00262282998301
433.00	0.00371793005615
434.00	0.00601183995605
435.00	0.00910019036382
436.00	0.0116737000644
437.00	0.0100419996306
438.00	0.00620518019423
439.00	0.00388686009683
440.00	0.00275163003244
441.00	0.00225819996558
442.00	0.00196159002371
443.00	0.00219508004375
444.00	0.00251385010779
445.00	0.00348651991226
446.00	0.0049255900085
447.00	0.00752484006807
448.00	0.0125224003568
449.00	0.0178654007614
450.00	0.0149886002764
451.00	0.00863039959222
452.00	0.00460192002356
453.00	0.00311460997909
454.00	0.00241518998519
455.00	0.00216787005775
456.00	0.00261718011461
457.00	0.00351475994103
458.00	0.00356682995334
459.00	0.00380592001602
460.00	0.00704141007736
461.00	0.0181856006384
462.00	0.0317889004946
463.00	0.0230608992279
464.00	0.00785413011909
465.00	0.00308957998641
466.00	0.00163777999114
467.00	0.00113804999273
468.00	0.00087041297229
469.00	0.0007423349889
470.00	0.000699146999978
471.00	0.000655739975628
472.00	0.000626373977866
473.00	0.000538989028428
474.00	0.00055717502255
475.00	0.000535756989848
476.00	0.000512855011038
477.00	0.000517023028806
478.00	0.000508812023327
479.00	0.000514218991157
480.00	0.000541544985026
481.00	0.00061144400388
482.00	0.000607196008787
483.00	0.000753569998778
484.00	0.00077061902266
485.00	0.000936471973546
486.00	0.00103909999598
487.00	0.00126231997274
488.00	0.00146043999121
489.00	0.00181589997374
490.00	0.0023306501098
491.00	0.0029296700377
492.00	0.00380766997114
493.00	0.0049158600159
494.00	0.00643507018685
495.00	0.00829190015793
496.00	0.0107998000458
497.00	0.0137190995738
498.00	0.0173962991685
499.00	0.0220817998052
500.00	0.0274737998843
501.00	0.0347458012402
502.00	0.0436034984887
503.00	0.0567538999021
504.00	0.0741512030363
505.00	0.096714399755
506.00	0.128795996308
507.00	0.169302999973
508.00	0.224009007215
509.00	0.289709985256
510.00	0.35555100441
511.00	0.421570003033
512.00	0.482203990221
513.00	0.536266982555
514.00	0.603803992271
515.00	0.698791980743
516.00	0.805213987827
517.00	0.901333987713
518.00	0.951999008656
519.00	0.970278978348
520.00	0.972827970982
521.00	0.972486019135
522.00	0.974085986614
523.00	0.975952982903
524.00	0.977355003357
525.00	0.977778971195
526.00	0.977587997913
527.00	0.977172017097
528.00	0.976009011269
529.00	0.97459000349
530.00	0.974662005901
531.00	0.975394010544
532.00	0.9769089818
533.00	0.977868974209
534.00	0.978402972221
535.00	0.978950977325
536.00	0.980461001396
537.00	0.979728996754
538.00	0.97911298275
539.00	0.978340029716
540.00	0.977442979813
541.00	0.977240025997
542.00	0.976704001427
543.00	0.976001024246
544.00	0.975822985172
545.00	0.976269006729
546.00	0.977017998695
547.00	0.97646600008
548.00	0.97660702467
549.00	0.976656973362
550.00	0.976777970791
551.00	0.975991010666
552.00	0.974318027496
553.00	0.973634004593
554.00	0.973107993603
555.00	0.972779989243
556.00	0.972824990749
557.00	0.973083019257
558.00	0.973290979862
559.00	0.973686993122
560.00	0.974569022655
561.00	0.974674999714
562.00	0.974887013435
563.00	0.97489798069
564.00	0.974425017834
565.00	0.973613023758
566.00	0.973123013973
567.00	0.972594022751
568.00	0.972217023373
569.00	0.971423983574
570.00	0.970278024673
571.00	0.969740986824
572.00	0.969992995262
573.00	0.970664978027
574.00	0.970939993858
575.00	0.971180975437
576.00	0.971108973026
577.00	0.970870018005
578.00	0.97301697731
579.00	0.974117994308
580.00	0.974148988724
581.00	0.974081993103
582.00	0.974219024181
583.00	0.974228024483
584.00	0.973509013653
585.00	0.972868978977
586.00	0.972249984741
587.00	0.971413016319
588.00	0.970215022564
589.00	0.970404982567
590.00	0.970894992352
591.00	0.971414983273
592.00	0.971557021141
593.00	0.972383975983
594.00	0.973930001259
595.00	0.974919974804
596.00	0.978498995304
597.00	0.978120028973
598.00	0.974391996861
599.00	0.973527014256
600.00	0.971540987492
601.00	0.969888985157
602.00	0.970604002476
603.00	0.964954972267
604.00	0.963352024555
605.00	0.960822999477
606.00	0.958150029182
607.00	0.95531898737
608.00	0.953850984573
609.00	0.95311498642
610.00	0.952337026596
611.00	0.952704012394
612.00	0.952835977077
613.00	0.952795982361
614.00	0.955103993416
615.00	0.957184016705
616.00	0.960988998413
617.00	0.964559972286
618.00	0.963551998138
619.00	0.967871010303
620.00	0.969335019588
621.00	0.971002995968
622.00	0.973671019077
623.00	0.972725987434
624.00	0.974700987339
625.00	0.974108994007
626.00	0.973581016064
627.00	0.971158981323
628.00	0.968186020851
629.00	0.967428982258
630.00	0.964770972729
631.00	0.96219599247
632.00	0.95909100771
633.00	0.957494020462
634.00	0.956673026085
635.00	0.957377016544
636.00	0.957099974155
637.00	0.957560002804
638.00	0.957881987095
639.00	0.958908975124
640.00	0.960363984108
641.00	0.961924016476
642.00	0.964590013027
643.00	0.96718198061
644.00	0.971068024635
645.00	0.972500026226
646.00	0.974156975746
647.00	0.975337982178
648.00	0.977270007133
649.00	0.978609979153
650.00	0.9812489748
651.00	0.980558991432
652.00	0.980786025524
653.00	0.980997025967
654.00	0.980400979519
655.00	0.979839980602
656.00	0.978652000427
657.00	0.978556990623
658.00	0.977562010288
659.00	0.977084994316
660.00	0.97705501318
661.00	0.97574198246
662.00	0.976245999336
663.00	0.975856006145
664.00	0.974762022495
665.00	0.974252998829
666.00	0.974812984467
667.00	0.974874019623
668.00	0.975391983986
669.00	0.976589977741
670.00	0.977123975754
671.00	0.977620005608
672.00	0.978293001652
673.00	0.979429006577
674.00	0.980655014515
675.00	0.980877995491
676.00	0.980794012547
677.00	0.981638014317
678.00	0.982375025749
679.00	0.982757985592
680.00	0.982671976089
681.00	0.982098996639
682.00	0.981989979744
683.00	0.981481015682
684.00	0.980964004993
685.00	0.980540990829
686.00	0.980386972427
687.00	0.979912996292
688.00	0.979156017303
689.00	0.978810012341
690.00	0.97847700119
691.00	0.978101015091
692.00	0.977630972862
693.00	0.976791024208
694.00	0.977069973946
695.00	0.977024972439
696.00	0.977119028568
697.00	0.977333009243
698.00	0.977859020233
699.00	0.979116976261
700.00	0.979439020157
701.00	0.980259001255
702.00	0.980387985706
703.00	0.980183005333
704.00	0.97992002964
705.00	0.980454027653
706.00	0.9807959795
707.00	0.980302989483
708.00	0.979870975018
709.00	0.979414999485
710.00	0.979251980782
711.00	0.978771984577
712.00	0.978406012058
713.00	0.977567017078
714.00	0.977060973644
715.00	0.976158022881
716.00	0.975926995277
717.00	0.975854992867
718.00	0.975965023041
719.00	0.97535598278
720.00	0.974337995052
721.00	0.973688006401
722.00	0.973235011101
723.00	0.972447991371
724.00	0.971364021301
725.00	0.970978975296
726.00	0.970425009727
727.00	0.969964981079
728.00	0.969262003899
729.00	0.96882301569
730.00	0.967483997345
731.00	0.966892004013
732.00	0.967284023762
733.00	0.967620015144
734.00	0.969074010849
735.00	0.969211995602
736.00	0.969431996346
737.00	0.970439016819
738.00	0.971297979355
739.00	0.972091972828
740.00	0.97342300415
741.00	0.974119007587
742.00	0.974685013294
743.00	0.976243972778
744.00	0.97672700882
745.00	0.977608025074
746.00	0.977829992771
747.00	0.978294014931
748.00	0.978630006313
749.00	0.978084027767
750.00	0.978083014488
751.00	0.977874994278
752.00	0.977544009686
753.00	0.977073013783
754.00	0.976589024067
755.00	0.976611971855
756.00	0.976010978222
757.00	0.974456012249
758.00	0.973239004612
759.00	0.972536981106
760.00	0.971381008625
761.00	0.970528006554
762.00	0.970668971539
763.00	0.9697239995
764.00	0.969129025936
765.00	0.968016028404
766.00	0.967262029648
767.00	0.967491984367
768.00	0.967938005924
769.00	0.96856200695
770.00	0.968657016754
771.00	0.969193994999
772.00	0.968990981579
773.00	0.969744026661
774.00	0.970157980919
775.00	0.971177995205
776.00	0.972167015076
777.00	0.972958028316
778.00	0.973495006561
779.00	0.974471986294
780.00	0.975677013397
781.00	0.976520001888
782.00	0.97687202692
783.00	0.976836979389
784.00	0.977120995522
785.00	0.977725028992
786.00	0.977358996868
787.00	0.97646099329
788.00	0.975853025913
789.00	0.975045979023
790.00	0.973465979099
791.00	0.971773982048
792.00	0.969259977341
793.00	0.967446029186
794.00	0.964693009853
795.00	0.962273001671
796.00	0.961705029011
797.00	0.956465005875
798.00	0.954091012478
799.00	0.951382994652
800.00	0.948807001114
801.00	0.946057975292
802.00	0.943576991558
803.00	0.941403985023
804.00	0.940165996552
805.00	0.938297986984
806.00	0.93608802557
807.00	0.934953987598
808.00	0.934077978134
809.00	0.933867990971
810.00	0.93365997076
811.00	0.93362402916
812.00	0.934027016163
813.00	0.934073984623
814.00	0.935218989849
815.00	0.936832010746
816.00	0.939194977283
817.00	0.941434025764
818.00	0.943313002586
819.00	0.944811999798
820.00	0.946806013584
821.00	0.949406981468
822.00	0.951956987381
823.00	0.954244971275
824.00	0.956960022449
825.00	0.959077000618
826.00	0.961040019989
827.00	0.963056981564
828.00	0.964371979237
829.00	0.965610027313
830.00	0.966973006725
831.00	0.967427015305
832.00	0.967625975609
833.00	0.968200981617
834.00	0.966967999935
835.00	0.966607987881
836.00	0.966193974018
837.00	0.964071989059
838.00	0.962265014648
839.00	0.960322976112
840.00	0.957301020622
841.00	0.95591199398
842.00	0.954234004021
843.00	0.950827002525
844.00	0.949464023113
845.00	0.945609986782
846.00	0.941790997982
847.00	0.93858897686
848.00	0.936240017414
849.00	0.934091985226
850.00	0.931734025478
851.00	0.930414974689
852.00	0.928556025028
853.00	0.927012979984
854.00	0.925323009491
855.00	0.923931002617
856.00	0.923752009869
857.00	0.924067974091
858.00	0.924080014229
859.00	0.92420399189
860.00	0.924561977386
861.00	0.925602972507
862.00	0.926994979382
863.00	0.928485989571
864.00	0.929849982262
865.00	0.931715011597
866.00	0.933903992176
867.00	0.937075972557
868.00	0.940321028233
869.00	0.942349970341
870.00	0.9446169734
871.00	0.947320997715
872.00	0.950083017349
873.00	0.952283024788
874.00	0.954446971416
875.00	0.956960976124
876.00	0.960105001926
877.00	0.962328970432
878.00	0.963352024555
879.00	0.96570199728
880.00	0.968851983547
881.00	0.970228016376
882.00	0.971122980118
883.00	0.972276985645
884.00	0.972801029682
885.00	0.973632991314
886.00	0.97375202179
887.00	0.973335981369
888.00	0.973424971104
889.00	0.972822010517
890.00	0.970670998096
891.00	0.969519972801
892.00	0.967581987381
893.00	0.966158986092
894.00	0.964136004448
895.00	0.962266981602
896.00	0.960292994976
897.00	0.958559989929
898.00	0.956327021122
899.00	0.953987002373
900.00	0.951604008675
901.00	0.950073003769
902.00	0.948691010475
903.00	0.946291029453
904.00	0.945598006248
905.00	0.944670021534
906.00	0.943504989147
907.00	0.942718029022
908.00	0.942107021809
909.00	0.941878020763
910.00	0.942259013653
911.00	0.941890001297
912.00	0.941815972328
913.00	0.942165017128
914.00	0.943147003651
915.00	0.944509983063
916.00	0.945457994938
917.00	0.946870028973
918.00	0.948146998882
919.00	0.949460029602
920.00	0.950742006302
921.00	0.952004015446
922.00	0.953200995922
923.00	0.955056011677
924.00	0.955752015114
925.00	0.956955015659
926.00	0.958594024181
927.00	0.959321022034
928.00	0.960792005062
929.00	0.961589992046
930.00	0.962683022022
931.00	0.962943971157
932.00	0.962276995182
933.00	0.963023006916
934.00	0.962477982044
935.00	0.961345016956
936.00	0.959502995014
937.00	0.958598017693
938.00	0.957862019539
939.00	0.956062018871
940.00	0.953864991665
941.00	0.951749026775
942.00	0.949115991592
943.00	0.946626007557
944.00	0.943974018097
945.00	0.9406260252
946.00	0.937452018261
947.00	0.933833003044
948.00	0.930297017097
949.00	0.92666298151
950.00	0.923312008381
