Typical Measured Spectrum of Semrock FF01-550/49 Optical Filter		
For wavelengths between 320 and 1120 nm, values near or below 3e-7 (Optical Density 6.5) are measurement noise limited.		
For wavelengths < 320 nm and > 1120 nm, values near or below 3e-6 (Optical Density 5.5) are measurement noise limited. 		
Data format:  Wavelength (nm) <tab> Transmission (0 to 1)		
346	4,62E-07	4,62E-05
346,2	3,62E-07	3,62E-05
346,4	2,83E-07	2,83E-05
346,6	2,22E-07	2,22E-05
346,8	1,74E-07	1,74E-05
347	1,36E-07	1,36E-05
347,2	1,07E-07	1,07E-05
347,4	8,36E-08	8,36E-06
347,6	6,55E-08	6,55E-06
347,8	5,13E-08	5,13E-06
348	4,02E-08	4,02E-06
348,2	3,15E-08	3,15E-06
348,4	2,94E-08	2,94E-06
348,6	2,94E-08	2,94E-06
348,8	2,94E-08	2,94E-06
349	2,95E-08	2,95E-06
349,2	2,95E-08	2,95E-06
349,4	2,96E-08	2,96E-06
349,6	2,96E-08	2,96E-06
349,8	2,96E-08	2,96E-06
350	2,97E-08	2,97E-06
350,2	2,97E-08	2,97E-06
350,4	2,98E-08	2,98E-06
350,6	2,98E-08	2,98E-06
350,8	2,98E-08	2,98E-06
351	2,99E-08	2,99E-06
351,2	3,00E-08	3,00E-06
351,4	3,01E-08	3,01E-06
351,6	3,02E-08	3,02E-06
351,8	3,03E-08	3,03E-06
352	3,04E-08	3,04E-06
352,2	3,05E-08	3,05E-06
352,4	3,06E-08	3,06E-06
352,6	3,07E-08	3,07E-06
352,8	3,08E-08	3,08E-06
353	3,10E-08	3,10E-06
353,2	3,11E-08	3,11E-06
353,4	3,12E-08	3,12E-06
353,6	3,13E-08	3,13E-06
353,8	3,14E-08	3,14E-06
354	3,15E-08	3,15E-06
354,2	3,16E-08	3,16E-06
354,4	3,17E-08	3,17E-06
354,6	3,18E-08	3,18E-06
354,8	3,19E-08	3,19E-06
355	3,20E-08	3,20E-06
355,2	3,20E-08	3,20E-06
355,4	3,21E-08	3,21E-06
355,6	3,22E-08	3,22E-06
355,8	3,22E-08	3,22E-06
356	3,23E-08	3,23E-06
356,2	3,23E-08	3,23E-06
356,4	3,24E-08	3,24E-06
356,6	3,25E-08	3,25E-06
356,8	3,25E-08	3,25E-06
357	3,26E-08	3,26E-06
357,2	3,27E-08	3,27E-06
357,4	3,27E-08	3,27E-06
357,6	3,28E-08	3,28E-06
357,8	3,29E-08	3,29E-06
358	3,29E-08	3,29E-06
358,2	3,30E-08	3,30E-06
358,4	3,30E-08	3,30E-06
358,6	3,31E-08	3,31E-06
358,8	3,32E-08	3,32E-06
359	3,32E-08	3,32E-06
359,2	3,33E-08	3,33E-06
359,4	3,33E-08	3,33E-06
359,6	3,34E-08	3,34E-06
359,8	3,35E-08	3,35E-06
360	3,35E-08	3,35E-06
360,2	3,36E-08	3,36E-06
360,4	3,37E-08	3,37E-06
360,6	3,37E-08	3,37E-06
360,8	3,38E-08	3,38E-06
361	3,46E-08	3,46E-06
361,2	4,00E-08	4,00E-06
361,4	4,63E-08	4,63E-06
361,6	5,35E-08	5,35E-06
361,8	6,18E-08	6,18E-06
362	7,14E-08	7,14E-06
362,2	8,26E-08	8,26E-06
362,4	9,54E-08	9,54E-06
362,6	1,10E-07	1,10E-05
362,8	1,28E-07	1,28E-05
363	1,47E-07	1,47E-05
363,2	1,70E-07	1,70E-05
363,4	1,97E-07	1,97E-05
363,6	2,28E-07	2,28E-05
363,8	2,63E-07	2,63E-05
364	3,04E-07	3,04E-05
364,2	3,52E-07	3,52E-05
364,4	4,06E-07	4,06E-05
364,6	4,70E-07	4,70E-05
364,8	4,25E-07	4,25E-05
365	3,78E-07	3,78E-05
365,2	3,36E-07	3,36E-05
365,4	2,98E-07	2,98E-05
365,6	2,65E-07	2,65E-05
365,8	2,36E-07	2,36E-05
366	2,09E-07	2,09E-05
366,2	1,86E-07	1,86E-05
366,4	1,65E-07	1,65E-05
366,6	1,47E-07	1,47E-05
366,8	1,31E-07	1,31E-05
367	1,16E-07	1,16E-05
367,2	1,03E-07	1,03E-05
367,4	9,17E-08	9,17E-06
367,6	8,14E-08	8,14E-06
367,8	7,24E-08	7,24E-06
368	6,43E-08	6,43E-06
368,2	5,72E-08	5,72E-06
368,4	5,32E-08	5,32E-06
368,6	5,05E-08	5,05E-06
368,8	4,79E-08	4,79E-06
369	4,55E-08	4,55E-06
369,2	4,32E-08	4,32E-06
369,4	4,10E-08	4,10E-06
369,6	3,89E-08	3,89E-06
369,8	3,69E-08	3,69E-06
370	3,50E-08	3,50E-06
370,2	3,32E-08	3,32E-06
370,4	3,16E-08	3,16E-06
370,6	2,99E-08	2,99E-06
370,8	2,84E-08	2,84E-06
371	2,72E-08	2,72E-06
371,2	2,71E-08	2,71E-06
371,4	2,71E-08	2,71E-06
371,6	2,70E-08	2,70E-06
371,8	2,69E-08	2,69E-06
372	2,69E-08	2,69E-06
372,2	2,68E-08	2,68E-06
372,4	2,67E-08	2,67E-06
372,6	2,66E-08	2,66E-06
372,8	2,66E-08	2,66E-06
373	2,65E-08	2,65E-06
373,2	2,64E-08	2,64E-06
373,4	2,64E-08	2,64E-06
373,6	2,63E-08	2,63E-06
373,8	2,97E-08	2,97E-06
374	3,60E-08	3,60E-06
374,2	4,36E-08	4,36E-06
374,4	5,29E-08	5,29E-06
374,6	6,42E-08	6,42E-06
374,8	7,78E-08	7,78E-06
375	9,43E-08	9,43E-06
375,2	1,14E-07	1,14E-05
375,4	1,39E-07	1,39E-05
375,6	1,68E-07	1,68E-05
375,8	2,04E-07	2,04E-05
376	2,47E-07	2,47E-05
376,2	3,00E-07	3,00E-05
376,4	3,64E-07	3,64E-05
376,6	4,41E-07	4,41E-05
376,8	5,35E-07	5,35E-05
377	6,49E-07	6,49E-05
377,2	7,87E-07	7,87E-05
377,4	9,54E-07	9,54E-05
377,6	1,16E-06	1,16E-04
377,8	1,40E-06	1,40E-04
378	1,70E-06	1,70E-04
378,2	1,78E-06	1,78E-04
378,4	1,62E-06	1,62E-04
378,6	1,48E-06	1,48E-04
378,8	1,36E-06	1,36E-04
379	1,24E-06	1,24E-04
379,2	1,13E-06	1,13E-04
379,4	1,04E-06	1,04E-04
379,6	9,48E-07	9,48E-05
379,8	8,66E-07	8,66E-05
380	7,92E-07	7,92E-05
380,2	7,24E-07	7,24E-05
380,4	6,62E-07	6,62E-05
380,6	6,05E-07	6,05E-05
380,8	5,53E-07	5,53E-05
381	5,06E-07	5,06E-05
381,2	4,62E-07	4,62E-05
381,4	4,23E-07	4,23E-05
381,6	3,86E-07	3,86E-05
381,8	3,53E-07	3,53E-05
382	3,58E-07	3,58E-05
382,2	3,66E-07	3,66E-05
382,4	3,74E-07	3,74E-05
382,6	3,83E-07	3,83E-05
382,8	3,91E-07	3,91E-05
383	4,00E-07	4,00E-05
383,2	4,09E-07	4,09E-05
383,4	4,18E-07	4,18E-05
383,6	4,27E-07	4,27E-05
383,8	4,36E-07	4,36E-05
384	4,46E-07	4,46E-05
384,2	4,56E-07	4,56E-05
384,4	4,66E-07	4,66E-05
384,6	4,76E-07	4,76E-05
384,8	4,87E-07	4,87E-05
385	4,98E-07	4,98E-05
385,2	5,09E-07	5,09E-05
385,4	5,20E-07	5,20E-05
385,6	5,06E-07	5,06E-05
385,8	4,47E-07	4,47E-05
386	3,95E-07	3,95E-05
386,2	3,49E-07	3,49E-05
386,4	3,09E-07	3,09E-05
386,6	2,73E-07	2,73E-05
386,8	2,41E-07	2,41E-05
387	2,13E-07	2,13E-05
387,2	1,89E-07	1,89E-05
387,4	1,67E-07	1,67E-05
387,6	1,47E-07	1,47E-05
387,8	1,30E-07	1,30E-05
388	1,15E-07	1,15E-05
388,2	1,02E-07	1,02E-05
388,4	9,01E-08	9,01E-06
388,6	7,96E-08	7,96E-06
388,8	7,04E-08	7,04E-06
389	6,22E-08	6,22E-06
389,2	5,50E-08	5,50E-06
389,4	5,68E-08	5,68E-06
389,6	6,17E-08	6,17E-06
389,8	6,70E-08	6,70E-06
390	7,28E-08	7,28E-06
390,2	7,90E-08	7,90E-06
390,4	8,58E-08	8,58E-06
390,6	9,32E-08	9,32E-06
390,8	1,01E-07	1,01E-05
391	1,10E-07	1,10E-05
391,2	1,19E-07	1,19E-05
391,4	1,30E-07	1,30E-05
391,6	1,41E-07	1,41E-05
391,8	1,53E-07	1,53E-05
392	1,66E-07	1,66E-05
392,2	1,56E-07	1,56E-05
392,4	1,46E-07	1,46E-05
392,6	1,36E-07	1,36E-05
392,8	1,28E-07	1,28E-05
393	1,17E-07	1,17E-05
393,2	1,05E-07	1,05E-05
393,4	9,44E-08	9,44E-06
393,6	8,49E-08	8,49E-06
393,8	7,63E-08	7,63E-06
394	6,86E-08	6,86E-06
394,2	6,16E-08	6,16E-06
394,4	5,54E-08	5,54E-06
394,6	4,98E-08	4,98E-06
394,8	4,48E-08	4,48E-06
395	4,02E-08	4,02E-06
395,2	3,62E-08	3,62E-06
395,4	3,25E-08	3,25E-06
395,6	2,92E-08	2,92E-06
395,8	2,63E-08	2,63E-06
396	2,36E-08	2,36E-06
396,2	2,12E-08	2,12E-06
396,4	1,91E-08	1,91E-06
396,6	1,72E-08	1,72E-06
396,8	1,70E-08	1,70E-06
397	1,68E-08	1,68E-06
397,2	1,66E-08	1,66E-06
397,4	1,65E-08	1,65E-06
397,6	1,64E-08	1,64E-06
397,8	1,62E-08	1,62E-06
398	1,61E-08	1,61E-06
398,2	1,59E-08	1,59E-06
398,4	1,58E-08	1,58E-06
398,6	1,56E-08	1,56E-06
398,8	1,55E-08	1,55E-06
399	1,54E-08	1,54E-06
399,2	1,52E-08	1,52E-06
399,4	1,51E-08	1,51E-06
399,6	1,49E-08	1,49E-06
399,8	1,48E-08	1,48E-06
400	1,47E-08	1,47E-06
400,2	1,45E-08	1,45E-06
400,4	1,44E-08	1,44E-06
400,6	1,43E-08	1,43E-06
400,8	1,42E-08	1,42E-06
401	1,40E-08	1,40E-06
401,2	1,39E-08	1,39E-06
401,4	1,38E-08	1,38E-06
401,6	1,37E-08	1,37E-06
401,8	1,36E-08	1,36E-06
402	1,34E-08	1,34E-06
402,2	1,33E-08	1,33E-06
402,4	1,32E-08	1,32E-06
402,6	1,31E-08	1,31E-06
402,8	1,30E-08	1,30E-06
403	1,29E-08	1,29E-06
403,2	1,28E-08	1,28E-06
403,4	1,26E-08	1,26E-06
403,6	1,25E-08	1,25E-06
403,8	1,24E-08	1,24E-06
404	1,23E-08	1,23E-06
404,2	1,35E-08	1,35E-06
404,4	1,49E-08	1,49E-06
404,6	1,66E-08	1,66E-06
404,8	1,84E-08	1,84E-06
405	2,04E-08	2,04E-06
405,2	2,27E-08	2,27E-06
405,4	2,52E-08	2,52E-06
405,6	2,80E-08	2,80E-06
405,8	3,11E-08	3,11E-06
406	3,45E-08	3,45E-06
406,2	3,83E-08	3,83E-06
406,4	4,25E-08	4,25E-06
406,6	4,72E-08	4,72E-06
406,8	5,24E-08	5,24E-06
407	5,81E-08	5,81E-06
407,2	6,45E-08	6,45E-06
407,4	7,17E-08	7,17E-06
407,6	7,95E-08	7,95E-06
407,8	8,57E-08	8,57E-06
408	8,64E-08	8,64E-06
408,2	8,71E-08	8,71E-06
408,4	8,79E-08	8,79E-06
408,6	8,86E-08	8,86E-06
408,8	8,94E-08	8,94E-06
409	9,02E-08	9,02E-06
409,2	9,09E-08	9,09E-06
409,4	9,17E-08	9,17E-06
409,6	9,25E-08	9,25E-06
409,8	9,33E-08	9,33E-06
410	9,41E-08	9,41E-06
410,2	9,49E-08	9,49E-06
410,4	9,57E-08	9,57E-06
410,6	9,65E-08	9,65E-06
410,8	9,73E-08	9,73E-06
411	9,81E-08	9,81E-06
411,2	9,90E-08	9,90E-06
411,4	9,98E-08	9,98E-06
411,6	1,00E-07	1,00E-05
411,8	1,00E-07	1,00E-05
412	1,00E-07	1,00E-05
412,2	1,00E-07	1,00E-05
412,4	1,00E-07	1,00E-05
412,6	1,00E-07	1,00E-05
412,8	1,00E-07	1,00E-05
413	1,00E-07	1,00E-05
413,2	1,00E-07	1,00E-05
413,4	1,00E-07	1,00E-05
413,6	1,00E-07	1,00E-05
413,8	1,00E-07	1,00E-05
414	1,00E-07	1,00E-05
414,2	1,00E-07	1,00E-05
414,4	1,00E-07	1,00E-05
414,6	1,00E-07	1,00E-05
414,8	1,00E-07	1,00E-05
415	1,00E-07	1,00E-05
415,2	1,00E-07	1,00E-05
415,4	1,00E-07	1,00E-05
415,6	1,00E-07	1,00E-05
415,8	1,00E-07	1,00E-05
416	1,00E-07	1,00E-05
416,2	1,00E-07	1,00E-05
416,4	1,00E-07	1,00E-05
416,6	1,00E-07	1,00E-05
416,8	1,00E-07	1,00E-05
417	1,00E-07	1,00E-05
417,2	1,00E-07	1,00E-05
417,4	1,00E-07	1,00E-05
417,6	1,00E-07	1,00E-05
417,8	1,00E-07	1,00E-05
418	1,00E-07	1,00E-05
418,2	1,00E-07	1,00E-05
418,4	1,00E-07	1,00E-05
418,6	1,00E-07	1,00E-05
418,8	1,00E-07	1,00E-05
419	9,40E-08	9,40E-06
419,2	8,66E-08	8,66E-06
419,4	7,98E-08	7,98E-06
419,6	7,35E-08	7,35E-06
419,8	6,77E-08	6,77E-06
420	6,23E-08	6,23E-06
420,2	5,74E-08	5,74E-06
420,4	5,29E-08	5,29E-06
420,6	4,87E-08	4,87E-06
420,8	4,49E-08	4,49E-06
421	4,14E-08	4,14E-06
421,2	3,81E-08	3,81E-06
421,4	3,51E-08	3,51E-06
421,6	3,23E-08	3,23E-06
421,8	2,98E-08	2,98E-06
422	2,74E-08	2,74E-06
422,2	2,53E-08	2,53E-06
422,4	2,33E-08	2,33E-06
422,6	2,24E-08	2,24E-06
422,8	2,43E-08	2,43E-06
423	2,64E-08	2,64E-06
423,2	2,86E-08	2,86E-06
423,4	3,11E-08	3,11E-06
423,6	3,37E-08	3,37E-06
423,8	3,66E-08	3,66E-06
424	3,97E-08	3,97E-06
424,2	4,31E-08	4,31E-06
424,4	4,68E-08	4,68E-06
424,6	5,08E-08	5,08E-06
424,8	5,52E-08	5,52E-06
425	5,99E-08	5,99E-06
425,2	6,50E-08	6,50E-06
425,4	7,06E-08	7,06E-06
425,6	7,67E-08	7,67E-06
425,8	8,32E-08	8,32E-06
426	9,04E-08	9,04E-06
426,2	9,81E-08	9,81E-06
426,4	1,24E-07	1,24E-05
426,6	1,63E-07	1,63E-05
426,8	2,15E-07	2,15E-05
427	2,83E-07	2,83E-05
427,2	2,96E-07	2,96E-05
427,4	3,09E-07	3,09E-05
427,6	3,24E-07	3,24E-05
427,8	3,38E-07	3,38E-05
428	3,54E-07	3,54E-05
428,2	3,70E-07	3,70E-05
428,4	3,87E-07	3,87E-05
428,6	4,04E-07	4,04E-05
428,8	4,23E-07	4,23E-05
429	4,42E-07	4,42E-05
429,2	4,62E-07	4,62E-05
429,4	4,84E-07	4,84E-05
429,6	5,06E-07	5,06E-05
429,8	5,29E-07	5,29E-05
430	5,53E-07	5,53E-05
430,2	5,79E-07	5,79E-05
430,4	6,13E-07	6,13E-05
430,6	6,49E-07	6,49E-05
430,8	6,87E-07	6,87E-05
431	7,28E-07	7,28E-05
431,2	7,70E-07	7,70E-05
431,4	8,16E-07	8,16E-05
431,6	8,64E-07	8,64E-05
431,8	9,15E-07	9,15E-05
432	9,68E-07	9,68E-05
432,2	1,03E-06	1,03E-04
432,4	1,09E-06	1,09E-04
432,6	1,15E-06	1,15E-04
432,8	1,22E-06	1,22E-04
433	1,29E-06	1,29E-04
433,2	1,36E-06	1,36E-04
433,4	1,44E-06	1,44E-04
433,6	1,53E-06	1,53E-04
433,8	1,62E-06	1,62E-04
434	1,68E-06	1,68E-04
434,2	1,71E-06	1,71E-04
434,4	1,73E-06	1,73E-04
434,6	1,76E-06	1,76E-04
434,8	1,79E-06	1,79E-04
435	1,82E-06	1,82E-04
435,2	1,85E-06	1,85E-04
435,4	1,88E-06	1,88E-04
435,6	1,91E-06	1,91E-04
435,8	1,95E-06	1,95E-04
436	1,98E-06	1,98E-04
436,2	2,01E-06	2,01E-04
436,4	2,04E-06	2,04E-04
436,6	2,08E-06	2,08E-04
436,8	2,11E-06	2,11E-04
437	2,15E-06	2,15E-04
437,2	2,18E-06	2,18E-04
437,4	2,22E-06	2,22E-04
437,6	2,26E-06	2,26E-04
437,8	2,31E-06	2,31E-04
438	2,36E-06	2,36E-04
438,2	2,42E-06	2,42E-04
438,4	2,47E-06	2,47E-04
438,6	2,53E-06	2,53E-04
438,8	2,59E-06	2,59E-04
439	2,65E-06	2,65E-04
439,2	2,71E-06	2,71E-04
439,4	2,77E-06	2,77E-04
439,6	2,83E-06	2,83E-04
439,8	2,90E-06	2,90E-04
440	2,97E-06	2,97E-04
440,2	3,04E-06	3,04E-04
440,4	3,11E-06	3,11E-04
440,6	3,18E-06	3,18E-04
440,8	3,25E-06	3,25E-04
441	3,33E-06	3,33E-04
441,2	3,40E-06	3,40E-04
441,4	3,46E-06	3,46E-04
441,6	3,50E-06	3,50E-04
441,8	3,54E-06	3,54E-04
442	3,59E-06	3,59E-04
442,2	3,63E-06	3,63E-04
442,4	3,67E-06	3,67E-04
442,6	3,71E-06	3,71E-04
442,8	3,76E-06	3,76E-04
443	3,80E-06	3,80E-04
443,2	3,85E-06	3,85E-04
443,4	3,89E-06	3,89E-04
443,6	3,94E-06	3,94E-04
443,8	3,99E-06	3,99E-04
444	4,03E-06	4,03E-04
444,2	4,08E-06	4,08E-04
444,4	4,13E-06	4,13E-04
444,6	4,18E-06	4,18E-04
444,8	4,23E-06	4,23E-04
445	4,28E-06	4,28E-04
445,2	3,06E-06	3,06E-04
445,4	2,18E-06	2,18E-04
445,6	1,56E-06	1,56E-04
445,8	1,11E-06	1,11E-04
446	7,92E-07	7,92E-05
446,2	5,65E-07	5,65E-05
446,4	4,03E-07	4,03E-05
446,6	2,87E-07	2,87E-05
446,8	2,05E-07	2,05E-05
447	1,46E-07	1,46E-05
447,2	1,04E-07	1,04E-05
447,4	7,44E-08	7,44E-06
447,6	7,32E-08	7,32E-06
447,8	7,46E-08	7,46E-06
448	7,60E-08	7,60E-06
448,2	7,74E-08	7,74E-06
448,4	7,89E-08	7,89E-06
448,6	8,04E-08	8,04E-06
448,8	8,19E-08	8,19E-06
449	8,34E-08	8,34E-06
449,2	8,50E-08	8,50E-06
449,4	8,66E-08	8,66E-06
449,6	8,82E-08	8,82E-06
449,8	8,98E-08	8,98E-06
450	9,15E-08	9,15E-06
450,2	9,32E-08	9,32E-06
450,4	9,50E-08	9,50E-06
450,6	9,68E-08	9,68E-06
450,8	9,86E-08	9,86E-06
451	9,84E-08	9,84E-06
451,2	9,17E-08	9,17E-06
451,4	8,54E-08	8,54E-06
451,6	7,96E-08	7,96E-06
451,8	7,42E-08	7,42E-06
452	6,91E-08	6,91E-06
452,2	6,44E-08	6,44E-06
452,4	6,00E-08	6,00E-06
452,6	5,59E-08	5,59E-06
452,8	5,21E-08	5,21E-06
453	4,85E-08	4,85E-06
453,2	4,52E-08	4,52E-06
453,4	4,21E-08	4,21E-06
453,6	3,93E-08	3,93E-06
453,8	3,66E-08	3,66E-06
454	3,41E-08	3,41E-06
454,2	3,18E-08	3,18E-06
454,4	2,96E-08	2,96E-06
454,6	2,76E-08	2,76E-06
454,8	2,57E-08	2,57E-06
455	2,39E-08	2,39E-06
455,2	2,23E-08	2,23E-06
455,4	2,08E-08	2,08E-06
455,6	1,94E-08	1,94E-06
455,8	1,80E-08	1,80E-06
456	1,73E-08	1,73E-06
456,2	1,84E-08	1,84E-06
456,4	1,96E-08	1,96E-06
456,6	2,08E-08	2,08E-06
456,8	2,22E-08	2,22E-06
457	2,36E-08	2,36E-06
457,2	2,51E-08	2,51E-06
457,4	2,67E-08	2,67E-06
457,6	2,84E-08	2,84E-06
457,8	3,01E-08	3,01E-06
458	3,21E-08	3,21E-06
458,2	3,41E-08	3,41E-06
458,4	3,63E-08	3,63E-06
458,6	3,86E-08	3,86E-06
458,8	4,10E-08	4,10E-06
459	4,36E-08	4,36E-06
459,2	4,64E-08	4,64E-06
459,4	4,93E-08	4,93E-06
459,6	5,24E-08	5,24E-06
459,8	5,58E-08	5,58E-06
460	5,93E-08	5,93E-06
460,2	6,31E-08	6,31E-06
460,4	6,71E-08	6,71E-06
460,6	7,13E-08	7,13E-06
460,8	7,58E-08	7,58E-06
461	8,02E-08	8,02E-06
461,2	8,33E-08	8,33E-06
461,4	8,65E-08	8,65E-06
461,6	8,98E-08	8,98E-06
461,8	9,33E-08	9,33E-06
462	9,68E-08	9,68E-06
462,2	1,01E-07	1,01E-05
462,4	1,04E-07	1,04E-05
462,6	1,08E-07	1,08E-05
462,8	1,13E-07	1,13E-05
463	1,17E-07	1,17E-05
463,2	1,21E-07	1,21E-05
463,4	1,26E-07	1,26E-05
463,6	1,31E-07	1,31E-05
463,8	1,36E-07	1,36E-05
464	1,41E-07	1,41E-05
464,2	1,47E-07	1,47E-05
464,4	1,52E-07	1,52E-05
464,6	1,58E-07	1,58E-05
464,8	1,64E-07	1,64E-05
465	1,70E-07	1,70E-05
465,2	1,77E-07	1,77E-05
465,4	1,84E-07	1,84E-05
465,6	1,91E-07	1,91E-05
465,8	1,98E-07	1,98E-05
466	2,05E-07	2,05E-05
466,2	2,09E-07	2,09E-05
466,4	2,13E-07	2,13E-05
466,6	2,17E-07	2,17E-05
466,8	2,22E-07	2,22E-05
467	2,26E-07	2,26E-05
467,2	2,31E-07	2,31E-05
467,4	2,35E-07	2,35E-05
467,6	2,40E-07	2,40E-05
467,8	2,45E-07	2,45E-05
468	2,49E-07	2,49E-05
468,2	2,54E-07	2,54E-05
468,4	2,59E-07	2,59E-05
468,6	2,65E-07	2,65E-05
468,8	2,70E-07	2,70E-05
469	2,75E-07	2,75E-05
469,2	2,81E-07	2,81E-05
469,4	2,86E-07	2,86E-05
469,6	2,92E-07	2,92E-05
469,8	2,98E-07	2,98E-05
470	3,04E-07	3,04E-05
470,2	3,10E-07	3,10E-05
470,4	3,16E-07	3,16E-05
470,6	3,22E-07	3,22E-05
470,8	3,28E-07	3,28E-05
471	3,34E-07	3,34E-05
471,2	3,37E-07	3,37E-05
471,4	3,39E-07	3,39E-05
471,6	3,42E-07	3,42E-05
471,8	3,44E-07	3,44E-05
472	3,47E-07	3,47E-05
472,2	3,50E-07	3,50E-05
472,4	3,52E-07	3,52E-05
472,6	3,55E-07	3,55E-05
472,8	3,58E-07	3,58E-05
473	3,60E-07	3,60E-05
473,2	3,63E-07	3,63E-05
473,4	3,66E-07	3,66E-05
473,6	3,69E-07	3,69E-05
473,8	3,72E-07	3,72E-05
474	3,74E-07	3,74E-05
474,2	3,77E-07	3,77E-05
474,4	3,80E-07	3,80E-05
474,6	3,83E-07	3,83E-05
474,8	3,86E-07	3,86E-05
475	3,89E-07	3,89E-05
475,2	3,92E-07	3,92E-05
475,4	3,95E-07	3,95E-05
475,6	3,98E-07	3,98E-05
475,8	4,01E-07	4,01E-05
476	4,03E-07	4,03E-05
476,2	4,03E-07	4,03E-05
476,4	4,03E-07	4,03E-05
476,6	4,03E-07	4,03E-05
476,8	4,03E-07	4,03E-05
477	4,03E-07	4,03E-05
477,2	4,03E-07	4,03E-05
477,4	4,03E-07	4,03E-05
477,6	4,03E-07	4,03E-05
477,8	4,03E-07	4,03E-05
478	4,03E-07	4,03E-05
478,2	4,03E-07	4,03E-05
478,4	4,03E-07	4,03E-05
478,6	4,03E-07	4,03E-05
478,8	4,03E-07	4,03E-05
479	4,03E-07	4,03E-05
479,2	4,03E-07	4,03E-05
479,4	4,03E-07	4,03E-05
479,6	4,03E-07	4,03E-05
479,8	4,03E-07	4,03E-05
480	4,03E-07	4,03E-05
480,2	4,03E-07	4,03E-05
480,4	4,03E-07	4,03E-05
480,6	4,03E-07	4,03E-05
480,8	4,03E-07	4,03E-05
481	4,02E-07	4,02E-05
481,2	3,99E-07	3,99E-05
481,4	3,97E-07	3,97E-05
481,6	3,94E-07	3,94E-05
481,8	3,92E-07	3,92E-05
482	3,89E-07	3,89E-05
482,2	3,87E-07	3,87E-05
482,4	3,84E-07	3,84E-05
482,6	3,82E-07	3,82E-05
482,8	3,80E-07	3,80E-05
483	3,77E-07	3,77E-05
483,2	3,75E-07	3,75E-05
483,4	3,72E-07	3,72E-05
483,6	3,70E-07	3,70E-05
483,8	3,68E-07	3,68E-05
484	3,65E-07	3,65E-05
484,2	3,63E-07	3,63E-05
484,4	3,61E-07	3,61E-05
484,6	3,58E-07	3,58E-05
484,8	3,56E-07	3,56E-05
485	3,54E-07	3,54E-05
485,2	3,52E-07	3,52E-05
485,4	3,50E-07	3,50E-05
485,6	3,47E-07	3,47E-05
485,8	3,45E-07	3,45E-05
486	3,43E-07	3,43E-05
486,2	3,42E-07	3,42E-05
486,4	3,41E-07	3,41E-05
486,6	3,40E-07	3,40E-05
486,8	3,39E-07	3,39E-05
487	3,37E-07	3,37E-05
487,2	3,36E-07	3,36E-05
487,4	3,35E-07	3,35E-05
487,6	3,34E-07	3,34E-05
487,8	3,33E-07	3,33E-05
488	3,32E-07	3,32E-05
488,2	3,31E-07	3,31E-05
488,4	3,30E-07	3,30E-05
488,6	3,29E-07	3,29E-05
488,8	3,28E-07	3,28E-05
489	3,26E-07	3,26E-05
489,2	3,25E-07	3,25E-05
489,4	3,24E-07	3,24E-05
489,6	3,23E-07	3,23E-05
489,8	3,22E-07	3,22E-05
490	3,21E-07	3,21E-05
490,2	3,20E-07	3,20E-05
490,4	3,19E-07	3,19E-05
490,6	3,18E-07	3,18E-05
490,8	3,17E-07	3,17E-05
491	3,16E-07	3,16E-05
491,2	3,17E-07	3,17E-05
491,4	3,18E-07	3,18E-05
491,6	3,19E-07	3,19E-05
491,8	3,20E-07	3,20E-05
492	3,21E-07	3,21E-05
492,2	3,22E-07	3,22E-05
492,4	3,23E-07	3,23E-05
492,6	3,24E-07	3,24E-05
492,8	3,25E-07	3,25E-05
493	3,26E-07	3,26E-05
493,2	3,27E-07	3,27E-05
493,4	3,28E-07	3,28E-05
493,6	3,28E-07	3,28E-05
493,8	3,29E-07	3,29E-05
494	3,30E-07	3,30E-05
494,2	3,31E-07	3,31E-05
494,4	3,32E-07	3,32E-05
494,6	3,33E-07	3,33E-05
494,8	3,34E-07	3,34E-05
495	3,35E-07	3,35E-05
495,2	3,36E-07	3,36E-05
495,4	3,37E-07	3,37E-05
495,6	3,38E-07	3,38E-05
495,8	3,39E-07	3,39E-05
496	3,39E-07	3,39E-05
496,2	3,37E-07	3,37E-05
496,4	3,34E-07	3,34E-05
496,6	3,31E-07	3,31E-05
496,8	3,29E-07	3,29E-05
497	3,26E-07	3,26E-05
497,2	3,24E-07	3,24E-05
497,4	3,21E-07	3,21E-05
497,6	3,19E-07	3,19E-05
497,8	3,16E-07	3,16E-05
498	3,14E-07	3,14E-05
498,2	3,11E-07	3,11E-05
498,4	3,09E-07	3,09E-05
498,6	3,06E-07	3,06E-05
498,8	3,04E-07	3,04E-05
499	3,02E-07	3,02E-05
499,2	2,99E-07	2,99E-05
499,4	2,97E-07	2,97E-05
499,6	2,95E-07	2,95E-05
499,8	2,92E-07	2,92E-05
500	2,90E-07	2,90E-05
500,2	2,88E-07	2,88E-05
500,4	2,85E-07	2,85E-05
500,6	2,83E-07	2,83E-05
500,8	2,81E-07	2,81E-05
501	2,81E-07	2,81E-05
501,2	2,86E-07	2,86E-05
501,4	2,92E-07	2,92E-05
501,6	2,97E-07	2,97E-05
501,8	3,03E-07	3,03E-05
502	3,09E-07	3,09E-05
502,2	3,15E-07	3,15E-05
502,4	3,21E-07	3,21E-05
502,6	3,27E-07	3,27E-05
502,8	3,33E-07	3,33E-05
503	3,40E-07	3,40E-05
503,2	3,46E-07	3,46E-05
503,4	3,53E-07	3,53E-05
503,6	3,60E-07	3,60E-05
503,8	3,67E-07	3,67E-05
504	3,74E-07	3,74E-05
504,2	3,81E-07	3,81E-05
504,4	3,88E-07	3,88E-05
504,6	3,72E-07	3,72E-05
504,8	3,43E-07	3,43E-05
505	3,17E-07	3,17E-05
505,2	2,93E-07	2,93E-05
505,4	2,70E-07	2,70E-05
505,6	2,49E-07	2,49E-05
505,8	2,30E-07	2,30E-05
506	2,13E-07	2,13E-05
506,2	1,39E-07	1,39E-05
506,4	1,17E-07	1,17E-05
506,6	1,68E-07	1,68E-05
506,8	3,77E-08	3,77E-06
507	5,34E-08	5,34E-06
507,2	4,80E-08	4,80E-06
507,4	1,98E-07	1,98E-05
507,6	7,20E-08	7,20E-06
507,8	9,90E-08	9,90E-06
508	1,17E-07	1,17E-05
508,2	4,43E-08	4,43E-06
508,4	9,45E-08	9,45E-06
508,6	5,15E-08	5,15E-06
508,8	9,08E-08	9,08E-06
509	1,23E-07	1,23E-05
509,2	1,96E-07	1,96E-05
509,4	6,42E-08	6,42E-06
509,6	6,42E-08	6,42E-06
509,8	1,25E-07	1,25E-05
510	7,90E-08	7,90E-06
510,2	4,81E-08	4,81E-06
510,4	6,21E-08	6,21E-06
510,6	4,48E-08	4,48E-06
510,8	4,25E-08	4,25E-06
511	3,07E-08	3,07E-06
511,2	1,19E-07	1,19E-05
511,4	6,70E-08	6,70E-06
511,6	7,72E-08	7,72E-06
511,8	1,03E-07	1,03E-05
512	1,01E-07	1,01E-05
512,2	6,63E-08	6,63E-06
512,4	1,15E-07	1,15E-05
512,6	2,05E-08	2,05E-06
512,8	2,04E-08	2,04E-06
513	2,35E-08	2,35E-06
513,2	7,02E-08	7,02E-06
513,4	1,07E-07	1,07E-05
513,6	1,21E-07	1,21E-05
513,8	6,06E-08	6,06E-06
514	6,05E-08	6,05E-06
514,2	1,14E-07	1,14E-05
514,4	1,15E-07	1,15E-05
514,6	6,02E-08	6,02E-06
514,8	1,81E-07	1,81E-05
515	2,41E-07	2,41E-05
515,2	1,74E-07	1,74E-05
515,4	1,54E-07	1,54E-05
515,6	8,43E-08	8,43E-06
515,8	1,46E-07	1,46E-05
516	8,17E-08	8,17E-06
516,2	8,17E-08	8,17E-06
516,4	1,57E-07	1,57E-05
516,6	1,56E-07	1,56E-05
516,8	7,99E-08	7,99E-06
517	7,38E-08	7,38E-06
517,2	1,12E-07	1,12E-05
517,4	1,74E-07	1,74E-05
517,6	2,03E-07	2,03E-05
517,8	1,41E-07	1,41E-05
518	1,63E-07	1,63E-05
518,2	1,60E-07	1,60E-05
518,4	2,63E-07	2,63E-05
518,6	2,66E-07	2,66E-05
518,8	2,94E-07	2,94E-05
519	2,56E-07	2,56E-05
519,2	3,56E-07	3,56E-05
519,4	4,80E-07	4,80E-05
519,6	7,01E-07	7,01E-05
519,8	1,02E-06	1,02E-04
520	1,34E-06	1,34E-04
520,2	1,94E-06	1,94E-04
520,4	2,72E-06	2,72E-04
520,6	4,12E-06	4,12E-04
520,8	6,66E-06	6,66E-04
521	1,13E-05	1,13E-03
521,2	1,97E-05	1,97E-03
521,4	3,67E-05	3,67E-03
521,6	1,29E-04	1,29E-02
521,8	2,07E-04	2,07E-02
522	3,77E-04	3,77E-02
522,2	7,87E-04	7,87E-02
522,4	0,00178	1,78E-01
522,6	0,00452	4,52E-01
522,8	0,01267	1,27E+00
523	0,03817	3,82E+00
523,2	0,12609	1,26E+01
523,4	0,3646	3,65E+01
523,6	0,68725	6,87E+01
523,8	0,84261	8,43E+01
524	0,87791	8,78E+01
524,2	0,90014	9,00E+01
524,4	0,9141	9,14E+01
524,6	0,91888	9,19E+01
524,8	0,92045	9,20E+01
525	0,92191	9,22E+01
525,2	0,92495	9,25E+01
525,4	0,93018	9,30E+01
525,6	0,93452	9,35E+01
525,8	0,9376	9,38E+01
526	0,93967	9,40E+01
526,2	0,93974	9,40E+01
526,4	0,9398	9,40E+01
526,6	0,93885	9,39E+01
526,8	0,93888	9,39E+01
527	0,93856	9,39E+01
527,2	0,93876	9,39E+01
527,4	0,93922	9,39E+01
527,6	0,93989	9,40E+01
527,8	0,94092	9,41E+01
528	0,94183	9,42E+01
528,2	0,94335	9,43E+01
528,4	0,9442	9,44E+01
528,6	0,94591	9,46E+01
528,8	0,94643	9,46E+01
529	0,94764	9,48E+01
529,2	0,94871	9,49E+01
529,4	0,94914	9,49E+01
529,6	0,94942	9,49E+01
529,8	0,94929	9,49E+01
530	0,94906	9,49E+01
530,2	0,9487	9,49E+01
530,4	0,94852	9,49E+01
530,6	0,94856	9,49E+01
530,8	0,94841	9,48E+01
531	0,94959	9,50E+01
531,2	0,9498	9,50E+01
531,4	0,95138	9,51E+01
531,6	0,95265	9,53E+01
531,8	0,9534	9,53E+01
532	0,95412	9,54E+01
532,2	0,95456	9,55E+01
532,4	0,95368	9,54E+01
532,6	0,95235	9,52E+01
532,8	0,95073	9,51E+01
533	0,94915	9,49E+01
533,2	0,94756	9,48E+01
533,4	0,94624	9,46E+01
533,6	0,94618	9,46E+01
533,8	0,94639	9,46E+01
534	0,94787	9,48E+01
534,2	0,94926	9,49E+01
534,4	0,95127	9,51E+01
534,6	0,95319	9,53E+01
534,8	0,9548	9,55E+01
535	0,95588	9,56E+01
535,2	0,95625	9,56E+01
535,4	0,95543	9,55E+01
535,6	0,95418	9,54E+01
535,8	0,9533	9,53E+01
536	0,95145	9,51E+01
536,2	0,95026	9,50E+01
536,4	0,94943	9,49E+01
536,6	0,94922	9,49E+01
536,8	0,9493	9,49E+01
537	0,94997	9,50E+01
537,2	0,95123	9,51E+01
537,4	0,95263	9,53E+01
537,6	0,95305	9,53E+01
537,8	0,95369	9,54E+01
538	0,95357	9,54E+01
538,2	0,95379	9,54E+01
538,4	0,95291	9,53E+01
538,6	0,95157	9,52E+01
538,8	0,94995	9,50E+01
539	0,94806	9,48E+01
539,2	0,94654	9,47E+01
539,4	0,9454	9,45E+01
539,6	0,94425	9,44E+01
539,8	0,9435	9,44E+01
540	0,94292	9,43E+01
540,2	0,9424	9,42E+01
540,4	0,94316	9,43E+01
540,6	0,94374	9,44E+01
540,8	0,94447	9,44E+01
541	0,94534	9,45E+01
541,2	0,94635	9,46E+01
541,4	0,94757	9,48E+01
541,6	0,94883	9,49E+01
541,8	0,95027	9,50E+01
542	0,95096	9,51E+01
542,2	0,95165	9,52E+01
542,4	0,95302	9,53E+01
542,6	0,95384	9,54E+01
542,8	0,95398	9,54E+01
543	0,95405	9,54E+01
543,2	0,95369	9,54E+01
543,4	0,95384	9,54E+01
543,6	0,95396	9,54E+01
543,8	0,95462	9,55E+01
544	0,95485	9,55E+01
544,2	0,95521	9,55E+01
544,4	0,95547	9,55E+01
544,6	0,95604	9,56E+01
544,8	0,95636	9,56E+01
545	0,95661	9,57E+01
545,2	0,95632	9,56E+01
545,4	0,9559	9,56E+01
545,6	0,95479	9,55E+01
545,8	0,95386	9,54E+01
546	0,95235	9,52E+01
546,2	0,95043	9,50E+01
546,4	0,94818	9,48E+01
546,6	0,9466	9,47E+01
546,8	0,94474	9,45E+01
547	0,94306	9,43E+01
547,2	0,94198	9,42E+01
547,4	0,94161	9,42E+01
547,6	0,94086	9,41E+01
547,8	0,94171	9,42E+01
548	0,94201	9,42E+01
548,2	0,94274	9,43E+01
548,4	0,94321	9,43E+01
548,6	0,94357	9,44E+01
548,8	0,94397	9,44E+01
549	0,94434	9,44E+01
549,2	0,9451	9,45E+01
549,4	0,94489	9,45E+01
549,6	0,9455	9,46E+01
549,8	0,94566	9,46E+01
550	0,94601	9,46E+01
550,2	0,94659	9,47E+01
550,4	0,94747	9,47E+01
550,6	0,94826	9,48E+01
550,8	0,94976	9,50E+01
551	0,95061	9,51E+01
551,2	0,95109	9,51E+01
551,4	0,95211	9,52E+01
551,6	0,95274	9,53E+01
551,8	0,95286	9,53E+01
552	0,95244	9,52E+01
552,2	0,95214	9,52E+01
552,4	0,95108	9,51E+01
552,6	0,9504	9,50E+01
552,8	0,94944	9,49E+01
553	0,94868	9,49E+01
553,2	0,94875	9,49E+01
553,4	0,94861	9,49E+01
553,6	0,94869	9,49E+01
553,8	0,94945	9,49E+01
554	0,95061	9,51E+01
554,2	0,95159	9,52E+01
554,4	0,95303	9,53E+01
554,6	0,9537	9,54E+01
554,8	0,95487	9,55E+01
555	0,95551	9,56E+01
555,2	0,95567	9,56E+01
555,4	0,95546	9,55E+01
555,6	0,95488	9,55E+01
555,8	0,95403	9,54E+01
556	0,95282	9,53E+01
556,2	0,95215	9,52E+01
556,4	0,95174	9,52E+01
556,6	0,95117	9,51E+01
556,8	0,95106	9,51E+01
557	0,95095	9,51E+01
557,2	0,95159	9,52E+01
557,4	0,952	9,52E+01
557,6	0,9529	9,53E+01
557,8	0,95391	9,54E+01
558	0,95451	9,55E+01
558,2	0,95509	9,55E+01
558,4	0,9554	9,55E+01
558,6	0,95475	9,55E+01
558,8	0,95387	9,54E+01
559	0,95264	9,53E+01
559,2	0,95065	9,51E+01
559,4	0,94892	9,49E+01
559,6	0,94732	9,47E+01
559,8	0,94558	9,46E+01
560	0,94448	9,44E+01
560,2	0,94384	9,44E+01
560,4	0,94323	9,43E+01
560,6	0,94303	9,43E+01
560,8	0,94371	9,44E+01
561	0,94457	9,45E+01
561,2	0,94517	9,45E+01
561,4	0,94639	9,46E+01
561,6	0,94688	9,47E+01
561,8	0,94766	9,48E+01
562	0,94837	9,48E+01
562,2	0,94805	9,48E+01
562,4	0,94805	9,48E+01
562,6	0,94735	9,47E+01
562,8	0,9472	9,47E+01
563	0,94634	9,46E+01
563,2	0,946	9,46E+01
563,4	0,9459	9,46E+01
563,6	0,94629	9,46E+01
563,8	0,94663	9,47E+01
564	0,9474	9,47E+01
564,2	0,94828	9,48E+01
564,4	0,94933	9,49E+01
564,6	0,95034	9,50E+01
564,8	0,95105	9,51E+01
565	0,95189	9,52E+01
565,2	0,95196	9,52E+01
565,4	0,95198	9,52E+01
565,6	0,95123	9,51E+01
565,8	0,95041	9,50E+01
566	0,9485	9,49E+01
566,2	0,94676	9,47E+01
566,4	0,94516	9,45E+01
566,6	0,94309	9,43E+01
566,8	0,94164	9,42E+01
567	0,94061	9,41E+01
567,2	0,93972	9,40E+01
567,4	0,93934	9,39E+01
567,6	0,93916	9,39E+01
567,8	0,93947	9,39E+01
568	0,94058	9,41E+01
568,2	0,94205	9,42E+01
568,4	0,94388	9,44E+01
568,6	0,94552	9,46E+01
568,8	0,94709	9,47E+01
569	0,94895	9,49E+01
569,2	0,95015	9,50E+01
569,4	0,95092	9,51E+01
569,6	0,95135	9,51E+01
569,8	0,95124	9,51E+01
570	0,95062	9,51E+01
570,2	0,94954	9,50E+01
570,4	0,94771	9,48E+01
570,6	0,94581	9,46E+01
570,8	0,94356	9,44E+01
571	0,94217	9,42E+01
571,2	0,94037	9,40E+01
571,4	0,93903	9,39E+01
571,6	0,93822	9,38E+01
571,8	0,93839	9,38E+01
572	0,9387	9,39E+01
572,2	0,94016	9,40E+01
572,4	0,94193	9,42E+01
572,6	0,94339	9,43E+01
572,8	0,94459	9,45E+01
573	0,9452	9,45E+01
573,2	0,9452	9,45E+01
573,4	0,94438	9,44E+01
573,6	0,94199	9,42E+01
573,8	0,93848	9,38E+01
574	0,93461	9,35E+01
574,2	0,93057	9,31E+01
574,4	0,92624	9,26E+01
574,6	0,92296	9,23E+01
574,8	0,92084	9,21E+01
575	0,9209	9,21E+01
575,2	0,9225	9,23E+01
575,4	0,92513	9,25E+01
575,6	0,92883	9,29E+01
575,8	0,93249	9,32E+01
576	0,9351	9,35E+01
576,2	0,93436	9,34E+01
576,4	0,92984	9,30E+01
576,6	0,92069	9,21E+01
576,8	0,90525	9,05E+01
577	0,882	8,82E+01
577,2	0,84547	8,45E+01
577,4	0,78806	7,88E+01
577,6	0,70736	7,07E+01
577,8	0,58794	5,88E+01
578	0,44908	4,49E+01
578,2	0,31471	3,15E+01
578,4	0,20643	2,06E+01
578,6	0,1296	1,30E+01
578,8	0,08018	8,02E+00
579	0,04617	4,62E+00
579,2	0,02873	2,87E+00
579,4	0,01815	1,82E+00
579,6	0,0117	1,17E+00
579,8	0,00774	7,74E-01
580	0,00517	5,17E-01
580,2	0,00346	3,46E-01
580,4	0,00231	2,31E-01
580,6	0,00161	1,61E-01
580,8	0,00114	1,14E-01
581	8,15E-04	8,15E-02
581,2	5,97E-04	5,97E-02
581,4	4,30E-04	4,30E-02
581,6	3,07E-04	3,07E-02
581,8	2,24E-04	2,24E-02
582	1,68E-04	1,68E-02
582,2	1,28E-04	1,28E-02
582,4	9,90E-05	9,90E-03
582,6	7,66E-05	7,66E-03
582,8	5,85E-05	5,85E-03
583	4,55E-05	4,55E-03
583,2	3,62E-05	3,62E-03
583,4	2,93E-05	2,93E-03
583,6	2,38E-05	2,38E-03
583,8	1,92E-05	1,92E-03
584	1,56E-05	1,56E-03
584,2	1,26E-05	1,26E-03
584,4	1,03E-05	1,03E-03
584,6	8,57E-06	8,57E-04
584,8	7,22E-06	7,22E-04
585	6,13E-06	6,13E-04
585,2	5,18E-06	5,18E-04
585,4	4,33E-06	4,33E-04
585,6	3,77E-06	3,77E-04
585,8	3,41E-06	3,41E-04
586	3,02E-06	3,02E-04
586,2	2,66E-06	2,66E-04
586,4	2,38E-06	2,38E-04
586,6	2,13E-06	2,13E-04
586,8	1,82E-06	1,82E-04
587	1,69E-06	1,69E-04
587,2	1,47E-06	1,47E-04
587,4	1,38E-06	1,38E-04
587,6	1,29E-06	1,29E-04
587,8	1,16E-06	1,16E-04
588	1,13E-06	1,13E-04
588,2	1,03E-06	1,03E-04
588,4	1,04E-06	1,04E-04
588,6	9,64E-07	9,64E-05
588,8	8,85E-07	8,85E-05
589	8,89E-07	8,89E-05
589,2	8,17E-07	8,17E-05
589,4	8,34E-07	8,34E-05
589,6	8,90E-07	8,90E-05
589,8	8,31E-07	8,31E-05
590	7,89E-07	7,89E-05
590,2	8,93E-07	8,93E-05
590,4	9,08E-07	9,08E-05
590,6	8,33E-07	8,33E-05
590,8	9,35E-07	9,35E-05
591	9,34E-07	9,34E-05
591,2	9,25E-07	9,25E-05
591,4	8,99E-07	8,99E-05
591,6	8,02E-07	8,02E-05
591,8	6,80E-07	6,80E-05
592	6,35E-07	6,35E-05
592,2	5,63E-07	5,63E-05
592,4	4,90E-07	4,90E-05
592,6	3,98E-07	3,98E-05
592,8	3,10E-07	3,10E-05
593	2,65E-07	2,65E-05
593,2	2,78E-07	2,78E-05
593,4	2,91E-07	2,91E-05
593,6	3,04E-07	3,04E-05
593,8	3,18E-07	3,18E-05
594	3,33E-07	3,33E-05
594,2	3,48E-07	3,48E-05
594,4	3,56E-07	3,56E-05
594,6	3,43E-07	3,43E-05
594,8	3,30E-07	3,30E-05
595	3,18E-07	3,18E-05
595,2	3,06E-07	3,06E-05
595,4	2,94E-07	2,94E-05
595,6	2,83E-07	2,83E-05
595,8	2,73E-07	2,73E-05
596	2,63E-07	2,63E-05
596,2	2,53E-07	2,53E-05
596,4	2,44E-07	2,44E-05
596,6	2,34E-07	2,34E-05
596,8	2,26E-07	2,26E-05
597	2,17E-07	2,17E-05
597,2	2,09E-07	2,09E-05
597,4	2,01E-07	2,01E-05
597,6	1,94E-07	1,94E-05
597,8	1,87E-07	1,87E-05
598	1,84E-07	1,84E-05
598,2	1,82E-07	1,82E-05
598,4	1,80E-07	1,80E-05
598,6	1,78E-07	1,78E-05
598,8	1,76E-07	1,76E-05
599	1,74E-07	1,74E-05
599,2	1,73E-07	1,73E-05
599,4	1,71E-07	1,71E-05
599,6	1,69E-07	1,69E-05
599,8	1,67E-07	1,67E-05
600	1,66E-07	1,66E-05
600,2	1,64E-07	1,64E-05
600,4	1,62E-07	1,62E-05
600,6	1,60E-07	1,60E-05
600,8	1,59E-07	1,59E-05
601	1,57E-07	1,57E-05
601,2	1,56E-07	1,56E-05
601,4	1,54E-07	1,54E-05
601,6	1,52E-07	1,52E-05
601,8	1,51E-07	1,51E-05
602	1,49E-07	1,49E-05
602,2	1,48E-07	1,48E-05
602,4	1,46E-07	1,46E-05
602,6	1,45E-07	1,45E-05
602,8	1,44E-07	1,44E-05
603	1,44E-07	1,44E-05
603,2	1,44E-07	1,44E-05
603,4	1,44E-07	1,44E-05
603,6	1,44E-07	1,44E-05
603,8	1,45E-07	1,45E-05
604	1,45E-07	1,45E-05
604,2	1,45E-07	1,45E-05
604,4	1,45E-07	1,45E-05
604,6	1,46E-07	1,46E-05
604,8	1,46E-07	1,46E-05
605	1,46E-07	1,46E-05
605,2	1,46E-07	1,46E-05
605,4	1,46E-07	1,46E-05
605,6	1,47E-07	1,47E-05
605,8	1,47E-07	1,47E-05
606	1,47E-07	1,47E-05
606,2	1,47E-07	1,47E-05
606,4	1,48E-07	1,48E-05
606,6	1,48E-07	1,48E-05
606,8	1,48E-07	1,48E-05
607	1,48E-07	1,48E-05
607,2	1,48E-07	1,48E-05
607,4	1,49E-07	1,49E-05
607,6	1,49E-07	1,49E-05
607,8	1,49E-07	1,49E-05
608	1,48E-07	1,48E-05
608,2	1,48E-07	1,48E-05
608,4	1,47E-07	1,47E-05
608,6	1,47E-07	1,47E-05
608,8	1,46E-07	1,46E-05
609	1,46E-07	1,46E-05
609,2	1,45E-07	1,45E-05
609,4	1,44E-07	1,44E-05
609,6	1,44E-07	1,44E-05
609,8	1,43E-07	1,43E-05
610	1,43E-07	1,43E-05
610,2	1,42E-07	1,42E-05
610,4	1,42E-07	1,42E-05
610,6	1,41E-07	1,41E-05
610,8	1,41E-07	1,41E-05
611	1,41E-07	1,41E-05
611,2	1,40E-07	1,40E-05
611,4	1,40E-07	1,40E-05
611,6	1,39E-07	1,39E-05
611,8	1,39E-07	1,39E-05
612	1,38E-07	1,38E-05
612,2	1,38E-07	1,38E-05
612,4	1,37E-07	1,37E-05
612,6	1,37E-07	1,37E-05
612,8	1,37E-07	1,37E-05
613	1,37E-07	1,37E-05
613,2	1,37E-07	1,37E-05
613,4	1,37E-07	1,37E-05
613,6	1,37E-07	1,37E-05
613,8	1,37E-07	1,37E-05
614	1,37E-07	1,37E-05
614,2	1,37E-07	1,37E-05
614,4	1,37E-07	1,37E-05
614,6	1,37E-07	1,37E-05
614,8	1,37E-07	1,37E-05
615	1,37E-07	1,37E-05
615,2	1,37E-07	1,37E-05
615,4	1,37E-07	1,37E-05
615,6	1,37E-07	1,37E-05
615,8	1,37E-07	1,37E-05
616	1,37E-07	1,37E-05
616,2	1,37E-07	1,37E-05
616,4	1,37E-07	1,37E-05
616,6	1,38E-07	1,38E-05
616,8	1,38E-07	1,38E-05
617	1,38E-07	1,38E-05
617,2	1,38E-07	1,38E-05
617,4	1,38E-07	1,38E-05
617,6	1,37E-07	1,37E-05
617,8	1,37E-07	1,37E-05
618	1,36E-07	1,36E-05
618,2	1,36E-07	1,36E-05
618,4	1,35E-07	1,35E-05
618,6	1,35E-07	1,35E-05
618,8	1,34E-07	1,34E-05
619	1,34E-07	1,34E-05
619,2	1,33E-07	1,33E-05
619,4	1,33E-07	1,33E-05
619,6	1,32E-07	1,32E-05
619,8	1,32E-07	1,32E-05
620	1,32E-07	1,32E-05
620,2	1,31E-07	1,31E-05
620,4	1,31E-07	1,31E-05
620,6	1,30E-07	1,30E-05
620,8	1,30E-07	1,30E-05
621	1,29E-07	1,29E-05
621,2	1,29E-07	1,29E-05
621,4	1,28E-07	1,28E-05
621,6	1,28E-07	1,28E-05
621,8	1,27E-07	1,27E-05
622	1,27E-07	1,27E-05
622,2	1,26E-07	1,26E-05
622,4	1,26E-07	1,26E-05
622,6	1,26E-07	1,26E-05
622,8	1,26E-07	1,26E-05
623	1,25E-07	1,25E-05
623,2	1,25E-07	1,25E-05
623,4	1,25E-07	1,25E-05
623,6	1,25E-07	1,25E-05
623,8	1,24E-07	1,24E-05
624	1,24E-07	1,24E-05
624,2	1,24E-07	1,24E-05
624,4	1,24E-07	1,24E-05
624,6	1,24E-07	1,24E-05
624,8	1,23E-07	1,23E-05
625	1,23E-07	1,23E-05
625,2	1,23E-07	1,23E-05
625,4	1,23E-07	1,23E-05
625,6	1,23E-07	1,23E-05
625,8	1,22E-07	1,22E-05
626	1,22E-07	1,22E-05
626,2	1,22E-07	1,22E-05
626,4	1,22E-07	1,22E-05
626,6	1,22E-07	1,22E-05
626,8	1,21E-07	1,21E-05
627	1,21E-07	1,21E-05
627,2	1,21E-07	1,21E-05
627,4	1,20E-07	1,20E-05
627,6	1,20E-07	1,20E-05
627,8	1,19E-07	1,19E-05
628	1,19E-07	1,19E-05
628,2	1,18E-07	1,18E-05
628,4	1,18E-07	1,18E-05
628,6	1,17E-07	1,17E-05
628,8	1,16E-07	1,16E-05
629	1,16E-07	1,16E-05
629,2	1,15E-07	1,15E-05
629,4	1,15E-07	1,15E-05
629,6	1,14E-07	1,14E-05
629,8	1,14E-07	1,14E-05
630	1,13E-07	1,13E-05
630,2	1,13E-07	1,13E-05
630,4	1,12E-07	1,12E-05
630,6	1,12E-07	1,12E-05
630,8	1,11E-07	1,11E-05
631	1,11E-07	1,11E-05
631,2	1,10E-07	1,10E-05
631,4	1,09E-07	1,09E-05
631,6	1,09E-07	1,09E-05
631,8	1,08E-07	1,08E-05
632	1,08E-07	1,08E-05
632,2	1,08E-07	1,08E-05
632,4	1,07E-07	1,07E-05
632,6	1,07E-07	1,07E-05
632,8	1,07E-07	1,07E-05
633	1,07E-07	1,07E-05
633,2	1,07E-07	1,07E-05
633,4	1,07E-07	1,07E-05
633,6	1,06E-07	1,06E-05
633,8	1,06E-07	1,06E-05
634	1,06E-07	1,06E-05
634,2	1,06E-07	1,06E-05
634,4	1,06E-07	1,06E-05
634,6	1,06E-07	1,06E-05
634,8	1,05E-07	1,05E-05
635	1,05E-07	1,05E-05
635,2	1,05E-07	1,05E-05
635,4	1,05E-07	1,05E-05
635,6	1,05E-07	1,05E-05
635,8	1,05E-07	1,05E-05
636	1,04E-07	1,04E-05
636,2	1,04E-07	1,04E-05
636,4	1,04E-07	1,04E-05
636,6	1,04E-07	1,04E-05
636,8	1,04E-07	1,04E-05
637	1,04E-07	1,04E-05
637,2	1,04E-07	1,04E-05
637,4	1,04E-07	1,04E-05
637,6	1,04E-07	1,04E-05
637,8	1,04E-07	1,04E-05
638	1,04E-07	1,04E-05
638,2	1,04E-07	1,04E-05
638,4	1,04E-07	1,04E-05
638,6	1,04E-07	1,04E-05
638,8	1,04E-07	1,04E-05
639	1,05E-07	1,05E-05
639,2	1,05E-07	1,05E-05
639,4	1,05E-07	1,05E-05
639,6	1,05E-07	1,05E-05
639,8	1,05E-07	1,05E-05
640	1,05E-07	1,05E-05
640,2	1,05E-07	1,05E-05
640,4	1,05E-07	1,05E-05
640,6	1,05E-07	1,05E-05
640,8	1,05E-07	1,05E-05
641	1,05E-07	1,05E-05
641,2	1,06E-07	1,06E-05
641,4	1,06E-07	1,06E-05
641,6	1,06E-07	1,06E-05
641,8	1,06E-07	1,06E-05
642	1,06E-07	1,06E-05
642,2	1,06E-07	1,06E-05
642,4	1,06E-07	1,06E-05
642,6	1,06E-07	1,06E-05
642,8	1,06E-07	1,06E-05
643	1,06E-07	1,06E-05
643,2	1,06E-07	1,06E-05
643,4	1,06E-07	1,06E-05
643,6	1,06E-07	1,06E-05
643,8	1,06E-07	1,06E-05
644	1,06E-07	1,06E-05
644,2	1,06E-07	1,06E-05
644,4	1,06E-07	1,06E-05
644,6	1,06E-07	1,06E-05
644,8	1,06E-07	1,06E-05
645	1,06E-07	1,06E-05
645,2	1,06E-07	1,06E-05
645,4	1,06E-07	1,06E-05
645,6	1,06E-07	1,06E-05
645,8	1,06E-07	1,06E-05
646	1,06E-07	1,06E-05
646,2	1,06E-07	1,06E-05
646,4	1,06E-07	1,06E-05
646,6	1,06E-07	1,06E-05
646,8	1,06E-07	1,06E-05
647	1,05E-07	1,05E-05
647,2	1,04E-07	1,04E-05
647,4	1,02E-07	1,02E-05
647,6	1,01E-07	1,01E-05
647,8	1,00E-07	1,00E-05
648	9,91E-08	9,91E-06
648,2	9,80E-08	9,80E-06
648,4	9,69E-08	9,69E-06
648,6	9,59E-08	9,59E-06
648,8	9,48E-08	9,48E-06
649	9,38E-08	9,38E-06
649,2	9,28E-08	9,28E-06
649,4	9,18E-08	9,18E-06
649,6	9,08E-08	9,08E-06
649,8	8,98E-08	8,98E-06
650	8,88E-08	8,88E-06
650,2	8,78E-08	8,78E-06
650,4	8,81E-08	8,81E-06
650,6	8,84E-08	8,84E-06
650,8	8,87E-08	8,87E-06
651	8,90E-08	8,90E-06
651,2	8,93E-08	8,93E-06
651,4	8,96E-08	8,96E-06
651,6	8,99E-08	8,99E-06
651,8	9,02E-08	9,02E-06
652	9,05E-08	9,05E-06
652,2	9,08E-08	9,08E-06
652,4	9,11E-08	9,11E-06
652,6	9,14E-08	9,14E-06
652,8	9,17E-08	9,17E-06
653	9,20E-08	9,20E-06
653,2	9,23E-08	9,23E-06
653,4	9,26E-08	9,26E-06
653,6	9,51E-08	9,51E-06
653,8	1,05E-07	1,05E-05
654	1,15E-07	1,15E-05
654,2	1,26E-07	1,26E-05
654,4	1,39E-07	1,39E-05
654,6	1,53E-07	1,53E-05
654,8	1,68E-07	1,68E-05
655	1,85E-07	1,85E-05
655,2	2,03E-07	2,03E-05
655,4	2,24E-07	2,24E-05
655,6	2,46E-07	2,46E-05
655,8	2,70E-07	2,70E-05
656	2,96E-07	2,96E-05
656,2	2,87E-07	2,87E-05
656,4	2,78E-07	2,78E-05
656,6	2,69E-07	2,69E-05
656,8	2,61E-07	2,61E-05
657	2,53E-07	2,53E-05
657,2	2,45E-07	2,45E-05
657,4	2,40E-07	2,40E-05
657,6	2,39E-07	2,39E-05
657,8	2,38E-07	2,38E-05
658	2,38E-07	2,38E-05
658,2	2,37E-07	2,37E-05
658,4	2,36E-07	2,36E-05
658,6	2,35E-07	2,35E-05
658,8	2,41E-07	2,41E-05
659	2,48E-07	2,48E-05
659,2	2,56E-07	2,56E-05
659,4	2,64E-07	2,64E-05
659,6	2,72E-07	2,72E-05
659,8	2,80E-07	2,80E-05
660	2,88E-07	2,88E-05
660,2	2,89E-07	2,89E-05
660,4	2,90E-07	2,90E-05
660,6	2,91E-07	2,91E-05
660,8	2,92E-07	2,92E-05
661	2,93E-07	2,93E-05
661,2	2,94E-07	2,94E-05
661,4	2,96E-07	2,96E-05
661,6	2,99E-07	2,99E-05
661,8	3,01E-07	3,01E-05
662	3,04E-07	3,04E-05
662,2	3,06E-07	3,06E-05
662,4	3,09E-07	3,09E-05
662,6	3,12E-07	3,12E-05
662,8	3,08E-07	3,08E-05
663	3,03E-07	3,03E-05
663,2	2,98E-07	2,98E-05
663,4	2,93E-07	2,93E-05
663,6	2,88E-07	2,88E-05
663,8	2,84E-07	2,84E-05
664	2,79E-07	2,79E-05
664,2	2,76E-07	2,76E-05
664,4	2,73E-07	2,73E-05
664,6	2,70E-07	2,70E-05
664,8	2,67E-07	2,67E-05
665	2,65E-07	2,65E-05
665,2	2,62E-07	2,62E-05
665,4	2,52E-07	2,52E-05
665,6	2,38E-07	2,38E-05
665,8	2,24E-07	2,24E-05
666	2,12E-07	2,12E-05
666,2	2,00E-07	2,00E-05
666,4	1,88E-07	1,88E-05
666,6	1,78E-07	1,78E-05
666,8	1,81E-07	1,81E-05
667	1,85E-07	1,85E-05
667,2	1,89E-07	1,89E-05
667,4	1,93E-07	1,93E-05
667,6	1,98E-07	1,98E-05
667,8	2,02E-07	2,02E-05
668	2,09E-07	2,09E-05
668,2	2,20E-07	2,20E-05
668,4	2,31E-07	2,31E-05
668,6	2,43E-07	2,43E-05
668,8	2,56E-07	2,56E-05
669	2,69E-07	2,69E-05
669,2	2,84E-07	2,84E-05
669,4	2,84E-07	2,84E-05
669,6	2,77E-07	2,77E-05
669,8	2,71E-07	2,71E-05
670	2,65E-07	2,65E-05
670,2	2,59E-07	2,59E-05
670,4	2,53E-07	2,53E-05
670,6	2,47E-07	2,47E-05
670,8	2,48E-07	2,48E-05
671	2,48E-07	2,48E-05
671,2	2,48E-07	2,48E-05
671,4	2,48E-07	2,48E-05
671,6	2,49E-07	2,49E-05
671,8	2,49E-07	2,49E-05
672	2,49E-07	2,49E-05
672,2	2,50E-07	2,50E-05
672,4	2,52E-07	2,52E-05
672,6	2,53E-07	2,53E-05
672,8	2,54E-07	2,54E-05
673	2,55E-07	2,55E-05
673,2	2,51E-07	2,51E-05
673,4	2,47E-07	2,47E-05
673,6	2,43E-07	2,43E-05
673,8	2,39E-07	2,39E-05
674	2,36E-07	2,36E-05
674,2	2,35E-07	2,35E-05
674,4	2,34E-07	2,34E-05
674,6	2,33E-07	2,33E-05
674,8	2,32E-07	2,32E-05
675	2,30E-07	2,30E-05
675,2	2,29E-07	2,29E-05
675,4	2,28E-07	2,28E-05
675,6	2,27E-07	2,27E-05
675,8	2,26E-07	2,26E-05
676	2,25E-07	2,25E-05
676,2	2,24E-07	2,24E-05
676,4	2,23E-07	2,23E-05
676,6	2,22E-07	2,22E-05
676,8	2,21E-07	2,21E-05
677	2,20E-07	2,20E-05
677,2	2,19E-07	2,19E-05
677,4	2,18E-07	2,18E-05
677,6	2,16E-07	2,16E-05
677,8	2,10E-07	2,10E-05
678	2,03E-07	2,03E-05
678,2	1,96E-07	1,96E-05
678,4	1,90E-07	1,90E-05
678,6	1,83E-07	1,83E-05
678,8	1,77E-07	1,77E-05
679	1,71E-07	1,71E-05
679,2	1,66E-07	1,66E-05
679,4	1,60E-07	1,60E-05
679,6	1,55E-07	1,55E-05
679,8	1,50E-07	1,50E-05
680	1,45E-07	1,45E-05
680,2	1,40E-07	1,40E-05
680,4	1,35E-07	1,35E-05
680,6	1,31E-07	1,31E-05
680,8	1,26E-07	1,26E-05
681	1,22E-07	1,22E-05
681,2	1,18E-07	1,18E-05
681,4	1,18E-07	1,18E-05
681,6	1,20E-07	1,20E-05
681,8	1,22E-07	1,22E-05
682	1,24E-07	1,24E-05
682,2	1,27E-07	1,27E-05
682,4	1,29E-07	1,29E-05
682,6	1,31E-07	1,31E-05
682,8	1,34E-07	1,34E-05
683	1,37E-07	1,37E-05
683,2	1,39E-07	1,39E-05
683,4	1,42E-07	1,42E-05
683,6	1,44E-07	1,44E-05
683,8	1,47E-07	1,47E-05
684	1,50E-07	1,50E-05
684,2	1,53E-07	1,53E-05
684,4	1,56E-07	1,56E-05
684,6	1,59E-07	1,59E-05
684,8	1,62E-07	1,62E-05
685	1,63E-07	1,63E-05
685,2	1,61E-07	1,61E-05
685,4	1,59E-07	1,59E-05
685,6	1,57E-07	1,57E-05
685,8	1,54E-07	1,54E-05
686	1,52E-07	1,52E-05
686,2	1,50E-07	1,50E-05
686,4	1,48E-07	1,48E-05
686,6	1,46E-07	1,46E-05
686,8	1,44E-07	1,44E-05
687	1,42E-07	1,42E-05
687,2	1,40E-07	1,40E-05
687,4	1,38E-07	1,38E-05
687,6	1,36E-07	1,36E-05
687,8	1,35E-07	1,35E-05
688	1,33E-07	1,33E-05
688,2	1,31E-07	1,31E-05
688,4	1,29E-07	1,29E-05
688,6	1,27E-07	1,27E-05
688,8	1,28E-07	1,28E-05
689	1,28E-07	1,28E-05
689,2	1,29E-07	1,29E-05
689,4	1,29E-07	1,29E-05
689,6	1,30E-07	1,30E-05
689,8	1,30E-07	1,30E-05
690	1,31E-07	1,31E-05
690,2	1,31E-07	1,31E-05
690,4	1,32E-07	1,32E-05
690,6	1,32E-07	1,32E-05
690,8	1,33E-07	1,33E-05
691	1,33E-07	1,33E-05
691,2	1,34E-07	1,34E-05
691,4	1,35E-07	1,35E-05
691,6	1,35E-07	1,35E-05
691,8	1,36E-07	1,36E-05
692	1,36E-07	1,36E-05
692,2	1,37E-07	1,37E-05
692,4	1,36E-07	1,36E-05
692,6	1,35E-07	1,35E-05
692,8	1,34E-07	1,34E-05
693	1,34E-07	1,34E-05
693,2	1,33E-07	1,33E-05
693,4	1,32E-07	1,32E-05
693,6	1,31E-07	1,31E-05
693,8	1,30E-07	1,30E-05
694	1,29E-07	1,29E-05
694,2	1,29E-07	1,29E-05
694,4	1,28E-07	1,28E-05
694,6	1,27E-07	1,27E-05
694,8	1,26E-07	1,26E-05
695	1,25E-07	1,25E-05
695,2	1,24E-07	1,24E-05
695,4	1,24E-07	1,24E-05
695,6	1,23E-07	1,23E-05
695,8	1,22E-07	1,22E-05
696	1,22E-07	1,22E-05
696,2	1,23E-07	1,23E-05
696,4	1,24E-07	1,24E-05
696,6	1,24E-07	1,24E-05
696,8	1,25E-07	1,25E-05
697	1,26E-07	1,26E-05
697,2	1,27E-07	1,27E-05
697,4	1,28E-07	1,28E-05
697,6	1,29E-07	1,29E-05
697,8	1,29E-07	1,29E-05
698	1,30E-07	1,30E-05
698,2	1,31E-07	1,31E-05
698,4	1,32E-07	1,32E-05
698,6	1,33E-07	1,33E-05
698,8	1,34E-07	1,34E-05
699	1,35E-07	1,35E-05
699,2	1,35E-07	1,35E-05
699,4	1,36E-07	1,36E-05
699,6	1,37E-07	1,37E-05
699,8	1,39E-07	1,39E-05
700	1,40E-07	1,40E-05
700,2	1,42E-07	1,42E-05
700,4	1,44E-07	1,44E-05
700,6	1,45E-07	1,45E-05
700,8	1,47E-07	1,47E-05
701	1,48E-07	1,48E-05
701,2	1,50E-07	1,50E-05
701,4	1,52E-07	1,52E-05
701,6	1,54E-07	1,54E-05
701,8	1,55E-07	1,55E-05
702	1,57E-07	1,57E-05
702,2	1,59E-07	1,59E-05
702,4	1,61E-07	1,61E-05
702,6	1,62E-07	1,62E-05
702,8	1,64E-07	1,64E-05
703	1,66E-07	1,66E-05
703,2	1,68E-07	1,68E-05
703,4	1,67E-07	1,67E-05
703,6	1,66E-07	1,66E-05
703,8	1,65E-07	1,65E-05
704	1,64E-07	1,64E-05
704,2	1,63E-07	1,63E-05
704,4	1,62E-07	1,62E-05
704,6	1,60E-07	1,60E-05
704,8	1,59E-07	1,59E-05
705	1,58E-07	1,58E-05
705,2	1,57E-07	1,57E-05
705,4	1,56E-07	1,56E-05
705,6	1,55E-07	1,55E-05
705,8	1,54E-07	1,54E-05
706	1,53E-07	1,53E-05
706,2	1,52E-07	1,52E-05
706,4	1,51E-07	1,51E-05
706,6	1,50E-07	1,50E-05
706,8	1,49E-07	1,49E-05
707	1,50E-07	1,50E-05
707,2	1,51E-07	1,51E-05
707,4	1,52E-07	1,52E-05
707,6	1,54E-07	1,54E-05
707,8	1,55E-07	1,55E-05
708	1,56E-07	1,56E-05
708,2	1,57E-07	1,57E-05
708,4	1,59E-07	1,59E-05
708,6	1,60E-07	1,60E-05
708,8	1,61E-07	1,61E-05
709	1,63E-07	1,63E-05
709,2	1,64E-07	1,64E-05
709,4	1,65E-07	1,65E-05
709,6	1,67E-07	1,67E-05
709,8	1,68E-07	1,68E-05
710	1,69E-07	1,69E-05
710,2	1,71E-07	1,71E-05
710,4	1,72E-07	1,72E-05
710,6	1,72E-07	1,72E-05
710,8	1,70E-07	1,70E-05
711	1,67E-07	1,67E-05
711,2	1,65E-07	1,65E-05
711,4	1,63E-07	1,63E-05
711,6	1,61E-07	1,61E-05
711,8	1,59E-07	1,59E-05
712	1,58E-07	1,58E-05
712,2	1,56E-07	1,56E-05
712,4	1,54E-07	1,54E-05
712,6	1,52E-07	1,52E-05
712,8	1,50E-07	1,50E-05
713	1,48E-07	1,48E-05
713,2	1,46E-07	1,46E-05
713,4	1,45E-07	1,45E-05
713,6	1,43E-07	1,43E-05
713,8	1,41E-07	1,41E-05
714	1,39E-07	1,39E-05
714,2	1,38E-07	1,38E-05
714,4	1,36E-07	1,36E-05
714,6	1,34E-07	1,34E-05
714,8	1,32E-07	1,32E-05
715	1,31E-07	1,31E-05
715,2	1,29E-07	1,29E-05
715,4	1,28E-07	1,28E-05
715,6	1,26E-07	1,26E-05
715,8	1,24E-07	1,24E-05
716	1,23E-07	1,23E-05
716,2	1,21E-07	1,21E-05
716,4	1,20E-07	1,20E-05
716,6	1,18E-07	1,18E-05
716,8	1,17E-07	1,17E-05
717	1,15E-07	1,15E-05
717,2	1,14E-07	1,14E-05
717,4	1,12E-07	1,12E-05
717,6	1,11E-07	1,11E-05
717,8	1,09E-07	1,09E-05
718	1,07E-07	1,07E-05
718,2	1,05E-07	1,05E-05
718,4	1,03E-07	1,03E-05
718,6	1,00E-07	1,00E-05
718,8	9,83E-08	9,83E-06
719	9,62E-08	9,62E-06
719,2	9,42E-08	9,42E-06
719,4	9,22E-08	9,22E-06
719,6	9,03E-08	9,03E-06
719,8	8,84E-08	8,84E-06
720	8,65E-08	8,65E-06
720,2	8,47E-08	8,47E-06
720,4	8,29E-08	8,29E-06
720,6	8,12E-08	8,12E-06
720,8	7,95E-08	7,95E-06
721	7,78E-08	7,78E-06
721,2	7,61E-08	7,61E-06
721,4	7,45E-08	7,45E-06
721,6	7,38E-08	7,38E-06
721,8	7,31E-08	7,31E-06
722	7,25E-08	7,25E-06
722,2	7,18E-08	7,18E-06
722,4	7,12E-08	7,12E-06
722,6	7,05E-08	7,05E-06
722,8	6,99E-08	6,99E-06
723	6,93E-08	6,93E-06
723,2	6,87E-08	6,87E-06
723,4	6,81E-08	6,81E-06
723,6	6,75E-08	6,75E-06
723,8	6,69E-08	6,69E-06
724	6,63E-08	6,63E-06
724,2	6,57E-08	6,57E-06
724,4	6,51E-08	6,51E-06
724,6	6,45E-08	6,45E-06
724,8	6,39E-08	6,39E-06
725	6,34E-08	6,34E-06
725,2	6,29E-08	6,29E-06
725,4	6,25E-08	6,25E-06
725,6	6,21E-08	6,21E-06
725,8	6,17E-08	6,17E-06
726	6,13E-08	6,13E-06
726,2	6,09E-08	6,09E-06
726,4	6,05E-08	6,05E-06
726,6	6,01E-08	6,01E-06
726,8	5,97E-08	5,97E-06
727	5,93E-08	5,93E-06
727,2	5,89E-08	5,89E-06
727,4	5,85E-08	5,85E-06
727,6	5,82E-08	5,82E-06
727,8	5,78E-08	5,78E-06
728	5,74E-08	5,74E-06
728,2	5,70E-08	5,70E-06
728,4	5,67E-08	5,67E-06
728,6	5,63E-08	5,63E-06
728,8	5,59E-08	5,59E-06
729	5,56E-08	5,56E-06
729,2	5,52E-08	5,52E-06
729,4	5,48E-08	5,48E-06
729,6	5,45E-08	5,45E-06
729,8	5,41E-08	5,41E-06
730	5,38E-08	5,38E-06
730,2	5,34E-08	5,34E-06
730,4	5,31E-08	5,31E-06
730,6	5,27E-08	5,27E-06
730,8	5,24E-08	5,24E-06
731	5,20E-08	5,20E-06
731,2	5,17E-08	5,17E-06
731,4	5,14E-08	5,14E-06
731,6	5,10E-08	5,10E-06
731,8	5,07E-08	5,07E-06
732	5,04E-08	5,04E-06
732,2	5,00E-08	5,00E-06
732,4	5,00E-08	5,00E-06
732,6	5,05E-08	5,05E-06
732,8	5,10E-08	5,10E-06
733	5,15E-08	5,15E-06
733,2	5,20E-08	5,20E-06
733,4	5,26E-08	5,26E-06
733,6	5,31E-08	5,31E-06
733,8	5,36E-08	5,36E-06
734	5,42E-08	5,42E-06
734,2	5,47E-08	5,47E-06
734,4	5,53E-08	5,53E-06
734,6	5,58E-08	5,58E-06
734,8	5,64E-08	5,64E-06
735	5,70E-08	5,70E-06
735,2	5,75E-08	5,75E-06
735,4	5,81E-08	5,81E-06
735,6	5,87E-08	5,87E-06
735,8	5,93E-08	5,93E-06
736	5,97E-08	5,97E-06
736,2	5,94E-08	5,94E-06
736,4	5,91E-08	5,91E-06
736,6	5,88E-08	5,88E-06
736,8	5,85E-08	5,85E-06
737	5,82E-08	5,82E-06
737,2	5,79E-08	5,79E-06
737,4	5,77E-08	5,77E-06
737,6	5,74E-08	5,74E-06
737,8	5,71E-08	5,71E-06
738	5,68E-08	5,68E-06
738,2	5,72E-08	5,72E-06
738,4	5,75E-08	5,75E-06
738,6	5,79E-08	5,79E-06
738,8	5,83E-08	5,83E-06
739	5,86E-08	5,86E-06
739,2	5,89E-08	5,89E-06
739,4	5,91E-08	5,91E-06
739,6	5,94E-08	5,94E-06
739,8	5,96E-08	5,96E-06
740	5,99E-08	5,99E-06
740,2	6,01E-08	6,01E-06
740,4	6,03E-08	6,03E-06
740,6	6,06E-08	6,06E-06
740,8	6,08E-08	6,08E-06
741	6,11E-08	6,11E-06
741,2	6,13E-08	6,13E-06
741,4	6,16E-08	6,16E-06
741,6	6,18E-08	6,18E-06
741,8	6,21E-08	6,21E-06
742	6,23E-08	6,23E-06
742,2	6,26E-08	6,26E-06
742,4	6,28E-08	6,28E-06
742,6	6,31E-08	6,31E-06
742,8	6,90E-08	6,90E-06
743	8,35E-08	8,35E-06
743,2	1,01E-07	1,01E-05
743,4	1,22E-07	1,22E-05
743,6	1,48E-07	1,48E-05
743,8	1,79E-07	1,79E-05
744	2,16E-07	2,16E-05
744,2	2,62E-07	2,62E-05
744,4	3,17E-07	3,17E-05
744,6	3,83E-07	3,83E-05
744,8	4,63E-07	4,63E-05
745	5,60E-07	5,60E-05
745,2	6,78E-07	6,78E-05
745,4	8,20E-07	8,20E-05
745,6	9,92E-07	9,92E-05
745,8	1,20E-06	1,20E-04
746	1,45E-06	1,45E-04
746,2	1,76E-06	1,76E-04
746,4	2,00E-06	2,00E-04
746,6	1,90E-06	1,90E-04
746,8	1,81E-06	1,81E-04
747	1,72E-06	1,72E-04
747,2	1,64E-06	1,64E-04
747,4	1,56E-06	1,56E-04
747,6	1,48E-06	1,48E-04
747,8	1,41E-06	1,41E-04
748	1,34E-06	1,34E-04
748,2	1,28E-06	1,28E-04
748,4	1,22E-06	1,22E-04
748,6	1,16E-06	1,16E-04
748,8	1,10E-06	1,10E-04
749	1,05E-06	1,05E-04
749,2	9,97E-07	9,97E-05
749,4	9,48E-07	9,48E-05
749,6	9,02E-07	9,02E-05
749,8	8,59E-07	8,59E-05
750	8,18E-07	8,18E-05
750,2	8,25E-07	8,25E-05
750,4	8,32E-07	8,32E-05
750,6	8,39E-07	8,39E-05
750,8	8,46E-07	8,46E-05
751	8,54E-07	8,54E-05
751,2	8,61E-07	8,61E-05
751,4	8,68E-07	8,68E-05
751,6	8,75E-07	8,75E-05
751,8	8,83E-07	8,83E-05
752	8,90E-07	8,90E-05
752,2	8,98E-07	8,98E-05
752,4	9,06E-07	9,06E-05
752,6	9,13E-07	9,13E-05
752,8	9,21E-07	9,21E-05
753	9,29E-07	9,29E-05
753,2	9,37E-07	9,37E-05
753,4	9,45E-07	9,45E-05
753,6	9,53E-07	9,53E-05
753,8	9,67E-07	9,67E-05
754	9,83E-07	9,83E-05
754,2	9,99E-07	9,99E-05
754,4	1,02E-06	1,02E-04
754,6	1,03E-06	1,03E-04
754,8	1,05E-06	1,05E-04
755	1,07E-06	1,07E-04
755,2	1,08E-06	1,08E-04
755,4	1,10E-06	1,10E-04
755,6	1,12E-06	1,12E-04
755,8	1,14E-06	1,14E-04
756	1,16E-06	1,16E-04
756,2	1,18E-06	1,18E-04
756,4	1,20E-06	1,20E-04
756,6	1,22E-06	1,22E-04
756,8	1,24E-06	1,24E-04
757	1,26E-06	1,26E-04
757,2	1,28E-06	1,28E-04
757,4	1,32E-06	1,32E-04
757,6	1,37E-06	1,37E-04
757,8	1,42E-06	1,42E-04
758	1,48E-06	1,48E-04
758,2	1,53E-06	1,53E-04
758,4	1,59E-06	1,59E-04
758,6	1,66E-06	1,66E-04
758,8	1,72E-06	1,72E-04
759	1,79E-06	1,79E-04
759,2	1,86E-06	1,86E-04
759,4	1,93E-06	1,93E-04
759,6	2,01E-06	2,01E-04
759,8	2,09E-06	2,09E-04
760	2,17E-06	2,17E-04
760,2	2,25E-06	2,25E-04
760,4	2,34E-06	2,34E-04
760,6	2,43E-06	2,43E-04
760,8	2,53E-06	2,53E-04
761	2,61E-06	2,61E-04
761,2	2,68E-06	2,68E-04
761,4	2,75E-06	2,75E-04
761,6	2,82E-06	2,82E-04
761,8	2,90E-06	2,90E-04
762	2,97E-06	2,97E-04
762,2	3,05E-06	3,05E-04
762,4	3,13E-06	3,13E-04
762,6	3,22E-06	3,22E-04
762,8	3,30E-06	3,30E-04
763	3,39E-06	3,39E-04
763,2	3,48E-06	3,48E-04
763,4	3,57E-06	3,57E-04
763,6	3,67E-06	3,67E-04
763,8	3,76E-06	3,76E-04
764	3,86E-06	3,86E-04
764,2	3,96E-06	3,96E-04
764,4	4,07E-06	4,07E-04
764,6	4,11E-06	4,11E-04
764,8	3,98E-06	3,98E-04
765	3,85E-06	3,85E-04
765,2	3,73E-06	3,73E-04
765,4	3,61E-06	3,61E-04
765,6	3,49E-06	3,49E-04
765,8	3,38E-06	3,38E-04
766	3,27E-06	3,27E-04
766,2	3,17E-06	3,17E-04
766,4	3,07E-06	3,07E-04
766,6	2,97E-06	2,97E-04
766,8	2,88E-06	2,88E-04
767	2,78E-06	2,78E-04
767,2	2,69E-06	2,69E-04
767,4	2,61E-06	2,61E-04
767,6	2,53E-06	2,53E-04
767,8	2,44E-06	2,44E-04
768	2,37E-06	2,37E-04
768,2	2,31E-06	2,31E-04
768,4	2,37E-06	2,37E-04
768,6	2,44E-06	2,44E-04
768,8	2,51E-06	2,51E-04
769	2,59E-06	2,59E-04
769,2	2,66E-06	2,66E-04
769,4	2,74E-06	2,74E-04
769,6	2,81E-06	2,81E-04
769,8	2,90E-06	2,90E-04
770	2,98E-06	2,98E-04
770,2	3,06E-06	3,06E-04
770,4	3,15E-06	3,15E-04
770,6	3,24E-06	3,24E-04
770,8	3,34E-06	3,34E-04
771	3,43E-06	3,43E-04
771,2	3,53E-06	3,53E-04
771,4	3,63E-06	3,63E-04
771,6	3,74E-06	3,74E-04
771,8	3,85E-06	3,85E-04
772	3,96E-06	3,96E-04
772,2	4,08E-06	4,08E-04
772,4	4,20E-06	4,20E-04
772,6	4,32E-06	4,32E-04
772,8	4,45E-06	4,45E-04
773	4,58E-06	4,58E-04
773,2	4,72E-06	4,72E-04
773,4	4,86E-06	4,86E-04
773,6	5,00E-06	5,00E-04
773,8	5,15E-06	5,15E-04
774	5,30E-06	5,30E-04
774,2	5,46E-06	5,46E-04
774,4	5,62E-06	5,62E-04
774,6	5,79E-06	5,79E-04
774,8	5,96E-06	5,96E-04
775	6,14E-06	6,14E-04
775,2	6,32E-06	6,32E-04
775,4	6,51E-06	6,51E-04
775,6	6,70E-06	6,70E-04
775,8	6,90E-06	6,90E-04
776	7,10E-06	7,10E-04
776,2	7,31E-06	7,31E-04
776,4	7,53E-06	7,53E-04
776,6	7,52E-06	7,52E-04
776,8	7,47E-06	7,47E-04
777	7,42E-06	7,42E-04
777,2	7,37E-06	7,37E-04
777,4	7,31E-06	7,31E-04
777,6	7,26E-06	7,26E-04
777,8	7,22E-06	7,22E-04
778	7,17E-06	7,17E-04
778,2	7,12E-06	7,12E-04
778,4	7,07E-06	7,07E-04
778,6	7,02E-06	7,02E-04
778,8	6,97E-06	6,97E-04
779	6,92E-06	6,92E-04
779,2	6,88E-06	6,88E-04
779,4	6,83E-06	6,83E-04
779,6	6,78E-06	6,78E-04
779,8	6,74E-06	6,74E-04
780	6,77E-06	6,77E-04
780,2	6,87E-06	6,87E-04
780,4	6,97E-06	6,97E-04
780,6	7,07E-06	7,07E-04
780,8	7,17E-06	7,17E-04
781	7,28E-06	7,28E-04
781,2	7,38E-06	7,38E-04
781,4	7,49E-06	7,49E-04
781,6	7,60E-06	7,60E-04
781,8	7,71E-06	7,71E-04
782	7,82E-06	7,82E-04
782,2	7,94E-06	7,94E-04
782,4	8,05E-06	8,05E-04
782,6	8,17E-06	8,17E-04
782,8	8,29E-06	8,29E-04
783	8,41E-06	8,41E-04
783,2	8,53E-06	8,53E-04
783,4	8,66E-06	8,66E-04
783,6	8,78E-06	8,78E-04
783,8	8,91E-06	8,91E-04
784	9,04E-06	9,04E-04
784,2	9,17E-06	9,17E-04
784,4	9,31E-06	9,31E-04
784,6	9,44E-06	9,44E-04
784,8	9,58E-06	9,58E-04
785	9,59E-06	9,59E-04
785,2	9,60E-06	9,60E-04
785,4	9,61E-06	9,61E-04
785,6	9,63E-06	9,63E-04
785,8	9,64E-06	9,64E-04
786	9,65E-06	9,65E-04
786,2	9,66E-06	9,66E-04
786,4	9,68E-06	9,68E-04
786,6	9,69E-06	9,69E-04
786,8	9,70E-06	9,70E-04
787	9,72E-06	9,72E-04
787,2	9,73E-06	9,73E-04
787,4	9,74E-06	9,74E-04
787,6	9,76E-06	9,76E-04
787,8	9,77E-06	9,77E-04
788	9,78E-06	9,78E-04
788,2	9,79E-06	9,79E-04
788,4	9,81E-06	9,81E-04
788,6	9,82E-06	9,82E-04
788,8	9,83E-06	9,83E-04
789	9,85E-06	9,85E-04
789,2	9,86E-06	9,86E-04
789,4	9,87E-06	9,87E-04
789,6	9,89E-06	9,89E-04
789,8	9,93E-06	9,93E-04
790	1,00E-05	1,00E-03
790,2	1,01E-05	1,01E-03
790,4	1,01E-05	1,01E-03
790,6	1,02E-05	1,02E-03
790,8	1,03E-05	1,03E-03
791	1,03E-05	1,03E-03
791,2	1,04E-05	1,04E-03
791,4	1,05E-05	1,05E-03
791,6	1,06E-05	1,06E-03
791,8	1,06E-05	1,06E-03
792	1,07E-05	1,07E-03
792,2	1,08E-05	1,08E-03
792,4	1,09E-05	1,09E-03
792,6	1,09E-05	1,09E-03
792,8	1,10E-05	1,10E-03
793	1,11E-05	1,11E-03
793,2	1,12E-05	1,12E-03
793,4	1,12E-05	1,12E-03
793,6	1,13E-05	1,13E-03
793,8	1,14E-05	1,14E-03
794	1,15E-05	1,15E-03
794,2	1,16E-05	1,16E-03
794,4	1,16E-05	1,16E-03
794,6	1,17E-05	1,17E-03
794,8	1,16E-05	1,16E-03
795	1,16E-05	1,16E-03
795,2	1,15E-05	1,15E-03
795,4	1,14E-05	1,14E-03
795,6	1,13E-05	1,13E-03
795,8	1,12E-05	1,12E-03
796	1,12E-05	1,12E-03
796,2	1,11E-05	1,11E-03
796,4	1,10E-05	1,10E-03
796,6	1,09E-05	1,09E-03
796,8	1,09E-05	1,09E-03
797	1,08E-05	1,08E-03
797,2	1,07E-05	1,07E-03
797,4	1,07E-05	1,07E-03
797,6	1,06E-05	1,06E-03
797,8	1,05E-05	1,05E-03
798	1,04E-05	1,04E-03
798,2	1,03E-05	1,03E-03
798,4	1,02E-05	1,02E-03
798,6	1,01E-05	1,01E-03
798,8	9,93E-06	9,93E-04
799	9,80E-06	9,80E-04
799,2	9,67E-06	9,67E-04
799,4	9,54E-06	9,54E-04
799,6	9,42E-06	9,42E-04
799,8	9,29E-06	9,29E-04
800	9,17E-06	9,17E-04
800,2	9,05E-06	9,05E-04
800,4	8,93E-06	8,93E-04
800,6	8,81E-06	8,81E-04
800,8	8,70E-06	8,70E-04
801	8,58E-06	8,58E-04
801,2	8,47E-06	8,47E-04
801,4	8,36E-06	8,36E-04
801,6	8,30E-06	8,30E-04
801,8	8,32E-06	8,32E-04
802	8,34E-06	8,34E-04
802,2	8,36E-06	8,36E-04
802,4	8,38E-06	8,38E-04
802,6	8,40E-06	8,40E-04
802,8	8,42E-06	8,42E-04
803	8,44E-06	8,44E-04
803,2	8,46E-06	8,46E-04
803,4	8,48E-06	8,48E-04
803,6	8,50E-06	8,50E-04
803,8	8,52E-06	8,52E-04
804	8,54E-06	8,54E-04
