300.00	9.5000001465451E-7
300.50	9.5000001465451E-7
301.00	9.5000001465451E-7
301.50	9.5000001465451E-7
302.00	9.5000001465451E-7
302.50	9.5000001465451E-7
303.00	9.5000001465451E-7
303.50	9.5000001465451E-7
304.00	9.5000001465451E-7
304.50	9.5000001465451E-7
305.00	9.5000001465451E-7
305.50	9.5000001465451E-7
306.00	9.5000001465451E-7
306.50	9.5000001465451E-7
307.00	9.5000001465451E-7
307.50	9.5000001465451E-7
308.00	9.5000001465451E-7
308.50	9.5000001465451E-7
309.00	9.5000001465451E-7
309.50	9.5000001465451E-7
310.00	9.5000001465451E-7
310.50	9.5000001465451E-7
311.00	9.5000001465451E-7
311.50	9.5000001465451E-7
312.00	9.5000001465451E-7
312.50	9.5000001465451E-7
313.00	9.5000001465451E-7
313.50	9.5000001465451E-7
314.00	9.5000001465451E-7
314.50	9.5000001465451E-7
315.00	9.5000001465451E-7
315.50	9.5000001465451E-7
316.00	1.4256800113799E-6
316.50	9.5000001465451E-7
317.00	9.5000001465451E-7
317.50	9.5000001465451E-7
318.00	9.5000001465451E-7
318.50	9.5000001465451E-7
319.00	9.5000001465451E-7
319.50	9.5000001465451E-7
320.00	9.5000001465451E-7
320.50	9.5000001465451E-7
321.00	9.5000001465451E-7
321.50	9.5000001465451E-7
322.00	9.5000001465451E-7
322.50	9.5000001465451E-7
323.00	9.5000001465451E-7
323.50	9.5000001465451E-7
324.00	9.5000001465451E-7
324.50	9.5000001465451E-7
325.00	9.5000001465451E-7
325.50	9.5000001465451E-7
326.00	9.5000001465451E-7
326.50	9.5000001465451E-7
327.00	9.5000001465451E-7
327.50	9.5000001465451E-7
328.00	9.5000001465451E-7
328.50	9.5000001465451E-7
329.00	9.5000001465451E-7
329.50	9.5000001465451E-7
330.00	9.5000001465451E-7
330.50	9.5000001465451E-7
331.00	9.5000001465451E-7
331.50	9.5000001465451E-7
332.00	9.5000001465451E-7
332.50	9.5000001465451E-7
333.00	9.5000001465451E-7
333.50	9.5000001465451E-7
334.00	9.5000001465451E-7
334.50	9.5000001465451E-7
335.00	9.5000001465451E-7
335.50	9.5000001465451E-7
336.00	9.5000001465451E-7
336.50	9.5000001465451E-7
337.00	9.5000001465451E-7
337.50	9.5000001465451E-7
338.00	9.5000001465451E-7
338.50	9.5000001465451E-7
339.00	9.5000001465451E-7
339.50	9.5000001465451E-7
340.00	9.5000001465451E-7
340.50	9.5000001465451E-7
341.00	9.5000001465451E-7
341.50	9.5000001465451E-7
342.00	9.5000001465451E-7
342.50	9.5000001465451E-7
343.00	9.5000001465451E-7
343.50	9.5000001465451E-7
344.00	9.5000001465451E-7
344.50	9.5000001465451E-7
345.00	9.5000001465451E-7
345.50	9.5000001465451E-7
346.00	9.5000001465451E-7
346.50	9.5000001465451E-7
347.00	9.5000001465451E-7
347.50	9.5000001465451E-7
348.00	9.5000001465451E-7
348.50	9.5000001465451E-7
349.00	9.5000001465451E-7
349.50	9.5000001465451E-7
350.00	9.5000001465451E-7
350.50	9.5000001465451E-7
351.00	9.5000001465451E-7
351.50	9.5000001465451E-7
352.00	9.5000001465451E-7
352.50	9.5000001465451E-7
353.00	9.5000001465451E-7
353.50	9.5000001465451E-7
354.00	9.5000001465451E-7
354.50	9.5000001465451E-7
355.00	9.5000001465451E-7
355.50	9.5000001465451E-7
356.00	9.5000001465451E-7
356.50	9.5000001465451E-7
357.00	9.5000001465451E-7
357.50	9.5000001465451E-7
358.00	9.5000001465451E-7
358.50	9.5000001465451E-7
359.00	9.5000001465451E-7
359.50	9.5000001465451E-7
360.00	9.5000001465451E-7
360.50	9.5000001465451E-7
361.00	9.5000001465451E-7
361.50	9.5000001465451E-7
362.00	9.5000001465451E-7
362.50	9.5000001465451E-7
363.00	9.5000001465451E-7
363.50	9.5000001465451E-7
364.00	9.5000001465451E-7
364.50	9.5000001465451E-7
365.00	9.5000001465451E-7
365.50	9.5000001465451E-7
366.00	9.5000001465451E-7
366.50	9.5000001465451E-7
367.00	9.5000001465451E-7
367.50	9.5000001465451E-7
368.00	9.5000001465451E-7
368.50	9.5000001465451E-7
369.00	9.5000001465451E-7
369.50	9.5000001465451E-7
370.00	9.5000001465451E-7
370.50	9.5000001465451E-7
371.00	9.5000001465451E-7
371.50	9.5000001465451E-7
372.00	9.5000001465451E-7
372.50	9.5000001465451E-7
373.00	9.5000001465451E-7
373.50	9.5000001465451E-7
374.00	9.5000001465451E-7
374.50	9.5000001465451E-7
375.00	9.5000001465451E-7
375.50	9.5000001465451E-7
376.00	9.5000001465451E-7
376.50	9.5000001465451E-7
377.00	9.5000001465451E-7
377.50	9.5000001465451E-7
378.00	9.5000001465451E-7
378.50	9.5000001465451E-7
379.00	9.5000001465451E-7
379.50	9.5000001465451E-7
380.00	9.5000001465451E-7
380.50	9.5000001465451E-7
381.00	9.5000001465451E-7
381.50	9.5000001465451E-7
382.00	9.5000001465451E-7
382.50	9.5000001465451E-7
383.00	9.5000001465451E-7
383.50	9.5000001465451E-7
384.00	9.5000001465451E-7
384.50	9.5000001465451E-7
385.00	9.5000001465451E-7
385.50	9.5000001465451E-7
386.00	9.5000001465451E-7
386.50	9.5000001465451E-7
387.00	9.5000001465451E-7
387.50	9.5000001465451E-7
388.00	9.5000001465451E-7
388.50	9.5000001465451E-7
389.00	9.5000001465451E-7
389.50	9.5000001465451E-7
390.00	9.5000001465451E-7
390.50	9.5000001465451E-7
391.00	9.5000001465451E-7
391.50	9.5000001465451E-7
392.00	9.5000001465451E-7
392.50	9.5000001465451E-7
393.00	9.5000001465451E-7
393.50	9.5000001465451E-7
394.00	9.5000001465451E-7
394.50	9.5000001465451E-7
395.00	9.5000001465451E-7
395.50	9.5000001465451E-7
396.00	9.5000001465451E-7
396.50	9.5000001465451E-7
397.00	9.5000001465451E-7
397.50	9.5000001465451E-7
398.00	9.5000001465451E-7
398.50	9.5000001465451E-7
399.00	9.5000001465451E-7
399.50	9.5000001465451E-7
400.00	9.5000001465451E-7
400.50	9.5000001465451E-7
401.00	9.5000001465451E-7
401.50	9.5000001465451E-7
402.00	9.5000001465451E-7
402.50	9.5000001465451E-7
403.00	9.5000001465451E-7
403.50	9.5000001465451E-7
404.00	9.5000001465451E-7
404.50	9.5000001465451E-7
405.00	9.5000001465451E-7
405.50	9.5000001465451E-7
406.00	9.5000001465451E-7
406.50	9.5000001465451E-7
407.00	9.5000001465451E-7
407.50	9.5000001465451E-7
408.00	9.5000001465451E-7
408.50	9.5000001465451E-7
409.00	9.5000001465451E-7
409.50	9.5000001465451E-7
410.00	9.5000001465451E-7
410.50	9.5000001465451E-7
411.00	9.5000001465451E-7
411.50	9.5000001465451E-7
412.00	9.5000001465451E-7
412.50	9.5000001465451E-7
413.00	9.5000001465451E-7
413.50	9.5000001465451E-7
414.00	9.5000001465451E-7
414.50	9.5000001465451E-7
415.00	9.5000001465451E-7
415.50	9.5000001465451E-7
416.00	9.5000001465451E-7
416.50	9.5000001465451E-7
417.00	9.5000001465451E-7
417.50	9.5000001465451E-7
418.00	9.5000001465451E-7
418.50	9.5000001465451E-7
419.00	9.5000001465451E-7
419.50	9.5000001465451E-7
420.00	9.5000001465451E-7
420.50	9.5000001465451E-7
421.00	9.5000001465451E-7
421.50	9.5000001465451E-7
422.00	9.5000001465451E-7
422.50	9.5000001465451E-7
423.00	9.5000001465451E-7
423.50	9.5000001465451E-7
424.00	9.5000001465451E-7
424.50	9.5000001465451E-7
425.00	9.5000001465451E-7
425.50	9.5000001465451E-7
426.00	9.5000001465451E-7
426.50	9.5000001465451E-7
427.00	9.5000001465451E-7
427.50	9.5000001465451E-7
428.00	9.5000001465451E-7
428.50	9.5000001465451E-7
429.00	9.5000001465451E-7
429.50	9.5000001465451E-7
430.00	9.5000001465451E-7
430.50	9.5000001465451E-7
431.00	9.5000001465451E-7
431.50	9.5000001465451E-7
432.00	9.5000001465451E-7
432.50	9.5000001465451E-7
433.00	9.5000001465451E-7
433.50	9.5000001465451E-7
434.00	9.5000001465451E-7
434.50	9.5000001465451E-7
435.00	9.5000001465451E-7
435.50	9.5000001465451E-7
436.00	9.5000001465451E-7
436.50	9.5000001465451E-7
437.00	9.5000001465451E-7
437.50	9.5000001465451E-7
438.00	9.5000001465451E-7
438.50	9.5000001465451E-7
439.00	9.5000001465451E-7
439.50	9.5000001465451E-7
440.00	9.5000001465451E-7
440.50	9.5000001465451E-7
441.00	9.5000001465451E-7
441.50	9.5000001465451E-7
442.00	9.5000001465451E-7
442.50	9.5000001465451E-7
443.00	9.5000001465451E-7
443.50	9.5000001465451E-7
444.00	9.5000001465451E-7
444.50	9.5000001465451E-7
445.00	9.5000001465451E-7
445.50	9.5000001465451E-7
446.00	9.5000001465451E-7
446.50	9.5000001465451E-7
447.00	9.5000001465451E-7
447.50	9.5000001465451E-7
448.00	9.5000001465451E-7
448.50	9.5000001465451E-7
449.00	9.5000001465451E-7
449.50	9.5000001465451E-7
450.00	9.5000001465451E-7
450.50	9.5000001465451E-7
451.00	9.5000001465451E-7
451.50	9.5000001465451E-7
452.00	9.5000001465451E-7
452.50	9.5000001465451E-7
453.00	9.5000001465451E-7
453.50	9.5000001465451E-7
454.00	9.5000001465451E-7
454.50	9.5000001465451E-7
455.00	9.5000001465451E-7
455.50	9.5000001465451E-7
456.00	9.5000001465451E-7
456.50	9.5000001465451E-7
457.00	9.5000001465451E-7
457.50	9.5000001465451E-7
458.00	9.5000001465451E-7
458.50	9.5000001465451E-7
459.00	9.5000001465451E-7
459.50	9.5000001465451E-7
460.00	9.5000001465451E-7
460.50	9.5000001465451E-7
461.00	9.5000001465451E-7
461.50	9.5000001465451E-7
462.00	9.5000001465451E-7
462.50	9.5000001465451E-7
463.00	9.5000001465451E-7
463.50	9.5000001465451E-7
464.00	9.5000001465451E-7
464.50	9.5000001465451E-7
465.00	9.5000001465451E-7
465.50	9.5000001465451E-7
466.00	9.5000001465451E-7
466.50	9.5000001465451E-7
467.00	9.5000001465451E-7
467.50	9.5000001465451E-7
468.00	9.5000001465451E-7
468.50	9.5000001465451E-7
469.00	9.5000001465451E-7
469.50	9.5000001465451E-7
470.00	9.5000001465451E-7
470.50	9.5000001465451E-7
471.00	9.5000001465451E-7
471.50	9.5000001465451E-7
472.00	9.5000001465451E-7
472.50	9.5000001465451E-7
473.00	9.5000001465451E-7
473.50	9.5000001465451E-7
474.00	9.5000001465451E-7
474.50	9.5000001465451E-7
475.00	9.5000001465451E-7
475.50	9.5000001465451E-7
476.00	9.5000001465451E-7
476.50	9.5000001465451E-7
477.00	9.5000001465451E-7
477.50	9.5000001465451E-7
478.00	9.5000001465451E-7
478.50	1.2547900496429E-6
479.00	3.5187599678466E-6
479.50	1.1510999684106E-5
480.00	4.6706300054211E-5
480.50	0.00019057099416386
481.00	0.00083963898941875
481.50	0.0047620302066207
482.00	0.028983099386096
482.50	0.14113299548626
483.00	0.4125440120697
483.50	0.72058099508286
484.00	0.90791398286819
484.50	0.96392500400543
485.00	0.96851599216461
485.50	0.96617901325226
486.00	0.96516501903534
486.50	0.96808499097824
487.00	0.9732009768486
487.50	0.9748820066452
488.00	0.97107797861099
488.50	0.97011500597
489.00	0.97256398200989
489.50	0.97751498222351
490.00	0.9767609834671
490.50	0.97000700235367
491.00	0.96273499727249
491.50	0.9643679857254
492.00	0.9672520160675
492.50	0.93990498781204
493.00	0.79121798276901
493.50	0.37214800715446
494.00	0.19637799263
494.50	0.037701401859522
495.00	0.0077760801650584
495.50	0.0015092700487003
496.00	0.00034679801319726
496.50	9.5705901912879E-5
497.00	2.8687800295302E-5
497.50	9.4019696916803E-6
498.00	3.5814000511891E-6
498.50	1.4910400523149E-6
499.00	9.5000001465451E-7
499.50	9.5000001465451E-7
500.00	9.5000001465451E-7
500.50	9.5000001465451E-7
501.00	9.5000001465451E-7
501.50	9.5000001465451E-7
502.00	9.5000001465451E-7
502.50	9.5000001465451E-7
503.00	9.5000001465451E-7
503.50	9.5000001465451E-7
504.00	9.5000001465451E-7
504.50	9.5000001465451E-7
505.00	9.5000001465451E-7
505.50	9.5000001465451E-7
506.00	9.5000001465451E-7
506.50	9.5000001465451E-7
507.00	9.5000001465451E-7
507.50	9.5000001465451E-7
508.00	9.5000001465451E-7
508.50	9.5000001465451E-7
509.00	9.5000001465451E-7
509.50	9.5000001465451E-7
510.00	9.5000001465451E-7
510.50	9.5000001465451E-7
511.00	9.5000001465451E-7
511.50	9.5000001465451E-7
512.00	9.5000001465451E-7
512.50	9.5000001465451E-7
513.00	9.5000001465451E-7
513.50	9.5000001465451E-7
514.00	9.5000001465451E-7
514.50	9.5000001465451E-7
515.00	9.5000001465451E-7
515.50	9.5000001465451E-7
516.00	9.5000001465451E-7
516.50	9.5000001465451E-7
517.00	9.5000001465451E-7
517.50	9.5000001465451E-7
518.00	9.5000001465451E-7
518.50	9.5000001465451E-7
519.00	9.5000001465451E-7
519.50	9.5000001465451E-7
520.00	9.5000001465451E-7
520.50	9.5000001465451E-7
521.00	9.5000001465451E-7
521.50	9.5000001465451E-7
522.00	9.5000001465451E-7
522.50	9.5000001465451E-7
523.00	9.5000001465451E-7
523.50	9.5000001465451E-7
524.00	9.5000001465451E-7
524.50	9.5000001465451E-7
525.00	9.5000001465451E-7
525.50	9.5000001465451E-7
526.00	9.5000001465451E-7
526.50	9.5000001465451E-7
527.00	9.5000001465451E-7
527.50	9.5000001465451E-7
528.00	9.5000001465451E-7
528.50	9.5000001465451E-7
529.00	9.5000001465451E-7
529.50	9.5000001465451E-7
530.00	9.5000001465451E-7
530.50	9.5000001465451E-7
531.00	9.5000001465451E-7
531.50	9.5000001465451E-7
532.00	9.5000001465451E-7
532.50	9.5000001465451E-7
533.00	9.5000001465451E-7
533.50	9.5000001465451E-7
534.00	9.5000001465451E-7
534.50	9.5000001465451E-7
535.00	9.5000001465451E-7
535.50	9.5000001465451E-7
536.00	9.5000001465451E-7
536.50	9.5000001465451E-7
537.00	9.5000001465451E-7
537.50	9.5000001465451E-7
538.00	9.5000001465451E-7
538.50	9.5000001465451E-7
539.00	9.5000001465451E-7
539.50	9.5000001465451E-7
540.00	9.5000001465451E-7
540.50	9.5000001465451E-7
541.00	9.5000001465451E-7
541.50	9.5000001465451E-7
542.00	9.5000001465451E-7
542.50	9.5000001465451E-7
543.00	9.5000001465451E-7
543.50	9.5000001465451E-7
544.00	9.5000001465451E-7
544.50	9.5000001465451E-7
545.00	9.5000001465451E-7
545.50	9.5000001465451E-7
546.00	9.5000001465451E-7
546.50	9.5000001465451E-7
547.00	9.5000001465451E-7
547.50	9.5000001465451E-7
548.00	9.5000001465451E-7
548.50	9.5000001465451E-7
549.00	9.5000001465451E-7
549.50	9.5000001465451E-7
550.00	9.5000001465451E-7
550.50	9.5000001465451E-7
551.00	9.5000001465451E-7
551.50	9.5000001465451E-7
552.00	9.5000001465451E-7
552.50	9.5000001465451E-7
553.00	9.5000001465451E-7
553.50	9.5000001465451E-7
554.00	9.5000001465451E-7
554.50	9.5000001465451E-7
555.00	9.5000001465451E-7
555.50	9.5000001465451E-7
556.00	9.5000001465451E-7
556.50	9.5000001465451E-7
557.00	9.5000001465451E-7
557.50	9.5000001465451E-7
558.00	9.5000001465451E-7
558.50	9.5000001465451E-7
559.00	9.5000001465451E-7
559.50	9.5000001465451E-7
560.00	9.5000001465451E-7
560.50	9.5000001465451E-7
561.00	9.5000001465451E-7
561.50	9.5000001465451E-7
562.00	9.5000001465451E-7
562.50	9.5000001465451E-7
563.00	9.5000001465451E-7
563.50	9.5000001465451E-7
564.00	9.5000001465451E-7
564.50	9.5000001465451E-7
565.00	9.5000001465451E-7
565.50	9.5000001465451E-7
566.00	9.5000001465451E-7
566.50	9.5000001465451E-7
567.00	9.5000001465451E-7
567.50	9.5000001465451E-7
568.00	9.5000001465451E-7
568.50	9.5000001465451E-7
569.00	9.5000001465451E-7
569.50	9.5000001465451E-7
570.00	9.5000001465451E-7
570.50	9.5000001465451E-7
571.00	9.5000001465451E-7
571.50	9.5000001465451E-7
572.00	9.5000001465451E-7
572.50	9.5000001465451E-7
573.00	9.5000001465451E-7
573.50	9.5000001465451E-7
574.00	9.5000001465451E-7
574.50	9.5000001465451E-7
575.00	9.5000001465451E-7
575.50	9.5000001465451E-7
576.00	9.5000001465451E-7
576.50	9.5000001465451E-7
577.00	9.5000001465451E-7
577.50	9.5000001465451E-7
578.00	9.5000001465451E-7
578.50	9.5000001465451E-7
579.00	9.5000001465451E-7
579.50	9.5000001465451E-7
580.00	9.5000001465451E-7
580.50	9.5000001465451E-7
581.00	9.5000001465451E-7
581.50	9.5000001465451E-7
582.00	9.5000001465451E-7
582.50	9.5000001465451E-7
583.00	9.5000001465451E-7
583.50	9.5000001465451E-7
584.00	9.5000001465451E-7
584.50	9.5000001465451E-7
585.00	9.5000001465451E-7
585.50	9.5000001465451E-7
586.00	9.5000001465451E-7
586.50	9.5000001465451E-7
587.00	9.5000001465451E-7
587.50	9.5000001465451E-7
588.00	9.5000001465451E-7
588.50	9.5000001465451E-7
589.00	9.5000001465451E-7
589.50	9.5000001465451E-7
590.00	9.5000001465451E-7
590.50	9.5000001465451E-7
591.00	9.5000001465451E-7
591.50	9.5000001465451E-7
592.00	9.5000001465451E-7
592.50	9.5000001465451E-7
593.00	9.5000001465451E-7
593.50	9.5000001465451E-7
594.00	9.5000001465451E-7
594.50	9.5000001465451E-7
595.00	9.5000001465451E-7
595.50	9.5000001465451E-7
596.00	9.5000001465451E-7
596.50	9.5000001465451E-7
597.00	9.5000001465451E-7
597.50	9.5000001465451E-7
598.00	9.5000001465451E-7
598.50	9.5000001465451E-7
599.00	9.5000001465451E-7
599.50	9.5000001465451E-7
600.00	9.5000001465451E-7
600.50	9.5000001465451E-7
601.00	9.5000001465451E-7
601.50	9.5000001465451E-7
602.00	9.5000001465451E-7
602.50	9.5000001465451E-7
603.00	9.5000001465451E-7
603.50	9.5000001465451E-7
604.00	9.5000001465451E-7
604.50	9.5000001465451E-7
605.00	9.5000001465451E-7
605.50	9.5000001465451E-7
606.00	9.5000001465451E-7
606.50	9.5000001465451E-7
607.00	9.5000001465451E-7
607.50	9.5000001465451E-7
608.00	9.5000001465451E-7
608.50	9.5000001465451E-7
609.00	9.5000001465451E-7
609.50	9.5000001465451E-7
610.00	9.5000001465451E-7
610.50	9.5000001465451E-7
611.00	9.5000001465451E-7
611.50	9.5000001465451E-7
612.00	9.5000001465451E-7
612.50	9.5000001465451E-7
613.00	9.5000001465451E-7
613.50	9.5000001465451E-7
614.00	9.5000001465451E-7
614.50	9.5000001465451E-7
615.00	9.5000001465451E-7
615.50	9.5000001465451E-7
616.00	9.5000001465451E-7
616.50	9.5000001465451E-7
617.00	9.5000001465451E-7
617.50	9.5000001465451E-7
618.00	9.5000001465451E-7
618.50	9.5000001465451E-7
619.00	9.5000001465451E-7
619.50	9.5000001465451E-7
620.00	9.5000001465451E-7
620.50	9.5000001465451E-7
621.00	9.5000001465451E-7
621.50	9.5000001465451E-7
622.00	9.5000001465451E-7
622.50	9.5000001465451E-7
623.00	9.5000001465451E-7
623.50	9.5000001465451E-7
624.00	9.5000001465451E-7
624.50	9.5000001465451E-7
625.00	9.5000001465451E-7
625.50	9.5000001465451E-7
626.00	9.5000001465451E-7
626.50	9.5000001465451E-7
627.00	9.5000001465451E-7
627.50	9.5000001465451E-7
628.00	9.5000001465451E-7
628.50	9.5000001465451E-7
629.00	9.5000001465451E-7
629.50	9.5000001465451E-7
630.00	9.5000001465451E-7
630.50	9.5000001465451E-7
631.00	9.5000001465451E-7
631.50	9.5000001465451E-7
632.00	9.5000001465451E-7
632.50	9.5000001465451E-7
633.00	9.5000001465451E-7
633.50	9.5000001465451E-7
634.00	9.5000001465451E-7
634.50	9.5000001465451E-7
635.00	9.5000001465451E-7
635.50	9.5000001465451E-7
636.00	9.5000001465451E-7
636.50	9.5000001465451E-7
637.00	9.5000001465451E-7
637.50	9.5000001465451E-7
638.00	9.5000001465451E-7
638.50	9.5000001465451E-7
639.00	9.5000001465451E-7
639.50	9.5000001465451E-7
640.00	9.5000001465451E-7
640.50	9.5000001465451E-7
641.00	9.5000001465451E-7
641.50	9.5000001465451E-7
642.00	9.5000001465451E-7
642.50	9.5000001465451E-7
643.00	9.5000001465451E-7
643.50	9.5000001465451E-7
644.00	9.5000001465451E-7
644.50	9.5000001465451E-7
645.00	9.5000001465451E-7
645.50	9.5000001465451E-7
646.00	9.5000001465451E-7
646.50	9.5000001465451E-7
647.00	9.5000001465451E-7
647.50	9.5000001465451E-7
648.00	9.5000001465451E-7
648.50	9.5000001465451E-7
649.00	9.5000001465451E-7
649.50	9.5000001465451E-7
650.00	9.5000001465451E-7
650.50	9.5000001465451E-7
651.00	9.5000001465451E-7
651.50	9.5000001465451E-7
652.00	9.5000001465451E-7
652.50	9.5000001465451E-7
653.00	9.5000001465451E-7
653.50	9.5000001465451E-7
654.00	9.5000001465451E-7
654.50	9.5000001465451E-7
655.00	9.5000001465451E-7
655.50	9.5000001465451E-7
656.00	9.5000001465451E-7
656.50	9.5000001465451E-7
657.00	9.5000001465451E-7
657.50	9.5000001465451E-7
658.00	9.5000001465451E-7
658.50	9.5000001465451E-7
659.00	9.5000001465451E-7
659.50	9.5000001465451E-7
660.00	9.5000001465451E-7
660.50	9.5000001465451E-7
661.00	9.5000001465451E-7
661.50	9.5000001465451E-7
662.00	9.5000001465451E-7
662.50	9.5000001465451E-7
663.00	9.5000001465451E-7
663.50	9.5000001465451E-7
664.00	9.5000001465451E-7
664.50	9.5000001465451E-7
665.00	9.5000001465451E-7
665.50	9.5000001465451E-7
666.00	9.5000001465451E-7
666.50	9.5000001465451E-7
667.00	9.5000001465451E-7
667.50	9.5000001465451E-7
668.00	9.5000001465451E-7
668.50	9.5000001465451E-7
669.00	9.5000001465451E-7
669.50	9.5000001465451E-7
670.00	9.5000001465451E-7
670.50	9.5000001465451E-7
671.00	9.5000001465451E-7
671.50	9.5000001465451E-7
672.00	9.5000001465451E-7
672.50	9.5000001465451E-7
673.00	9.5000001465451E-7
673.50	9.5000001465451E-7
674.00	9.5000001465451E-7
674.50	9.5000001465451E-7
675.00	9.5000001465451E-7
675.50	9.5000001465451E-7
676.00	9.5000001465451E-7
676.50	9.5000001465451E-7
677.00	9.5000001465451E-7
677.50	9.5000001465451E-7
678.00	9.5000001465451E-7
678.50	9.5000001465451E-7
679.00	9.5000001465451E-7
679.50	9.5000001465451E-7
680.00	9.5000001465451E-7
680.50	9.5000001465451E-7
681.00	9.5000001465451E-7
681.50	9.5000001465451E-7
682.00	9.5000001465451E-7
682.50	9.5000001465451E-7
683.00	9.5000001465451E-7
683.50	9.5000001465451E-7
684.00	9.5000001465451E-7
684.50	9.5000001465451E-7
685.00	9.5000001465451E-7
685.50	9.5000001465451E-7
686.00	9.5000001465451E-7
686.50	9.5000001465451E-7
687.00	9.5000001465451E-7
687.50	9.5000001465451E-7
688.00	9.5000001465451E-7
688.50	9.5000001465451E-7
689.00	9.5000001465451E-7
689.50	9.5000001465451E-7
690.00	9.5000001465451E-7
690.50	9.5000001465451E-7
691.00	9.5000001465451E-7
691.50	9.5000001465451E-7
692.00	9.5000001465451E-7
692.50	9.5000001465451E-7
693.00	9.5000001465451E-7
693.50	9.5000001465451E-7
694.00	9.5000001465451E-7
694.50	9.5000001465451E-7
695.00	9.5000001465451E-7
695.50	9.5000001465451E-7
696.00	9.5000001465451E-7
696.50	9.5000001465451E-7
697.00	9.5000001465451E-7
697.50	9.5000001465451E-7
698.00	9.5000001465451E-7
698.50	9.5000001465451E-7
699.00	9.5000001465451E-7
699.50	9.5000001465451E-7
700.00	9.5000001465451E-7
700.50	9.5000001465451E-7
701.00	9.5000001465451E-7
701.50	9.5000001465451E-7
702.00	9.5000001465451E-7
702.50	9.5000001465451E-7
703.00	9.5000001465451E-7
703.50	9.5000001465451E-7
704.00	9.5000001465451E-7
704.50	9.5000001465451E-7
705.00	9.5000001465451E-7
705.50	1.4065300319999E-6
706.00	1.4843100188955E-6
706.50	1.3897199551138E-6
707.00	9.5000001465451E-7
707.50	9.5000001465451E-7
708.00	9.5000001465451E-7
708.50	9.5000001465451E-7
709.00	9.5000001465451E-7
709.50	9.5000001465451E-7
710.00	9.5000001465451E-7
710.50	9.5000001465451E-7
711.00	9.5000001465451E-7
711.50	9.5000001465451E-7
712.00	9.5000001465451E-7
712.50	9.5000001465451E-7
713.00	9.5000001465451E-7
713.50	9.5000001465451E-7
714.00	9.5000001465451E-7
714.50	9.5000001465451E-7
715.00	9.5000001465451E-7
715.50	9.5000001465451E-7
716.00	9.5000001465451E-7
716.50	9.5000001465451E-7
717.00	9.5000001465451E-7
717.50	9.5000001465451E-7
718.00	9.5000001465451E-7
718.50	9.5000001465451E-7
719.00	9.5000001465451E-7
719.50	9.5000001465451E-7
720.00	9.5000001465451E-7
720.50	9.5000001465451E-7
721.00	9.5000001465451E-7
721.50	9.5000001465451E-7
722.00	9.5000001465451E-7
722.50	9.5000001465451E-7
723.00	9.5000001465451E-7
723.50	9.5000001465451E-7
724.00	9.5000001465451E-7
724.50	9.5000001465451E-7
725.00	9.5000001465451E-7
725.50	9.5000001465451E-7
726.00	9.5000001465451E-7
726.50	9.5000001465451E-7
727.00	9.5000001465451E-7
727.50	9.5000001465451E-7
728.00	9.5000001465451E-7
728.50	9.5000001465451E-7
729.00	9.5000001465451E-7
729.50	9.5000001465451E-7
730.00	9.5000001465451E-7
730.50	9.5000001465451E-7
731.00	9.5000001465451E-7
731.50	9.5000001465451E-7
732.00	9.5000001465451E-7
732.50	9.5000001465451E-7
733.00	9.5000001465451E-7
733.50	9.5000001465451E-7
734.00	9.5000001465451E-7
734.50	9.5000001465451E-7
735.00	9.5000001465451E-7
735.50	9.5000001465451E-7
736.00	9.5000001465451E-7
736.50	9.5000001465451E-7
737.00	9.5000001465451E-7
737.50	9.5000001465451E-7
738.00	9.5000001465451E-7
738.50	9.5000001465451E-7
739.00	9.5000001465451E-7
739.50	9.5000001465451E-7
740.00	9.5000001465451E-7
740.50	9.5000001465451E-7
741.00	9.5000001465451E-7
741.50	9.5000001465451E-7
742.00	9.5000001465451E-7
742.50	9.5000001465451E-7
743.00	9.5000001465451E-7
743.50	9.5000001465451E-7
744.00	9.5000001465451E-7
744.50	9.5000001465451E-7
745.00	9.5000001465451E-7
745.50	9.5000001465451E-7
746.00	9.5000001465451E-7
746.50	9.5000001465451E-7
747.00	9.5000001465451E-7
747.50	9.5000001465451E-7
748.00	9.5000001465451E-7
748.50	9.5000001465451E-7
749.00	9.5000001465451E-7
749.50	9.5000001465451E-7
750.00	9.5000001465451E-7
750.50	9.5000001465451E-7
751.00	9.5000001465451E-7
751.50	9.5000001465451E-7
752.00	9.5000001465451E-7
752.50	9.5000001465451E-7
753.00	9.5000001465451E-7
753.50	9.5000001465451E-7
754.00	9.5000001465451E-7
754.50	9.5000001465451E-7
755.00	9.5000001465451E-7
755.50	9.5000001465451E-7
756.00	9.5000001465451E-7
756.50	9.5000001465451E-7
757.00	9.5000001465451E-7
757.50	9.5000001465451E-7
758.00	9.5000001465451E-7
758.50	9.5000001465451E-7
759.00	9.5000001465451E-7
759.50	9.5000001465451E-7
760.00	9.5000001465451E-7
760.50	9.5000001465451E-7
761.00	9.5000001465451E-7
761.50	9.5000001465451E-7
762.00	9.5000001465451E-7
762.50	9.5000001465451E-7
763.00	9.5000001465451E-7
763.50	9.5000001465451E-7
764.00	9.5000001465451E-7
764.50	9.5000001465451E-7
765.00	9.5000001465451E-7
765.50	9.5000001465451E-7
766.00	9.5000001465451E-7
766.50	9.5000001465451E-7
767.00	9.5000001465451E-7
767.50	9.5000001465451E-7
768.00	9.5000001465451E-7
768.50	9.5000001465451E-7
769.00	9.5000001465451E-7
769.50	9.5000001465451E-7
770.00	9.5000001465451E-7
770.50	9.5000001465451E-7
771.00	9.5000001465451E-7
771.50	9.5000001465451E-7
772.00	9.5000001465451E-7
772.50	9.5000001465451E-7
773.00	9.5000001465451E-7
773.50	9.5000001465451E-7
774.00	9.5000001465451E-7
774.50	9.5000001465451E-7
775.00	9.5000001465451E-7
775.50	9.5000001465451E-7
776.00	9.5000001465451E-7
776.50	9.5000001465451E-7
777.00	9.5000001465451E-7
777.50	9.5000001465451E-7
778.00	9.5000001465451E-7
778.50	9.5000001465451E-7
779.00	9.5000001465451E-7
779.50	9.5000001465451E-7
780.00	9.5000001465451E-7
780.50	9.5000001465451E-7
781.00	9.5000001465451E-7
781.50	9.5000001465451E-7
782.00	9.5000001465451E-7
782.50	9.5000001465451E-7
783.00	9.5000001465451E-7
783.50	9.5000001465451E-7
784.00	9.5000001465451E-7
784.50	9.5000001465451E-7
785.00	9.5000001465451E-7
785.50	9.5000001465451E-7
786.00	9.5000001465451E-7
786.50	9.5000001465451E-7
787.00	9.5000001465451E-7
787.50	9.5000001465451E-7
788.00	9.5000001465451E-7
788.50	9.5000001465451E-7
789.00	9.5000001465451E-7
789.50	9.5000001465451E-7
790.00	9.5000001465451E-7
790.50	9.5000001465451E-7
791.00	9.5000001465451E-7
791.50	9.5000001465451E-7
792.00	9.5000001465451E-7
792.50	9.5000001465451E-7
793.00	9.5000001465451E-7
793.50	9.5000001465451E-7
794.00	9.5000001465451E-7
794.50	9.5000001465451E-7
795.00	9.5000001465451E-7
795.50	9.5000001465451E-7
796.00	9.5000001465451E-7
796.50	9.5000001465451E-7
797.00	9.5000001465451E-7
797.50	9.5000001465451E-7
798.00	9.5000001465451E-7
798.50	9.5000001465451E-7
799.00	9.5000001465451E-7
799.50	9.5000001465451E-7
800.00	9.5000001465451E-7
800.50	9.5000001465451E-7
801.00	9.5000001465451E-7
801.50	9.5000001465451E-7
802.00	9.5000001465451E-7
802.50	9.5000001465451E-7
803.00	9.5000001465451E-7
803.50	9.5000001465451E-7
804.00	9.5000001465451E-7
804.50	9.5000001465451E-7
805.00	9.5000001465451E-7
805.50	9.5000001465451E-7
806.00	9.5000001465451E-7
806.50	9.5000001465451E-7
807.00	9.5000001465451E-7
807.50	9.5000001465451E-7
808.00	9.5000001465451E-7
808.50	9.5000001465451E-7
809.00	9.5000001465451E-7
809.50	9.5000001465451E-7
810.00	9.5000001465451E-7
810.50	9.5000001465451E-7
811.00	9.5000001465451E-7
811.50	9.5000001465451E-7
812.00	9.5000001465451E-7
812.50	9.5000001465451E-7
813.00	9.5000001465451E-7
813.50	9.5000001465451E-7
814.00	9.5000001465451E-7
814.50	9.5000001465451E-7
815.00	9.5000001465451E-7
815.50	9.5000001465451E-7
816.00	9.5000001465451E-7
816.50	9.5000001465451E-7
817.00	9.5000001465451E-7
817.50	9.5000001465451E-7
818.00	9.5000001465451E-7
818.50	9.5000001465451E-7
819.00	9.5000001465451E-7
819.50	9.5000001465451E-7
820.00	9.5000001465451E-7
820.50	9.5000001465451E-7
821.00	9.5000001465451E-7
821.50	9.5000001465451E-7
822.00	9.5000001465451E-7
822.50	9.5000001465451E-7
823.00	9.5000001465451E-7
823.50	9.5000001465451E-7
824.00	9.5000001465451E-7
824.50	9.5000001465451E-7
825.00	9.5000001465451E-7
825.50	9.5000001465451E-7
826.00	9.5000001465451E-7
826.50	9.5000001465451E-7
827.00	9.5000001465451E-7
827.50	9.5000001465451E-7
828.00	9.5000001465451E-7
828.50	9.5000001465451E-7
829.00	9.5000001465451E-7
829.50	9.5000001465451E-7
830.00	9.5000001465451E-7
830.50	9.5000001465451E-7
831.00	9.5000001465451E-7
831.50	9.5000001465451E-7
832.00	9.5000001465451E-7
832.50	9.5000001465451E-7
833.00	9.5000001465451E-7
833.50	9.5000001465451E-7
834.00	9.5000001465451E-7
834.50	9.5000001465451E-7
835.00	9.5000001465451E-7
835.50	9.5000001465451E-7
836.00	9.5000001465451E-7
836.50	9.5000001465451E-7
837.00	9.5000001465451E-7
837.50	9.5000001465451E-7
838.00	9.5000001465451E-7
838.50	9.5000001465451E-7
839.00	9.5000001465451E-7
839.50	9.5000001465451E-7
840.00	1.0227199709334E-6
840.50	1.4513000223815E-6
841.00	9.5000001465451E-7
841.50	9.5000001465451E-7
842.00	9.5000001465451E-7
842.50	1.060849967871E-6
843.00	9.5000001465451E-7
843.50	9.5000001465451E-7
844.00	9.5000001465451E-7
844.50	9.5000001465451E-7
845.00	9.5000001465451E-7
845.50	1.8020399465968E-6
846.00	9.5000001465451E-7
846.50	9.5000001465451E-7
847.00	9.5000001465451E-7
847.50	1.1949899771935E-6
848.00	9.5000001465451E-7
848.50	9.5000001465451E-7
849.00	1.1893599776158E-6
849.50	9.5000001465451E-7
850.00	9.5000001465451E-7
850.50	9.5000001465451E-7
851.00	9.5000001465451E-7
851.50	9.5000001465451E-7
852.00	9.5000001465451E-7
852.50	9.5000001465451E-7
853.00	1.8032800426226E-6
853.50	1.0092200000145E-6
854.00	9.5000001465451E-7
854.50	1.0291299759047E-6
855.00	1.8422899756843E-6
855.50	1.6830599633977E-6
856.00	1.5238799733197E-6
856.50	1.6030600136219E-6
857.00	1.68173005477E-6
857.50	1.1354700291122E-6
858.00	9.5000001465451E-7
858.50	1.303959948018E-6
859.00	2.0203199255775E-6
859.50	1.3961599734102E-6
860.00	9.5000001465451E-7
860.50	9.5000001465451E-7
861.00	9.5000001465451E-7
861.50	9.5000001465451E-7
862.00	2.1568400825345E-6
862.50	1.9794299532805E-6
863.00	1.802649990168E-6
863.50	1.3118100241627E-6
864.00	9.5000001465451E-7
864.50	1.2046799611198E-6
865.00	1.5873799839028E-6
865.50	2.1971400201437E-6
866.00	2.8082499738957E-6
866.50	2.8558199574036E-6
867.00	2.90343996312E-6
867.50	2.1995699626132E-6
868.00	1.4960500038796E-6
868.50	1.0122199682883E-6
869.00	9.5000001465451E-7
869.50	9.5000001465451E-7
870.00	9.5000001465451E-7
870.50	9.5000001465451E-7
871.00	9.5000001465451E-7
871.50	1.3878100162401E-6
872.00	2.1483099317265E-6
872.50	2.533540055083E-6
873.00	2.9224099762359E-6
873.50	1.6226299521804E-6
874.00	9.5000001465451E-7
874.50	1.0521999911361E-6
875.00	1.777880015652E-6
875.50	1.2841300076616E-6
876.00	9.5000001465451E-7
876.50	1.2208699899929E-6
877.00	1.6485199694216E-6
877.50	1.717550048852E-6
878.00	1.7863000039142E-6
878.50	1.6353500313926E-6
879.00	1.4837299886494E-6
879.50	9.5000001465451E-7
880.00	9.5000001465451E-7
880.50	9.5000001465451E-7
881.00	1.6838999954416E-6
881.50	1.7230199773621E-6
882.00	1.7621399592826E-6
882.50	1.0981899549733E-6
883.00	9.5000001465451E-7
883.50	1.1413800393711E-6
884.00	1.8489399735699E-6
884.50	1.1358399660821E-6
885.00	9.5000001465451E-7
885.50	9.5000001465451E-7
886.00	9.5000001465451E-7
886.50	9.5000001465451E-7
887.00	9.5000001465451E-7
887.50	1.9134199646942E-6
888.00	3.4287600101379E-6
888.50	2.0262200450816E-6
889.00	9.5000001465451E-7
889.50	1.6184400237762E-6
890.00	2.6028299089376E-6
890.50	2.1795199245389E-6
891.00	1.7541600527693E-6
891.50	9.5000001465451E-7
892.00	9.5000001465451E-7
892.50	9.5000001465451E-7
893.00	1.4930700444893E-6
893.50	1.5385900269393E-6
894.00	1.5840499827391E-6
894.50	1.3894300536776E-6
895.00	1.193949970002E-6
895.50	1.5404499436045E-6
896.00	1.8849600564863E-6
896.50	1.8705500224314E-6
897.00	1.8561700017017E-6
897.50	1.668529989729E-6
898.00	1.4803599697188E-6
898.50	1.9378899196454E-6
899.00	2.3942800453369E-6
899.50	2.9402299333015E-6
900.00	3.4850299925893E-6
