300.00	9.49999957811E-6
300.50	9.49999957811E-6
301.00	9.49999957811E-6
301.50	9.49999957811E-6
302.00	9.49999957811E-6
302.50	9.49999957811E-6
303.00	9.49999957811E-6
303.50	9.49999957811E-6
304.00	9.49999957811E-6
304.50	9.49999957811E-6
305.00	9.49999957811E-6
305.50	9.49999957811E-6
306.00	9.49999957811E-6
306.50	9.49999957811E-6
307.00	9.49999957811E-6
307.50	9.49999957811E-6
308.00	9.49999957811E-6
308.50	9.49999957811E-6
309.00	9.49999957811E-6
309.50	9.49999957811E-6
310.00	9.49999957811E-6
310.50	9.49999957811E-6
311.00	9.49999957811E-6
311.50	9.49999957811E-6
312.00	9.49999957811E-6
312.50	9.49999957811E-6
313.00	9.49999957811E-6
313.50	9.49999957811E-6
314.00	9.49999957811E-6
314.50	9.49999957811E-6
315.00	9.49999957811E-6
315.50	9.49999957811E-6
316.00	9.49999957811E-6
316.50	9.49999957811E-6
317.00	9.49999957811E-6
317.50	9.49999957811E-6
318.00	9.49999957811E-6
318.50	9.49999957811E-6
319.00	9.49999957811E-6
319.50	9.49999957811E-6
320.00	9.49999957811E-6
320.50	9.49999957811E-6
321.00	9.49999957811E-6
321.50	9.49999957811E-6
322.00	9.49999957811E-6
322.50	9.49999957811E-6
323.00	9.49999957811E-6
323.50	9.49999957811E-6
324.00	9.49999957811E-6
324.50	9.49999957811E-6
325.00	9.49999957811E-6
325.50	9.49999957811E-6
326.00	9.49999957811E-6
326.50	9.49999957811E-6
327.00	9.49999957811E-6
327.50	9.49999957811E-6
328.00	9.49999957811E-6
328.50	9.49999957811E-6
329.00	9.49999957811E-6
329.50	9.49999957811E-6
330.00	9.49999957811E-6
330.50	9.49999957811E-6
331.00	9.49999957811E-6
331.50	9.49999957811E-6
332.00	9.49999957811E-6
332.50	9.49999957811E-6
333.00	9.49999957811E-6
333.50	9.49999957811E-6
334.00	9.49999957811E-6
334.50	9.49999957811E-6
335.00	9.49999957811E-6
335.50	9.49999957811E-6
336.00	9.49999957811E-6
336.50	9.49999957811E-6
337.00	9.49999957811E-6
337.50	9.49999957811E-6
338.00	9.49999957811E-6
338.50	9.49999957811E-6
339.00	9.49999957811E-6
339.50	9.49999957811E-6
340.00	9.49999957811E-6
340.50	9.49999957811E-6
341.00	9.49999957811E-6
341.50	9.49999957811E-6
342.00	9.49999957811E-6
342.50	9.49999957811E-6
343.00	9.49999957811E-6
343.50	9.49999957811E-6
344.00	9.49999957811E-6
344.50	9.49999957811E-6
345.00	9.49999957811E-6
345.50	9.49999957811E-6
346.00	9.49999957811E-6
346.50	9.49999957811E-6
347.00	9.49999957811E-6
347.50	9.49999957811E-6
348.00	9.49999957811E-6
348.50	9.49999957811E-6
349.00	9.49999957811E-6
349.50	9.49999957811E-6
350.00	9.49999957811E-6
350.50	9.49999957811E-6
351.00	9.49999957811E-6
351.50	9.49999957811E-6
352.00	9.49999957811E-6
352.50	9.49999957811E-6
353.00	9.49999957811E-6
353.50	9.49999957811E-6
354.00	9.49999957811E-6
354.50	9.49999957811E-6
355.00	9.49999957811E-6
355.50	9.49999957811E-6
356.00	9.49999957811E-6
356.50	9.49999957811E-6
357.00	9.49999957811E-6
357.50	9.49999957811E-6
358.00	9.49999957811E-6
358.50	9.49999957811E-6
359.00	9.49999957811E-6
359.50	9.49999957811E-6
360.00	9.49999957811E-6
360.50	9.49999957811E-6
361.00	9.49999957811E-6
361.50	9.49999957811E-6
362.00	9.49999957811E-6
362.50	9.49999957811E-6
363.00	9.49999957811E-6
363.50	9.49999957811E-6
364.00	9.49999957811E-6
364.50	9.49999957811E-6
365.00	9.49999957811E-6
365.50	9.49999957811E-6
366.00	9.49999957811E-6
366.50	9.49999957811E-6
367.00	9.49999957811E-6
367.50	9.49999957811E-6
368.00	9.49999957811E-6
368.50	9.49999957811E-6
369.00	9.49999957811E-6
369.50	9.49999957811E-6
370.00	9.49999957811E-6
370.50	9.49999957811E-6
371.00	9.49999957811E-6
371.50	9.49999957811E-6
372.00	9.49999957811E-6
372.50	9.49999957811E-6
373.00	9.49999957811E-6
373.50	9.49999957811E-6
374.00	9.49999957811E-6
374.50	9.49999957811E-6
375.00	9.49999957811E-6
375.50	9.49999957811E-6
376.00	9.49999957811E-6
376.50	9.49999957811E-6
377.00	9.49999957811E-6
377.50	9.49999957811E-6
378.00	9.49999957811E-6
378.50	9.49999957811E-6
379.00	9.49999957811E-6
379.50	9.49999957811E-6
380.00	9.49999957811E-6
380.50	9.49999957811E-6
381.00	9.49999957811E-6
381.50	9.49999957811E-6
382.00	9.49999957811E-6
382.50	9.49999957811E-6
383.00	9.49999957811E-6
383.50	9.49999957811E-6
384.00	9.49999957811E-6
384.50	9.49999957811E-6
385.00	9.49999957811E-6
385.50	9.49999957811E-6
386.00	9.49999957811E-6
386.50	9.49999957811E-6
387.00	9.49999957811E-6
387.50	9.49999957811E-6
388.00	9.49999957811E-6
388.50	9.49999957811E-6
389.00	9.49999957811E-6
389.50	9.49999957811E-6
390.00	9.49999957811E-6
390.50	9.49999957811E-6
391.00	9.49999957811E-6
391.50	9.49999957811E-6
392.00	9.49999957811E-6
392.50	9.49999957811E-6
393.00	9.49999957811E-6
393.50	9.49999957811E-6
394.00	9.49999957811E-6
394.50	9.49999957811E-6
395.00	9.49999957811E-6
395.50	9.49999957811E-6
396.00	9.49999957811E-6
396.50	9.49999957811E-6
397.00	9.49999957811E-6
397.50	9.49999957811E-6
398.00	9.49999957811E-6
398.50	9.49999957811E-6
399.00	9.49999957811E-6
399.50	9.49999957811E-6
400.00	9.49999957811E-6
400.50	9.49999957811E-6
401.00	9.49999957811E-6
401.50	9.49999957811E-6
402.00	9.49999957811E-6
402.50	9.49999957811E-6
403.00	9.49999957811E-6
403.50	9.49999957811E-6
404.00	9.49999957811E-6
404.50	9.49999957811E-6
405.00	9.49999957811E-6
405.50	9.49999957811E-6
406.00	9.49999957811E-6
406.50	9.49999957811E-6
407.00	9.49999957811E-6
407.50	9.49999957811E-6
408.00	9.49999957811E-6
408.50	9.49999957811E-6
409.00	9.49999957811E-6
409.50	9.49999957811E-6
410.00	9.49999957811E-6
410.50	9.49999957811E-6
411.00	9.49999957811E-6
411.50	9.49999957811E-6
412.00	9.49999957811E-6
412.50	9.49999957811E-6
413.00	9.49999957811E-6
413.50	9.49999957811E-6
414.00	9.49999957811E-6
414.50	9.49999957811E-6
415.00	9.49999957811E-6
415.50	9.49999957811E-6
416.00	9.49999957811E-6
416.50	9.49999957811E-6
417.00	9.49999957811E-6
417.50	9.49999957811E-6
418.00	9.49999957811E-6
418.50	9.49999957811E-6
419.00	9.49999957811E-6
419.50	9.49999957811E-6
420.00	9.49999957811E-6
420.50	9.49999957811E-6
421.00	9.49999957811E-6
421.50	9.49999957811E-6
422.00	9.49999957811E-6
422.50	9.49999957811E-6
423.00	9.49999957811E-6
423.50	9.49999957811E-6
424.00	9.49999957811E-6
424.50	9.49999957811E-6
425.00	9.49999957811E-6
425.50	9.49999957811E-6
426.00	9.49999957811E-6
426.50	9.49999957811E-6
427.00	9.49999957811E-6
427.50	9.49999957811E-6
428.00	9.49999957811E-6
428.50	9.49999957811E-6
429.00	9.49999957811E-6
429.50	9.49999957811E-6
430.00	9.49999957811E-6
430.50	9.49999957811E-6
431.00	9.49999957811E-6
431.50	9.49999957811E-6
432.00	9.49999957811E-6
432.50	9.49999957811E-6
433.00	9.49999957811E-6
433.50	9.49999957811E-6
434.00	9.49999957811E-6
434.50	9.49999957811E-6
435.00	9.49999957811E-6
435.50	9.49999957811E-6
436.00	9.49999957811E-6
436.50	9.49999957811E-6
437.00	9.49999957811E-6
437.50	9.49999957811E-6
438.00	9.49999957811E-6
438.50	9.49999957811E-6
439.00	9.49999957811E-6
439.50	9.49999957811E-6
440.00	9.49999957811E-6
440.50	9.49999957811E-6
441.00	9.49999957811E-6
441.50	9.49999957811E-6
442.00	9.75543025561E-6
442.50	1.08784997792E-5
443.00	9.49999957811E-6
443.50	9.49999957811E-6
444.00	9.49999957811E-6
444.50	9.49999957811E-6
445.00	9.49999957811E-6
445.50	9.49999957811E-6
446.00	9.49999957811E-6
446.50	9.49999957811E-6
447.00	9.49999957811E-6
447.50	9.49999957811E-6
448.00	9.49999957811E-6
448.50	9.49999957811E-6
449.00	9.49999957811E-6
449.50	9.49999957811E-6
450.00	9.49999957811E-6
450.50	9.49999957811E-6
451.00	9.49999957811E-6
451.50	9.49999957811E-6
452.00	9.49999957811E-6
452.50	9.49999957811E-6
453.00	1.09830998554E-5
453.50	9.93631965684E-6
454.00	9.49999957811E-6
454.50	9.49999957811E-6
455.00	9.49999957811E-6
455.50	9.49999957811E-6
456.00	9.49999957811E-6
456.50	9.49999957811E-6
457.00	9.49999957811E-6
457.50	9.49999957811E-6
458.00	9.49999957811E-6
458.50	9.49999957811E-6
459.00	9.49999957811E-6
459.50	9.49999957811E-6
460.00	9.49999957811E-6
460.50	9.49999957811E-6
461.00	9.49999957811E-6
461.50	9.49999957811E-6
462.00	9.49999957811E-6
462.50	9.49999957811E-6
463.00	9.49999957811E-6
463.50	9.49999957811E-6
464.00	9.49999957811E-6
464.50	9.49999957811E-6
465.00	9.49999957811E-6
465.50	9.49999957811E-6
466.00	9.49999957811E-6
466.50	9.49999957811E-6
467.00	9.49999957811E-6
467.50	9.49999957811E-6
468.00	9.49999957811E-6
468.50	9.49999957811E-6
469.00	9.49999957811E-6
469.50	9.49999957811E-6
470.00	9.49999957811E-6
470.50	9.49999957811E-6
471.00	9.49999957811E-6
471.50	9.49999957811E-6
472.00	9.49999957811E-6
472.50	9.49999957811E-6
473.00	9.49999957811E-6
473.50	9.49999957811E-6
474.00	9.49999957811E-6
474.50	9.49999957811E-6
475.00	9.49999957811E-6
475.50	9.49999957811E-6
476.00	9.49999957811E-6
476.50	9.49999957811E-6
477.00	9.49999957811E-6
477.50	9.49999957811E-6
478.00	9.49999957811E-6
478.50	9.49999957811E-6
479.00	9.49999957811E-6
479.50	9.49999957811E-6
480.00	9.49999957811E-6
480.50	9.49999957811E-6
481.00	9.49999957811E-6
481.50	9.49999957811E-6
482.00	9.49999957811E-6
482.50	9.49999957811E-6
483.00	9.49999957811E-6
483.50	9.49999957811E-6
484.00	9.49999957811E-6
484.50	9.49999957811E-6
485.00	9.49999957811E-6
485.50	9.49999957811E-6
486.00	9.49999957811E-6
486.50	9.49999957811E-6
487.00	9.49999957811E-6
487.50	9.49999957811E-6
488.00	9.49999957811E-6
488.50	9.49999957811E-6
489.00	9.49999957811E-6
489.50	9.49999957811E-6
490.00	9.49999957811E-6
490.50	9.49999957811E-6
491.00	9.49999957811E-6
491.50	9.49999957811E-6
492.00	9.49999957811E-6
492.50	9.49999957811E-6
493.00	9.49999957811E-6
493.50	9.49999957811E-6
494.00	9.49999957811E-6
494.50	9.49999957811E-6
495.00	9.49999957811E-6
495.50	9.49999957811E-6
496.00	9.49999957811E-6
496.50	9.49999957811E-6
497.00	9.49999957811E-6
497.50	9.49999957811E-6
498.00	9.49999957811E-6
498.50	9.49999957811E-6
499.00	9.49999957811E-6
499.50	9.49999957811E-6
500.00	9.49999957811E-6
500.50	9.49999957811E-6
501.00	9.49999957811E-6
501.50	9.49999957811E-6
502.00	9.49999957811E-6
502.50	9.49999957811E-6
503.00	9.49999957811E-6
503.50	9.49999957811E-6
504.00	9.49999957811E-6
504.50	9.49999957811E-6
505.00	9.49999957811E-6
505.50	9.49999957811E-6
506.00	9.49999957811E-6
506.50	9.49999957811E-6
507.00	9.49999957811E-6
507.50	9.49999957811E-6
508.00	9.49999957811E-6
508.50	9.49999957811E-6
509.00	9.49999957811E-6
509.50	9.49999957811E-6
510.00	9.49999957811E-6
510.50	9.49999957811E-6
511.00	9.49999957811E-6
511.50	9.49999957811E-6
512.00	9.49999957811E-6
512.50	9.49999957811E-6
513.00	9.49999957811E-6
513.50	9.49999957811E-6
514.00	9.49999957811E-6
514.50	9.49999957811E-6
515.00	9.49999957811E-6
515.50	9.49999957811E-6
516.00	9.49999957811E-6
516.50	9.49999957811E-6
517.00	9.49999957811E-6
517.50	9.49999957811E-6
518.00	9.49999957811E-6
518.50	9.49999957811E-6
519.00	9.49999957811E-6
519.50	9.49999957811E-6
520.00	9.49999957811E-6
520.50	9.49999957811E-6
521.00	9.49999957811E-6
521.50	9.49999957811E-6
522.00	9.49999957811E-6
522.50	9.49999957811E-6
523.00	9.49999957811E-6
523.50	9.49999957811E-6
524.00	9.49999957811E-6
524.50	9.49999957811E-6
525.00	9.49999957811E-6
525.50	9.49999957811E-6
526.00	9.49999957811E-6
526.50	9.49999957811E-6
527.00	9.49999957811E-6
527.50	9.49999957811E-6
528.00	9.49999957811E-6
528.50	9.49999957811E-6
529.00	9.49999957811E-6
529.50	9.49999957811E-6
530.00	9.49999957811E-6
530.50	9.49999957811E-6
531.00	9.49999957811E-6
531.50	9.49999957811E-6
532.00	9.49999957811E-6
532.50	9.49999957811E-6
533.00	9.49999957811E-6
533.50	9.49999957811E-6
534.00	9.49999957811E-6
534.50	9.49999957811E-6
535.00	9.49999957811E-6
535.50	9.49999957811E-6
536.00	9.49999957811E-6
536.50	9.49999957811E-6
537.00	9.49999957811E-6
537.50	9.49999957811E-6
538.00	9.49999957811E-6
538.50	9.49999957811E-6
539.00	9.49999957811E-6
539.50	9.49999957811E-6
540.00	9.49999957811E-6
540.50	9.49999957811E-6
541.00	9.49999957811E-6
541.50	9.49999957811E-6
542.00	9.49999957811E-6
542.50	9.49999957811E-6
543.00	9.49999957811E-6
543.50	9.49999957811E-6
544.00	9.49999957811E-6
544.50	9.49999957811E-6
545.00	9.49999957811E-6
545.50	9.49999957811E-6
546.00	9.49999957811E-6
546.50	9.49999957811E-6
547.00	9.49999957811E-6
547.50	9.49999957811E-6
548.00	9.49999957811E-6
548.50	9.49999957811E-6
549.00	9.49999957811E-6
549.50	9.49999957811E-6
550.00	9.49999957811E-6
550.50	9.49999957811E-6
551.00	9.49999957811E-6
551.50	9.49999957811E-6
552.00	9.49999957811E-6
552.50	9.49999957811E-6
553.00	9.49999957811E-6
553.50	9.49999957811E-6
554.00	9.49999957811E-6
554.50	9.49999957811E-6
555.00	9.49999957811E-6
555.50	9.49999957811E-6
556.00	9.49999957811E-6
556.50	9.49999957811E-6
557.00	9.49999957811E-6
557.50	9.49999957811E-6
558.00	9.49999957811E-6
558.50	9.49999957811E-6
559.00	9.49999957811E-6
559.50	9.49999957811E-6
560.00	9.49999957811E-6
560.50	9.49999957811E-6
561.00	9.49999957811E-6
561.50	9.49999957811E-6
562.00	9.49999957811E-6
562.50	9.49999957811E-6
563.00	9.49999957811E-6
563.50	9.49999957811E-6
564.00	9.49999957811E-6
564.50	9.49999957811E-6
565.00	9.49999957811E-6
565.50	9.49999957811E-6
566.00	9.49999957811E-6
566.50	9.49999957811E-6
567.00	9.49999957811E-6
567.50	9.49999957811E-6
568.00	9.49999957811E-6
568.50	9.49999957811E-6
569.00	9.49999957811E-6
569.50	9.49999957811E-6
570.00	9.49999957811E-6
570.50	9.49999957811E-6
571.00	9.49999957811E-6
571.50	9.49999957811E-6
572.00	9.49999957811E-6
572.50	9.49999957811E-6
573.00	9.49999957811E-6
573.50	9.49999957811E-6
574.00	9.49999957811E-6
574.50	9.49999957811E-6
575.00	9.49999957811E-6
575.50	9.49999957811E-6
576.00	9.49999957811E-6
576.50	9.49999957811E-6
577.00	9.49999957811E-6
577.50	9.49999957811E-6
578.00	9.49999957811E-6
578.50	9.49999957811E-6
579.00	9.49999957811E-6
579.50	9.49999957811E-6
580.00	9.49999957811E-6
580.50	9.49999957811E-6
581.00	9.49999957811E-6
581.50	9.49999957811E-6
582.00	9.49999957811E-6
582.50	9.49999957811E-6
583.00	9.49999957811E-6
583.50	9.49999957811E-6
584.00	9.49999957811E-6
584.50	9.49999957811E-6
585.00	9.49999957811E-6
585.50	9.49999957811E-6
586.00	9.49999957811E-6
586.50	9.49999957811E-6
587.00	9.49999957811E-6
587.50	9.49999957811E-6
588.00	9.49999957811E-6
588.50	9.49999957811E-6
589.00	9.49999957811E-6
589.50	9.49999957811E-6
590.00	9.49999957811E-6
590.50	9.49999957811E-6
591.00	9.49999957811E-6
591.50	9.49999957811E-6
592.00	9.49999957811E-6
592.50	9.49999957811E-6
593.00	9.49999957811E-6
593.50	9.49999957811E-6
594.00	9.49999957811E-6
594.50	9.49999957811E-6
595.00	9.49999957811E-6
595.50	9.49999957811E-6
596.00	9.49999957811E-6
596.50	9.49999957811E-6
597.00	9.49999957811E-6
597.50	9.49999957811E-6
598.00	9.49999957811E-6
598.50	9.49999957811E-6
599.00	9.49999957811E-6
599.50	9.49999957811E-6
600.00	9.49999957811E-6
600.50	9.49999957811E-6
601.00	9.49999957811E-6
601.50	9.49999957811E-6
602.00	9.49999957811E-6
602.50	9.49999957811E-6
603.00	9.49999957811E-6
603.50	9.49999957811E-6
604.00	9.49999957811E-6
604.50	9.49999957811E-6
605.00	9.49999957811E-6
605.50	9.49999957811E-6
606.00	9.49999957811E-6
606.50	9.49999957811E-6
607.00	9.49999957811E-6
607.50	9.49999957811E-6
608.00	9.49999957811E-6
608.50	9.49999957811E-6
609.00	9.49999957811E-6
609.50	9.49999957811E-6
610.00	9.49999957811E-6
610.50	9.49999957811E-6
611.00	9.49999957811E-6
611.50	9.49999957811E-6
612.00	9.49999957811E-6
612.50	9.49999957811E-6
613.00	9.49999957811E-6
613.50	9.49999957811E-6
614.00	9.49999957811E-6
614.50	9.49999957811E-6
615.00	9.49999957811E-6
615.50	9.49999957811E-6
616.00	9.49999957811E-6
616.50	9.49999957811E-6
617.00	9.49999957811E-6
617.50	9.49999957811E-6
618.00	9.49999957811E-6
618.50	9.49999957811E-6
619.00	9.49999957811E-6
619.50	9.49999957811E-6
620.00	9.49999957811E-6
620.50	9.49999957811E-6
621.00	9.49999957811E-6
621.50	9.49999957811E-6
622.00	9.49999957811E-6
622.50	9.49999957811E-6
623.00	9.49999957811E-6
623.50	9.49999957811E-6
624.00	9.49999957811E-6
624.50	9.49999957811E-6
625.00	9.49999957811E-6
625.50	9.49999957811E-6
626.00	9.49999957811E-6
626.50	9.49999957811E-6
627.00	9.49999957811E-6
627.50	9.49999957811E-6
628.00	9.49999957811E-6
628.50	9.49999957811E-6
629.00	9.49999957811E-6
629.50	9.49999957811E-6
630.00	9.49999957811E-6
630.50	9.49999957811E-6
631.00	9.49999957811E-6
631.50	9.49999957811E-6
632.00	9.49999957811E-6
632.50	9.49999957811E-6
633.00	9.49999957811E-6
633.50	9.49999957811E-6
634.00	9.49999957811E-6
634.50	9.49999957811E-6
635.00	9.49999957811E-6
635.50	9.49999957811E-6
636.00	9.49999957811E-6
636.50	9.49999957811E-6
637.00	9.49999957811E-6
637.50	9.49999957811E-6
638.00	9.49999957811E-6
638.50	9.49999957811E-6
639.00	9.49999957811E-6
639.50	9.49999957811E-6
640.00	1.7638600184E-5
640.50	3.79295997845E-5
641.00	8.47522969707E-5
641.50	0.000201567992917
642.00	0.000503905990627
642.50	0.001378069981
643.00	0.00416473997757
643.50	0.0138259995729
644.00	0.0538509003818
644.50	0.186011001468
645.00	0.4610440135
645.50	0.777287006378
646.00	0.93457698822
646.50	0.958603978157
647.00	0.95895498991
647.50	0.962104022503
648.00	0.966967999935
648.50	0.970484972
649.00	0.974954009056
649.50	0.979480028152
650.00	0.981365978718
650.50	0.980224013329
651.00	0.976536989212
651.50	0.974211990833
652.00	0.970924973488
652.50	0.971710979939
653.00	0.973899006844
653.50	0.975317001343
654.00	0.977828025818
654.50	0.978497982025
655.00	0.978628993034
655.50	0.975008010864
656.00	0.973807990551
656.50	0.973347008228
657.00	0.97421002388
657.50	0.974086999893
658.00	0.978123009205
658.50	0.981347024441
659.00	0.984444975853
659.50	0.985476970673
660.00	0.986684978008
660.50	0.985540986061
661.00	0.981348991394
661.50	0.980960011482
662.00	0.97855001688
662.50	0.976067006588
663.00	0.974713981152
663.50	0.974794983864
664.00	0.976498007774
664.50	0.977476000786
665.00	0.977136015892
665.50	0.979156017303
666.00	0.978169023991
666.50	0.978039979935
667.00	0.978869974613
667.50	0.97735697031
668.00	0.97687202692
668.50	0.978187024593
669.00	0.978366017342
669.50	0.977491021156
670.00	0.977759003639
670.50	0.979471027851
671.00	0.978963017464
671.50	0.979098021984
672.00	0.979008972645
672.50	0.979848980904
673.00	0.978416979313
673.50	0.977672994137
674.00	0.978816986084
674.50	0.980014979839
675.00	0.980857014656
675.50	0.981742978096
676.00	0.981481015682
676.50	0.983049988747
677.00	0.984189987183
677.50	0.985521972179
678.00	0.987177014351
678.50	0.986331999302
679.00	0.983892023563
679.50	0.984857976437
680.00	0.98384898901
680.50	0.980647981167
681.00	0.98080098629
681.50	0.980382025242
682.00	0.980266988277
682.50	0.980517983437
683.00	0.981849014759
683.50	0.981903016567
684.00	0.982724010944
684.50	0.982954025269
685.00	0.983285009861
685.50	0.981869995594
686.00	0.981101989746
686.50	0.976612985134
687.00	0.975449025631
687.50	0.973128974438
688.00	0.969177007675
688.50	0.969684004784
689.00	0.968125998974
689.50	0.969704985619
690.00	0.968488991261
690.50	0.97129201889
691.00	0.973398983479
691.50	0.975566983223
692.00	0.973608016968
692.50	0.976220011711
693.00	0.975924015045
693.50	0.974260985851
694.00	0.972158014774
694.50	0.970597028732
695.00	0.97108399868
695.50	0.969712972641
696.00	0.968447029591
696.50	0.96978700161
697.00	0.970951020718
697.50	0.972355008125
698.00	0.972616970539
698.50	0.974516987801
699.00	0.974476993084
699.50	0.974216997623
700.00	0.973531007767
700.50	0.971310973167
701.00	0.969142973423
701.50	0.965807974339
702.00	0.966778993607
702.50	0.966257989407
703.00	0.965834021568
703.50	0.966225981712
704.00	0.967244029045
704.50	0.970588982105
705.00	0.974480986595
705.50	0.977317988873
706.00	0.975542008877
706.50	0.974768996239
707.00	0.972788989544
707.50	0.969832003117
708.00	0.96751499176
708.50	0.960635006428
709.00	0.961184978485
709.50	0.962635993958
710.00	0.960888981819
710.50	0.962346971035
711.00	0.962209999561
711.50	0.963326990604
712.00	0.960985004902
712.50	0.959587991238
713.00	0.954859018326
713.50	0.949824988842
714.00	0.950173020363
714.50	0.948471009731
715.00	0.950085997581
715.50	0.953929007053
716.00	0.961332976818
716.50	0.968566000462
717.00	0.971777021885
717.50	0.972956001759
718.00	0.97497600317
718.50	0.974097013474
719.00	0.96746301651
719.50	0.971019983292
720.00	0.971624016762
720.50	0.969909012318
721.00	0.965559005737
721.50	0.939301013947
722.00	0.85530102253
722.50	0.665413022041
723.00	0.390709012747
723.50	0.196825996041
724.00	0.058865301311
724.50	0.0292674005032
725.00	0.0116768004373
725.50	0.00469323992729
726.00	0.00211117998697
726.50	0.000991214998066
727.00	0.000482099014334
727.50	0.000246528012212
728.00	0.000130219006678
728.50	7.1194001066E-5
729.00	4.11674009229E-5
729.50	2.31564008573E-5
730.00	1.38970999615E-5
730.50	9.49999957811E-6
731.00	9.49999957811E-6
731.50	9.49999957811E-6
732.00	9.49999957811E-6
732.50	9.49999957811E-6
733.00	9.49999957811E-6
733.50	9.49999957811E-6
734.00	9.49999957811E-6
734.50	9.49999957811E-6
735.00	9.49999957811E-6
735.50	9.49999957811E-6
736.00	9.49999957811E-6
736.50	9.49999957811E-6
737.00	9.49999957811E-6
737.50	9.49999957811E-6
738.00	9.49999957811E-6
738.50	9.49999957811E-6
739.00	9.49999957811E-6
739.50	9.49999957811E-6
740.00	9.49999957811E-6
740.50	9.49999957811E-6
741.00	9.49999957811E-6
741.50	9.49999957811E-6
742.00	9.49999957811E-6
742.50	9.49999957811E-6
743.00	9.49999957811E-6
743.50	9.49999957811E-6
744.00	9.49999957811E-6
744.50	9.49999957811E-6
745.00	9.49999957811E-6
745.50	9.49999957811E-6
746.00	9.49999957811E-6
746.50	9.49999957811E-6
747.00	9.49999957811E-6
747.50	9.49999957811E-6
748.00	9.49999957811E-6
748.50	9.49999957811E-6
749.00	9.49999957811E-6
749.50	9.49999957811E-6
750.00	9.49999957811E-6
750.50	9.49999957811E-6
751.00	9.49999957811E-6
751.50	9.49999957811E-6
752.00	9.49999957811E-6
752.50	9.49999957811E-6
753.00	9.49999957811E-6
753.50	9.49999957811E-6
754.00	9.49999957811E-6
754.50	9.49999957811E-6
755.00	9.49999957811E-6
755.50	9.49999957811E-6
756.00	9.49999957811E-6
756.50	9.49999957811E-6
757.00	9.49999957811E-6
757.50	9.49999957811E-6
758.00	9.49999957811E-6
758.50	9.49999957811E-6
759.00	9.49999957811E-6
759.50	9.49999957811E-6
760.00	9.49999957811E-6
760.50	9.49999957811E-6
761.00	9.49999957811E-6
761.50	9.49999957811E-6
762.00	9.49999957811E-6
762.50	9.49999957811E-6
763.00	9.49999957811E-6
763.50	9.49999957811E-6
764.00	9.49999957811E-6
764.50	9.49999957811E-6
765.00	9.49999957811E-6
765.50	9.49999957811E-6
766.00	9.49999957811E-6
766.50	9.49999957811E-6
767.00	9.49999957811E-6
767.50	9.49999957811E-6
768.00	9.49999957811E-6
768.50	9.49999957811E-6
769.00	9.49999957811E-6
769.50	9.49999957811E-6
770.00	9.49999957811E-6
770.50	9.49999957811E-6
771.00	9.49999957811E-6
771.50	9.49999957811E-6
772.00	9.49999957811E-6
772.50	9.49999957811E-6
773.00	9.49999957811E-6
773.50	9.49999957811E-6
774.00	9.49999957811E-6
774.50	9.49999957811E-6
775.00	9.49999957811E-6
775.50	9.49999957811E-6
776.00	9.49999957811E-6
776.50	9.49999957811E-6
777.00	9.49999957811E-6
777.50	9.49999957811E-6
778.00	9.49999957811E-6
778.50	9.49999957811E-6
779.00	9.49999957811E-6
779.50	9.49999957811E-6
780.00	9.49999957811E-6
780.50	9.49999957811E-6
781.00	9.49999957811E-6
781.50	9.49999957811E-6
782.00	9.49999957811E-6
782.50	9.49999957811E-6
783.00	9.49999957811E-6
783.50	9.49999957811E-6
784.00	9.49999957811E-6
784.50	9.49999957811E-6
785.00	9.49999957811E-6
785.50	9.49999957811E-6
786.00	9.49999957811E-6
786.50	9.49999957811E-6
787.00	9.49999957811E-6
787.50	9.49999957811E-6
788.00	9.49999957811E-6
788.50	9.49999957811E-6
789.00	9.49999957811E-6
789.50	9.49999957811E-6
790.00	9.49999957811E-6
790.50	9.49999957811E-6
791.00	9.49999957811E-6
791.50	9.49999957811E-6
792.00	9.49999957811E-6
792.50	9.49999957811E-6
793.00	9.49999957811E-6
793.50	9.49999957811E-6
794.00	9.49999957811E-6
794.50	9.49999957811E-6
795.00	9.49999957811E-6
795.50	9.49999957811E-6
796.00	9.49999957811E-6
796.50	9.49999957811E-6
797.00	9.49999957811E-6
797.50	9.49999957811E-6
798.00	9.49999957811E-6
798.50	9.49999957811E-6
799.00	9.49999957811E-6
799.50	9.49999957811E-6
800.00	9.49999957811E-6
800.50	9.49999957811E-6
801.00	9.49999957811E-6
801.50	9.49999957811E-6
802.00	9.49999957811E-6
802.50	9.49999957811E-6
803.00	9.49999957811E-6
803.50	9.49999957811E-6
804.00	9.49999957811E-6
804.50	9.49999957811E-6
805.00	9.49999957811E-6
805.50	9.49999957811E-6
806.00	9.49999957811E-6
806.50	9.49999957811E-6
807.00	9.49999957811E-6
807.50	9.49999957811E-6
808.00	9.49999957811E-6
808.50	9.49999957811E-6
809.00	9.49999957811E-6
809.50	9.49999957811E-6
810.00	9.49999957811E-6
810.50	9.49999957811E-6
811.00	9.49999957811E-6
811.50	9.49999957811E-6
812.00	9.49999957811E-6
812.50	9.49999957811E-6
813.00	9.49999957811E-6
813.50	9.49999957811E-6
814.00	9.49999957811E-6
814.50	9.49999957811E-6
815.00	9.49999957811E-6
815.50	9.49999957811E-6
816.00	9.49999957811E-6
816.50	9.49999957811E-6
817.00	9.49999957811E-6
817.50	9.49999957811E-6
818.00	9.49999957811E-6
818.50	9.49999957811E-6
819.00	9.49999957811E-6
819.50	9.49999957811E-6
820.00	9.49999957811E-6
820.50	9.49999957811E-6
821.00	9.49999957811E-6
821.50	9.49999957811E-6
822.00	9.49999957811E-6
822.50	9.49999957811E-6
823.00	9.49999957811E-6
823.50	9.49999957811E-6
824.00	9.49999957811E-6
824.50	9.49999957811E-6
825.00	9.49999957811E-6
825.50	9.49999957811E-6
826.00	9.49999957811E-6
826.50	9.49999957811E-6
827.00	9.49999957811E-6
827.50	9.49999957811E-6
828.00	9.49999957811E-6
828.50	9.49999957811E-6
829.00	9.49999957811E-6
829.50	9.49999957811E-6
830.00	9.49999957811E-6
830.50	9.49999957811E-6
831.00	9.49999957811E-6
831.50	9.49999957811E-6
832.00	9.49999957811E-6
832.50	9.49999957811E-6
833.00	9.49999957811E-6
833.50	9.49999957811E-6
834.00	9.49999957811E-6
834.50	9.49999957811E-6
835.00	9.49999957811E-6
835.50	9.49999957811E-6
836.00	9.49999957811E-6
836.50	9.49999957811E-6
837.00	9.49999957811E-6
837.50	9.49999957811E-6
838.00	9.49999957811E-6
838.50	9.49999957811E-6
839.00	9.49999957811E-6
839.50	9.49999957811E-6
840.00	9.49999957811E-6
840.50	9.49999957811E-6
841.00	9.49999957811E-6
841.50	9.49999957811E-6
842.00	9.49999957811E-6
842.50	9.49999957811E-6
843.00	9.49999957811E-6
843.50	9.49999957811E-6
844.00	9.49999957811E-6
844.50	9.49999957811E-6
845.00	9.49999957811E-6
845.50	9.49999957811E-6
846.00	9.49999957811E-6
846.50	9.49999957811E-6
847.00	9.49999957811E-6
847.50	9.49999957811E-6
848.00	9.49999957811E-6
848.50	9.49999957811E-6
849.00	9.49999957811E-6
849.50	9.49999957811E-6
850.00	9.49999957811E-6
850.50	9.49999957811E-6
851.00	9.49999957811E-6
851.50	9.49999957811E-6
852.00	9.49999957811E-6
852.50	9.49999957811E-6
853.00	9.49999957811E-6
853.50	9.49999957811E-6
854.00	9.49999957811E-6
854.50	9.49999957811E-6
855.00	9.49999957811E-6
855.50	9.49999957811E-6
856.00	9.49999957811E-6
856.50	9.49999957811E-6
857.00	9.49999957811E-6
857.50	9.49999957811E-6
858.00	9.49999957811E-6
858.50	9.49999957811E-6
859.00	9.49999957811E-6
859.50	9.49999957811E-6
860.00	9.49999957811E-6
860.50	9.49999957811E-6
861.00	9.49999957811E-6
861.50	9.49999957811E-6
862.00	9.49999957811E-6
862.50	9.49999957811E-6
863.00	9.49999957811E-6
863.50	9.49999957811E-6
864.00	9.49999957811E-6
864.50	9.49999957811E-6
865.00	9.49999957811E-6
865.50	9.49999957811E-6
866.00	9.49999957811E-6
866.50	9.49999957811E-6
867.00	9.49999957811E-6
867.50	9.49999957811E-6
868.00	9.49999957811E-6
868.50	9.49999957811E-6
869.00	9.49999957811E-6
869.50	9.49999957811E-6
870.00	9.49999957811E-6
870.50	9.49999957811E-6
871.00	9.49999957811E-6
871.50	9.49999957811E-6
872.00	9.49999957811E-6
872.50	9.49999957811E-6
873.00	9.49999957811E-6
873.50	9.49999957811E-6
874.00	9.49999957811E-6
874.50	9.49999957811E-6
875.00	9.49999957811E-6
875.50	9.49999957811E-6
876.00	9.49999957811E-6
876.50	9.49999957811E-6
877.00	9.49999957811E-6
877.50	9.49999957811E-6
878.00	9.49999957811E-6
878.50	9.49999957811E-6
879.00	9.49999957811E-6
879.50	9.49999957811E-6
880.00	9.49999957811E-6
880.50	9.49999957811E-6
881.00	9.49999957811E-6
881.50	9.49999957811E-6
882.00	9.49999957811E-6
882.50	9.49999957811E-6
883.00	9.49999957811E-6
883.50	9.49999957811E-6
884.00	9.49999957811E-6
884.50	9.49999957811E-6
885.00	9.49999957811E-6
885.50	9.49999957811E-6
886.00	9.49999957811E-6
886.50	9.49999957811E-6
887.00	9.49999957811E-6
887.50	9.49999957811E-6
888.00	9.49999957811E-6
888.50	9.49999957811E-6
889.00	9.49999957811E-6
889.50	9.49999957811E-6
890.00	9.49999957811E-6
890.50	9.49999957811E-6
891.00	9.49999957811E-6
891.50	9.49999957811E-6
892.00	9.49999957811E-6
892.50	9.49999957811E-6
893.00	9.49999957811E-6
893.50	9.49999957811E-6
894.00	9.49999957811E-6
894.50	9.49999957811E-6
895.00	9.49999957811E-6
895.50	9.49999957811E-6
896.00	9.49999957811E-6
896.50	9.49999957811E-6
897.00	9.49999957811E-6
897.50	9.49999957811E-6
898.00	9.49999957811E-6
898.50	9.49999957811E-6
899.00	9.49999957811E-6
899.50	9.49999957811E-6
900.00	9.49999957811E-6
900.50	9.49999957811E-6
901.00	9.49999957811E-6
901.50	9.49999957811E-6
902.00	9.49999957811E-6
902.50	9.49999957811E-6
903.00	9.49999957811E-6
903.50	9.49999957811E-6
904.00	9.49999957811E-6
904.50	9.49999957811E-6
905.00	9.49999957811E-6
905.50	9.49999957811E-6
906.00	9.49999957811E-6
906.50	9.49999957811E-6
907.00	9.49999957811E-6
907.50	9.49999957811E-6
908.00	9.49999957811E-6
908.50	9.49999957811E-6
909.00	9.49999957811E-6
909.50	9.49999957811E-6
910.00	9.49999957811E-6
910.50	9.49999957811E-6
911.00	9.49999957811E-6
911.50	9.49999957811E-6
912.00	9.49999957811E-6
912.50	9.49999957811E-6
913.00	9.49999957811E-6
913.50	9.49999957811E-6
914.00	9.49999957811E-6
914.50	9.49999957811E-6
915.00	9.49999957811E-6
915.50	9.49999957811E-6
916.00	9.49999957811E-6
916.50	9.49999957811E-6
917.00	9.49999957811E-6
917.50	9.49999957811E-6
918.00	9.49999957811E-6
918.50	9.49999957811E-6
919.00	9.49999957811E-6
919.50	9.49999957811E-6
920.00	9.49999957811E-6
920.50	9.49999957811E-6
921.00	9.49999957811E-6
921.50	9.49999957811E-6
922.00	9.49999957811E-6
922.50	9.49999957811E-6
923.00	9.49999957811E-6
923.50	9.49999957811E-6
924.00	9.49999957811E-6
924.50	9.49999957811E-6
925.00	9.49999957811E-6
925.50	9.49999957811E-6
926.00	9.49999957811E-6
926.50	9.49999957811E-6
927.00	9.49999957811E-6
927.50	9.49999957811E-6
928.00	9.49999957811E-6
928.50	9.49999957811E-6
929.00	9.49999957811E-6
929.50	9.49999957811E-6
930.00	9.49999957811E-6
930.50	9.49999957811E-6
931.00	9.49999957811E-6
931.50	9.49999957811E-6
932.00	9.49999957811E-6
932.50	9.49999957811E-6
933.00	9.49999957811E-6
933.50	9.49999957811E-6
934.00	9.49999957811E-6
934.50	9.49999957811E-6
935.00	9.49999957811E-6
935.50	9.49999957811E-6
936.00	9.49999957811E-6
936.50	9.49999957811E-6
937.00	9.49999957811E-6
937.50	9.49999957811E-6
938.00	9.49999957811E-6
938.50	9.49999957811E-6
939.00	9.49999957811E-6
939.50	9.49999957811E-6
940.00	9.49999957811E-6
940.50	9.49999957811E-6
941.00	9.49999957811E-6
941.50	9.49999957811E-6
942.00	9.49999957811E-6
942.50	9.49999957811E-6
943.00	9.49999957811E-6
943.50	9.49999957811E-6
944.00	9.49999957811E-6
944.50	9.49999957811E-6
945.00	9.49999957811E-6
945.50	9.49999957811E-6
946.00	9.49999957811E-6
946.50	9.49999957811E-6
947.00	9.49999957811E-6
947.50	9.49999957811E-6
948.00	9.49999957811E-6
948.50	9.49999957811E-6
949.00	9.49999957811E-6
949.50	9.49999957811E-6
950.00	9.49999957811E-6
950.50	9.49999957811E-6
951.00	9.49999957811E-6
951.50	9.49999957811E-6
952.00	9.49999957811E-6
952.50	9.49999957811E-6
953.00	9.49999957811E-6
953.50	9.49999957811E-6
954.00	9.49999957811E-6
954.50	9.49999957811E-6
955.00	9.49999957811E-6
955.50	9.49999957811E-6
956.00	9.49999957811E-6
956.50	9.49999957811E-6
957.00	9.49999957811E-6
957.50	9.49999957811E-6
958.00	9.49999957811E-6
958.50	9.49999957811E-6
959.00	9.49999957811E-6
959.50	9.49999957811E-6
960.00	9.49999957811E-6
960.50	9.49999957811E-6
961.00	9.49999957811E-6
961.50	9.49999957811E-6
962.00	9.95174013951E-6
962.50	1.00206998468E-5
963.00	1.00895003925E-5
963.50	1.09155998871E-5
964.00	1.17465997391E-5
964.50	1.08978001663E-5
965.00	1.00500001281E-5
965.50	1.13639998744E-5
966.00	1.26739996631E-5
966.50	1.27353996504E-5
967.00	1.27971998154E-5
967.50	1.41336995512E-5
968.00	1.54680001287E-5
968.50	1.61531006597E-5
969.00	1.68399001268E-5
969.50	1.75580007635E-5
970.00	1.82802996278E-5
970.50	2.01787006517E-5
971.00	2.20614001591E-5
971.50	2.36437008425E-5
972.00	2.52428999374E-5
972.50	2.72752004093E-5
973.00	2.92972999887E-5
973.50	3.12564989144E-5
974.00	3.32242998411E-5
974.50	3.5283901525E-5
975.00	3.73338989448E-5
975.50	4.07270017604E-5
976.00	4.41306001449E-5
976.50	4.80720991618E-5
977.00	5.20298017364E-5
977.50	5.26112016814E-5
978.00	5.31896985194E-5
978.50	5.6801498431E-5
979.00	6.04490996921E-5
979.50	6.66131963953E-5
980.00	7.27333026589E-5
980.50	7.68224999774E-5
981.00	8.0963196524E-5
981.50	8.63616005518E-5
982.00	9.17241995921E-5
982.50	9.74663998932E-5
983.00	0.000103224003396
983.50	0.000108453998109
984.00	0.000113649999548
984.50	0.000119887998153
985.00	0.000126191996969
985.50	0.000135788999614
986.00	0.000145337005961
986.50	0.000151800006279
987.00	0.000158301001647
987.50	0.000168598999153
988.00	0.000178834001417
988.50	0.000188289996004
989.00	0.000197836998268
989.50	0.000208804005524
990.00	0.000219787994865
990.50	0.000233868006035
991.00	0.000247979012784
991.50	0.000262790999841
992.00	0.000277587008895
992.50	0.000293393008178
993.00	0.000309065013425
993.50	0.000331440009177
994.00	0.00035407699761
994.50	0.000376638985472
995.00	0.000399045005906
995.50	0.000430245010648
996.00	0.000461691990495
996.50	0.000496555003338
997.00	0.000531553989276
997.50	0.000569613999687
998.00	0.000607273017522
998.50	0.000665404018946
999.00	0.000724493991584
999.50	0.000786026008427
1000.00	0.000847359013278
1000.50	0.000923165003769
1001.00	0.000998032977805
1001.50	0.00110317999497
1002.00	0.00120954995509
1002.50	0.00133694999386
1003.00	0.00146447995212
1003.50	0.00162716000341
1004.00	0.00178888998926
1004.50	0.00200972007588
1005.00	0.00223269010894
1005.50	0.00251772999763
1006.00	0.00280318991281
1006.50	0.00317462999374
1007.00	0.00354164000601
1007.50	0.00407062005252
1008.00	0.00460377009585
1008.50	0.00531357014552
1009.00	0.00602335995063
1009.50	0.00706196017563
1010.00	0.00810766033828
1010.50	0.00957006961107
1011.00	0.0110294995829
1011.50	0.0132055003196
1012.00	0.0153788002208
1012.50	0.0186167992651
1013.00	0.0218742992729
1013.50	0.0267922002822
1014.00	0.0316850990057
1014.50	0.0389660000801
1015.00	0.0462571009994
1015.50	0.0561924017966
1016.00	0.0661064982414
1016.50	0.07769010216
1017.00	0.089339800179
1017.50	0.0971043035388
1018.00	0.104904003441
1018.50	0.105230003595
1019.00	0.105557002127
1019.50	0.0993449017406
1020.00	0.0931408032775
1020.50	0.0849559977651
1021.00	0.0768553987145
1021.50	0.0700744986534
1022.00	0.063294403255
1022.50	0.0579534992576
1023.00	0.0525874011219
1023.50	0.049137301743
1024.00	0.0456391014159
1024.50	0.0426120012999
1025.00	0.0395920984447
1025.50	0.03749319911
1026.00	0.0353946983814
1026.50	0.0338278003037
1027.00	0.0322691015899
1027.50	0.0311968997121
1028.00	0.030130000785
1028.50	0.0294824000448
1029.00	0.0288363005966
1029.50	0.0286388993263
1030.00	0.0284401997924
1030.50	0.0284850001335
1031.00	0.0285298004746
1031.50	0.0289357993752
1032.00	0.0293432995677
1032.50	0.030185399577
1033.00	0.0310356002301
1033.50	0.0320618003607
1034.00	0.0330859012902
1034.50	0.0347236990929
1035.00	0.0363603010774
1035.50	0.0390083007514
1036.00	0.0416767001152
1036.50	0.0447185002267
1037.00	0.047747798264
1037.50	0.0519490987062
1038.00	0.0561559982598
1038.50	0.0617034994066
1039.00	0.0672371983528
1039.50	0.0740920975804
1040.00	0.0809483975172
1040.50	0.0878966972232
1041.00	0.0948468968272
1041.50	0.0993112996221
1042.00	0.103767000139
1042.50	0.103228002787
1043.00	0.102688997984
1043.50	0.0968642011285
1044.00	0.0910264998674
1044.50	0.0826700031757
1045.00	0.0742869973183
1045.50	0.0655340999365
1046.00	0.0567932017148
1046.50	0.0505467988551
1047.00	0.0442483015358
1047.50	0.0394572988153
1048.00	0.0346408002079
1048.50	0.0308765992522
1049.00	0.0271294992417
1049.50	0.0245556998998
1050.00	0.0219768993556
1050.50	0.0200267992914
1051.00	0.018080599606
1051.50	0.0166108999401
1052.00	0.0151458000764
1052.50	0.0140532003716
1053.00	0.0129629001021
1053.50	0.0121374996379
1054.00	0.0113126002252
1054.50	0.0106784999371
1055.00	0.0100464997813
1055.50	0.00954904034734
1056.00	0.00905373040587
1056.50	0.00873070955276
1057.00	0.00840410031378
1057.50	0.00814998988062
1058.00	0.00789393018931
1058.50	0.00767843006179
1059.00	0.00746187986806
1059.50	0.00727964984253
1060.00	0.00709829991683
1060.50	0.00696542020887
1061.00	0.00683306995779
1061.50	0.00674783997238
1062.00	0.00666284980252
1062.50	0.0066235200502
1063.00	0.00658420007676
1063.50	0.00661720009521
1064.00	0.00665047997609
1064.50	0.00670782011002
1065.00	0.00676548993215
1065.50	0.00684052985162
1066.00	0.00691556977108
1066.50	0.00700519979
1067.00	0.00709414016455
1067.50	0.00724085001275
1068.00	0.00738727021962
1068.50	0.00759840011597
1069.00	0.00780967995524
1069.50	0.00809913966805
1070.00	0.00839076004922
1070.50	0.00872579030693
1071.00	0.0090622799471
1071.50	0.00945807993412
1072.00	0.00985227990896
1072.50	0.0102732004598
1073.00	0.0106894001365
1073.50	0.0113481003791
1074.00	0.0120154004544
1074.50	0.0128389997408
1075.00	0.0136687997729
1075.50	0.0145589001477
1076.00	0.0154454996809
1076.50	0.0164650008082
1077.00	0.0174710005522
1077.50	0.0189869999886
1078.00	0.0205119997263
1078.50	0.0225118007511
1079.00	0.0245505999774
1079.50	0.0267549008131
1080.00	0.0289377998561
1080.50	0.0317294001579
1081.00	0.0344961993396
1081.50	0.0383784994483
1082.00	0.0422886013985
1082.50	0.0475220009685
1083.00	0.0528351999819
1083.50	0.0583578981459
1084.00	0.0637758970261
1084.50	0.0713550969958
1085.00	0.0789368972182
1085.50	0.0890735983849
1086.00	0.0994130969048
1086.50	0.11077799648
1087.00	0.122032001615
1087.50	0.134470999241
1088.00	0.146790996194
1088.50	0.16164599359
1089.00	0.17681799829
1089.50	0.187675997615
1090.00	0.198473006487
1090.50	0.205022007227
1091.00	0.211483001709
1091.50	0.214203998446
1092.00	0.216983005404
1092.50	0.215402007103
1093.00	0.213836997747
1093.50	0.212845996022
1094.00	0.211852997541
1094.50	0.212450996041
1095.00	0.213056996465
1095.50	0.210090994835
1096.00	0.207185000181
1096.50	0.206703007221
1097.00	0.206212997437
1097.50	0.201846003532
1098.00	0.197484999895
1098.50	0.190478995442
1099.00	0.183564007282
1099.50	0.180269002914
1100.00	0.176910996437
1100.50	0.17341800034
1101.00	0.169973999262
1101.50	0.171294003725
1102.00	0.172636002302
1102.50	0.172050997615
1103.00	0.171474993229
1103.50	0.170383006334
1104.00	0.169286996126
1104.50	0.168154999614
1105.00	0.167006999254
1105.50	0.163396000862
1106.00	0.159844994545
1106.50	0.159833997488
1107.00	0.159823000431
1107.50	0.158003002405
1108.00	0.15621599555
1108.50	0.157528996468
1109.00	0.158873006701
1109.50	0.156938001513
1110.00	0.155046999454
1110.50	0.155835002661
1111.00	0.156638994813
1111.50	0.155274003744
1112.00	0.153925999999
1112.50	0.154219999909
1113.00	0.154520004988
1113.50	0.15261900425
1114.00	0.150749996305
1114.50	0.151848003268
1115.00	0.1529610008
1115.50	0.153896003962
1116.00	0.154817998409
1116.50	0.157106995583
1117.00	0.159446999431
1117.50	0.157360002398
1118.00	0.155313998461
1118.50	0.155928999186
1119.00	0.15655399859
1119.50	0.157618001103
1120.00	0.158664003015
1120.50	0.163930997252
1121.00	0.169290006161
1121.50	0.169465005398
1122.00	0.1696369946
1122.50	0.169642999768
1123.00	0.169650003314
1123.50	0.171370998025
1124.00	0.173062995076
1124.50	0.180942997336
1125.00	0.188967004418
1125.50	0.189398005605
1126.00	0.189824000001
1126.50	0.189004004002
1127.00	0.188176006079
1127.50	0.19312299788
1128.00	0.198090001941
1128.50	0.20510700345
1129.00	0.212024003267
1129.50	0.212413996458
1130.00	0.212809994817
1130.50	0.210174992681
1131.00	0.207582995296
1131.50	0.219302996993
1132.00	0.231122002006
1132.50	0.23144300282
1133.00	0.231766998768
1133.50	0.226649001241
1134.00	0.221615999937
1134.50	0.233825996518
1135.00	0.246242001653
1135.50	0.248447999358
1136.00	0.250649005175
1136.50	0.244605004787
1137.00	0.23860900104
1137.50	0.251996010542
1138.00	0.265576988459
1138.50	0.265015989542
1139.00	0.264459013939
1139.50	0.261326998472
1140.00	0.258201986551
1140.50	0.273815006018
1141.00	0.289701014757
1141.50	0.283989995718
1142.00	0.278344005346
1142.50	0.279184013605
1143.00	0.280016005039
1143.50	0.293105006218
1144.00	0.306481003761
1144.50	0.302051007748
1145.00	0.297641009092
1145.50	0.3002409935
1146.00	0.302799999714
1146.50	0.308241993189
1147.00	0.313762009144
1147.50	0.314552009106
1148.00	0.31534999609
1148.50	0.311017990112
1149.00	0.306751012802
1149.50	0.311675012112
1150.00	0.316599011421
1150.50	0.313017994165
1151.00	0.309377998114
1151.50	0.301638990641
1152.00	0.29395198822
1152.50	0.299948006868
1153.00	0.305873006582
1153.50	0.289754986763
1154.00	0.273476004601
1154.50	0.281376987696
1155.00	0.289377003908
1155.50	0.279009997845
1156.00	0.26877400279
1156.50	0.259902000427
1157.00	0.251089006662
1157.50	0.253401994705
1158.00	0.255710989237
1158.50	0.242800995708
1159.00	0.229580998421
1159.50	0.238094002008
1160.00	0.246576994658
1160.50	0.231434002519
1161.00	0.216545000672
1161.50	0.223609000444
1162.00	0.230706006289
1162.50	0.224625006318
1163.00	0.218457996845
1163.50	0.218592002988
1164.00	0.218724995852
1164.50	0.220653995872
1165.00	0.222569003701
1165.50	0.219135001302
1166.00	0.215727999806
1166.50	0.22456599772
1167.00	0.233430996537
1167.50	0.229668006301
1168.00	0.225871995091
1168.50	0.239550992846
1169.00	0.25341001153
1169.50	0.249596998096
1170.00	0.245812997222
1170.50	0.261768013239
1171.00	0.277568012476
1171.50	0.28085398674
1172.00	0.284143000841
1172.50	0.3029319942
1173.00	0.321806013584
1173.50	0.33084499836
1174.00	0.339991003275
1174.50	0.364937990904
1175.00	0.390067011118
1175.50	0.404100000858
1176.00	0.418033987284
1176.50	0.450350999832
1177.00	0.48239800334
1177.50	0.504299998283
1178.00	0.526021003723
1178.50	0.56658500433
1179.00	0.607118010521
1179.50	0.634763002396
1180.00	0.662531018257
1180.50	0.703396975994
1181.00	0.744477987289
1181.50	0.76246201992
1182.00	0.78068202734
1182.50	0.805756986141
1183.00	0.830959975719
1183.50	0.819585978985
1184.00	0.808224976063
1184.50	0.806334018707
1185.00	0.804449021816
1185.50	0.771602988243
1186.00	0.738943994045
1186.50	0.717454016209
1187.00	0.695978999138
1187.50	0.664017021656
1188.00	0.632227003574
1188.50	0.600946009159
1189.00	0.56977301836
1189.50	0.551403999329
1190.00	0.532980024815
1190.50	0.498371988535
1191.00	0.463874012232
1191.50	0.46019500494
1192.00	0.456492990255
1192.50	0.42605599761
1193.00	0.39552000165
1193.50	0.394502013922
1194.00	0.393487006426
1194.50	0.376089990139
1195.00	0.358498990536
1195.50	0.354692995548
1196.00	0.350890010595
1196.50	0.354225993156
1197.00	0.357553988695
1197.50	0.3432970047
1198.00	0.328875005245
1198.50	0.342808008194
1199.00	0.356703013182
1199.50	0.342534989119
1200.00	0.32822099328
