299.0	2.036E-06
300.0	1.000E-10
301.0	1.172E-05
302.0	1.572E-06
303.0	4.911E-06
304.0	4.778E-06
305.0	1.000E-10
306.0	8.085E-06
307.0	2.058E-06
308.0	1.000E-10
309.0	1.695E-06
310.0	1.447E-06
311.0	1.286E-06
312.0	4.602E-06
313.0	8.724E-07
314.0	1.000E-10
315.0	1.000E-10
316.0	1.000E-10
317.0	1.000E-10
318.0	2.940E-06
319.0	1.000E-10
320.0	2.725E-06
321.0	3.095E-06
322.0	3.427E-06
323.0	1.000E-10
324.0	1.000E-10
325.0	1.000E-10
326.0	2.943E-06
327.0	1.000E-10
328.0	1.000E-10
329.0	3.025E-06
330.0	3.390E-06
331.0	1.000E-10
332.0	1.000E-10
333.0	3.567E-06
334.0	1.000E-10
335.0	1.000E-10
336.0	1.000E-10
337.0	3.363E-07
338.0	8.282E-06
339.0	1.000E-10
340.0	1.000E-10
341.0	1.000E-10
342.0	6.999E-06
343.0	1.000E-10
344.0	1.000E-10
345.0	1.000E-10
346.0	7.117E-06
347.0	1.000E-10
348.0	1.000E-10
349.0	1.000E-10
350.0	2.721E-06
351.0	1.000E-10
352.0	1.000E-10
353.0	3.013E-06
354.0	1.000E-10
355.0	1.000E-10
356.0	3.075E-06
357.0	1.000E-10
358.0	4.862E-05
359.0	3.961E-06
360.0	1.000E-10
361.0	2.423E-05
362.0	1.000E-10
363.0	1.172E-05
364.0	7.644E-06
365.0	1.000E-10
366.0	7.403E-06
367.0	1.000E-10
368.0	3.664E-06
369.0	1.000E-10
370.0	1.000E-10
371.0	1.000E-10
372.0	1.000E-10
373.0	1.000E-10
374.0	1.000E-10
375.0	1.000E-10
376.0	1.000E-10
377.0	1.000E-10
378.0	7.662E-06
379.0	1.000E-10
380.0	2.921E-05
381.0	1.000E-10
382.0	1.000E-10
383.0	1.000E-10
384.0	1.000E-10
385.0	3.461E-06
386.0	2.452E-05
387.0	1.623E-05
388.0	1.000E-10
389.0	1.000E-10
390.0	7.462E-06
391.0	1.000E-10
392.0	1.000E-10
393.0	7.490E-06
394.0	1.000E-10
395.0	1.000E-10
396.0	7.564E-06
397.0	1.000E-10
398.0	1.000E-10
399.0	1.000E-10
400.0	1.639E-05
401.0	3.429E-05
402.0	1.211E-05
403.0	1.000E-10
404.0	3.842E-05
405.0	2.497E-05
406.0	2.987E-05
407.0	1.000E-10
408.0	7.530E-06
409.0	1.000E-10
410.0	1.000E-10
411.0	2.987E-05
412.0	7.310E-06
413.0	1.000E-10
414.0	1.226E-05
415.0	2.093E-05
416.0	1.668E-05
417.0	1.000E-10
418.0	3.903E-06
419.0	8.368E-06
420.0	3.520E-06
421.0	4.252E-05
422.0	1.254E-05
423.0	1.000E-10
424.0	2.991E-05
425.0	1.000E-10
426.0	4.219E-05
427.0	7.227E-08
428.0	1.000E-10
429.0	1.682E-05
430.0	1.682E-05
431.0	1.000E-10
432.0	1.000E-10
433.0	1.000E-10
434.0	8.472E-06
435.0	1.271E-05
436.0	1.000E-10
437.0	3.829E-07
438.0	4.556E-06
439.0	1.278E-05
440.0	2.912E-05
441.0	2.096E-05
442.0	1.000E-10
443.0	1.000E-10
444.0	1.000E-10
445.0	1.000E-10
446.0	2.126E-05
447.0	3.916E-06
448.0	2.992E-05
449.0	1.000E-10
450.0	1.262E-05
451.0	1.000E-10
452.0	1.000E-10
453.0	8.367E-06
454.0	1.000E-10
455.0	1.000E-10
456.0	4.195E-06
457.0	1.000E-10
458.0	1.271E-05
459.0	4.533E-08
460.0	8.525E-06
461.0	2.116E-05
462.0	1.000E-10
463.0	1.000E-10
464.0	1.000E-10
465.0	1.000E-10
466.0	8.697E-06
467.0	2.110E-05
468.0	1.000E-10
469.0	3.746E-05
470.0	6.849E-07
471.0	8.864E-06
472.0	1.261E-05
473.0	1.000E-10
474.0	2.136E-05
475.0	1.000E-10
476.0	2.133E-05
477.0	1.000E-10
478.0	1.273E-05
479.0	1.000E-10
480.0	1.000E-10
481.0	1.000E-10
482.0	1.000E-10
483.0	4.408E-06
484.0	1.000E-10
485.0	1.000E-10
486.0	2.535E-05
487.0	2.534E-05
488.0	1.000E-10
489.0	4.650E-06
490.0	4.693E-06
491.0	6.073E-07
492.0	8.847E-06
493.0	1.295E-05
494.0	1.706E-05
495.0	2.929E-05
496.0	8.953E-06
497.0	1.000E-10
498.0	3.323E-05
499.0	1.000E-10
500.0	9.016E-06
501.0	1.007E-06
502.0	1.038E-06
503.0	1.000E-10
504.0	1.000E-10
505.0	1.121E-06
506.0	9.111E-06
507.0	1.710E-05
508.0	5.192E-06
509.0	1.000E-10
510.0	1.000E-10
511.0	1.315E-05
512.0	5.252E-06
513.0	9.212E-06
514.0	2.896E-05
515.0	9.252E-06
516.0	1.000E-10
517.0	1.000E-10
518.0	1.000E-10
519.0	1.398E-06
520.0	9.278E-06
521.0	1.422E-06
522.0	1.431E-06
523.0	1.718E-05
524.0	1.000E-10
525.0	1.000E-10
526.0	1.000E-10
527.0	9.280E-06
528.0	1.000E-10
529.0	1.000E-10
530.0	2.903E-05
531.0	1.000E-10
532.0	5.311E-06
533.0	1.717E-05
534.0	2.115E-05
535.0	1.719E-05
536.0	2.122E-05
537.0	2.521E-05
538.0	2.521E-05
539.0	2.523E-05
540.0	1.000E-10
541.0	5.030E-06
542.0	1.724E-05
543.0	1.000E-10
544.0	1.000E-10
545.0	8.790E-06
546.0	1.718E-05
547.0	2.140E-05
548.0	4.643E-06
549.0	5.192E-07
550.0	1.000E-10
551.0	1.723E-05
552.0	2.136E-05
553.0	4.849E-06
554.0	1.000E-10
555.0	3.927E-06
556.0	1.000E-10
557.0	1.286E-05
558.0	8.472E-06
559.0	8.501E-06
560.0	4.152E-06
561.0	1.000E-10
562.0	2.595E-05
563.0	8.614E-06
564.0	1.000E-10
565.0	5.618E-05
566.0	1.000E-10
567.0	1.726E-05
568.0	4.707E-06
569.0	1.000E-10
570.0	4.065E-06
571.0	1.000E-10
572.0	1.282E-05
573.0	1.000E-10
574.0	5.111E-05
575.0	1.000E-10
576.0	1.000E-10
577.0	1.000E-10
578.0	1.247E-05
579.0	1.000E-10
580.0	2.247E-05
581.0	2.227E-05
582.0	5.246E-05
583.0	1.000E-10
584.0	1.000E-10
585.0	1.000E-10
586.0	1.264E-05
587.0	1.000E-10
588.0	1.000E-10
589.0	8.249E-06
590.0	8.633E-06
591.0	1.000E-10
592.0	1.000E-10
593.0	2.171E-05
594.0	2.161E-05
595.0	1.000E-10
596.0	9.790E-06
597.0	1.000E-10
598.0	5.853E-06
599.0	1.000E-10
600.0	1.000E-10
601.0	1.000E-10
602.0	1.376E-05
603.0	1.762E-05
604.0	2.505E-05
605.0	2.476E-06
606.0	9.906E-06
607.0	2.154E-05
608.0	1.000E-10
609.0	1.000E-10
610.0	5.256E-06
611.0	9.779E-07
612.0	1.346E-05
613.0	1.000E-10
614.0	1.000E-10
615.0	1.000E-10
616.0	1.000E-10
617.0	3.563E-05
618.0	1.325E-05
619.0	1.000E-10
620.0	4.110E-05
621.0	2.229E-05
622.0	4.135E-06
623.0	1.000E-10
624.0	3.557E-06
625.0	1.000E-10
626.0	2.229E-05
627.0	3.554E-05
628.0	1.000E-10
629.0	5.796E-07
630.0	1.354E-05
631.0	1.362E-05
632.0	9.558E-06
633.0	1.000E-10
634.0	5.634E-06
635.0	5.666E-06
636.0	1.000E-10
637.0	5.659E-06
638.0	1.000E-10
639.0	1.000E-10
640.0	2.171E-05
641.0	2.286E-06
642.0	2.978E-05
643.0	3.000E-05
644.0	9.029E-05
645.0	2.130E-04
646.0	5.828E-04
647.0	1.745E-03
648.0	5.706E-03
649.0	2.107E-02
650.0	8.101E-02
651.0	2.684E-01
652.0	5.648E-01
653.0	7.491E-01
654.0	8.125E-01
655.0	8.370E-01
656.0	8.508E-01
657.0	8.620E-01
658.0	8.701E-01
659.0	8.747E-01
660.0	8.769E-01
661.0	8.784E-01
662.0	8.798E-01
663.0	8.813E-01
664.0	8.817E-01
665.0	8.811E-01
666.0	8.766E-01
667.0	8.713E-01
668.0	8.656E-01
669.0	8.614E-01
670.0	8.593E-01
671.0	8.580E-01
672.0	8.586E-01
673.0	8.583E-01
674.0	8.601E-01
675.0	8.635E-01
676.0	8.691E-01
677.0	8.754E-01
678.0	8.821E-01
679.0	8.853E-01
680.0	8.862E-01
681.0	8.844E-01
682.0	8.811E-01
683.0	8.795E-01
684.0	8.808E-01
685.0	8.820E-01
686.0	8.813E-01
687.0	8.753E-01
688.0	8.618E-01
689.0	8.490E-01
690.0	8.424E-01
691.0	8.513E-01
692.0	8.706E-01
693.0	8.718E-01
694.0	8.209E-01
695.0	7.398E-01
696.0	7.019E-01
697.0	7.303E-01
698.0	5.075E-01
699.0	1.451E-01
700.0	3.014E-02
701.0	7.636E-03
702.0	2.363E-03
703.0	8.797E-04
704.0	3.659E-04
705.0	1.506E-04
706.0	8.246E-05
707.0	4.112E-05
708.0	1.799E-05
709.0	1.004E-05
710.0	9.924E-06
711.0	4.263E-05
712.0	1.000E-10
713.0	2.359E-06
714.0	1.000E-10
715.0	1.894E-06
716.0	1.804E-05
717.0	1.000E-10
718.0	1.020E-05
719.0	1.000E-10
720.0	1.000E-10
721.0	1.000E-10
722.0	1.000E-10
723.0	1.000E-10
724.0	1.000E-10
725.0	5.999E-06
726.0	1.402E-05
727.0	1.398E-05
728.0	1.422E-05
729.0	1.000E-10
730.0	1.000E-10
731.0	5.917E-06
732.0	1.403E-05
733.0	9.775E-06
734.0	2.388E-06
735.0	2.157E-06
736.0	1.000E-10
737.0	3.054E-05
738.0	1.000E-10
739.0	1.032E-05
740.0	2.222E-05
741.0	1.000E-10
742.0	9.977E-06
743.0	1.000E-10
744.0	1.000E-10
745.0	1.000E-10
746.0	2.234E-05
747.0	1.000E-10
748.0	1.000E-10
749.0	1.000E-10
750.0	1.029E-05
751.0	6.126E-06
752.0	1.007E-05
753.0	1.000E-10
754.0	1.000E-10
755.0	6.340E-06
756.0	6.162E-06
757.0	5.982E-06
758.0	1.000E-10
759.0	2.632E-05
760.0	1.436E-05
761.0	2.002E-06
762.0	1.000E-10
763.0	9.961E-06
764.0	2.516E-06
765.0	1.000E-10
766.0	1.000E-10
767.0	6.005E-06
768.0	1.065E-05
769.0	3.424E-05
770.0	1.039E-05
771.0	1.028E-05
772.0	1.000E-10
773.0	1.849E-05
774.0	1.000E-10
775.0	6.401E-06
776.0	1.000E-10
777.0	1.434E-05
778.0	2.793E-06
779.0	1.000E-10
780.0	2.329E-06
781.0	1.444E-05
782.0	2.694E-05
783.0	1.857E-05
784.0	1.055E-05
785.0	1.449E-05
786.0	3.507E-05
787.0	1.000E-10
788.0	1.000E-10
789.0	5.064E-05
790.0	2.248E-06
791.0	6.135E-06
792.0	5.948E-06
793.0	2.291E-05
794.0	3.073E-05
795.0	1.045E-05
796.0	1.032E-05
797.0	1.000E-10
798.0	1.434E-05
799.0	1.000E-10
800.0	1.837E-06
801.0	5.890E-06
802.0	1.005E-05
803.0	9.948E-06
804.0	6.442E-06
805.0	6.315E-06
806.0	6.169E-06
807.0	6.026E-06
808.0	5.853E-06
809.0	1.419E-06
810.0	1.218E-06
811.0	5.390E-06
812.0	9.665E-06
813.0	9.529E-06
814.0	2.557E-07
815.0	1.000E-10
816.0	4.387E-06
818.0	2.228E-04
820.0	2.465E-04
822.0	1.453E-04
824.0	2.246E-04
826.0	2.233E-04
828.0	2.801E-04
830.0	1.978E-04
832.0	2.361E-04
834.0	2.105E-04
836.0	3.119E-04
838.0	1.854E-04
840.0	2.650E-04
842.0	3.600E-04
844.0	4.128E-04
846.0	4.588E-04
848.0	5.968E-04
850.0	3.589E-03
