Typical Measured Spectrum of Semrock FF01-475/64 Optical Filter	
For wavelengths between 320 and 1120 nm, values near or below 3e-7 (Optical Density 6.5) are measurement noise limited.
For wavelengths < 320 nm and > 1120 nm, values near or below 3e-6 (Optical Density 5.5) are measurement noise limited. 
Data format:  Wavelength (nm) <tab> Transmission (0 to 1)
270.0	2.196e-06
270.2	2.1856e-06
270.4	2.1752e-06
270.6	2.1649e-06
270.8	2.1546e-06
271.0	2.1444e-06
271.2	2.1342e-06
271.4	2.1241e-06
271.6	2.114e-06
271.8	2.1039e-06
272.0	2.6034e-06
272.2	3.2322e-06
272.4	4.0128e-06
272.6	4.9819e-06
272.8	6.1851e-06
273.0	7.6789e-06
273.2	9.5335e-06
273.4	1.1836e-05
273.6	1.4694e-05
273.8	1.8243e-05
274.0	1.7901e-05
274.2	1.6436e-05
274.4	1.5092e-05
274.6	1.3857e-05
274.8	1.2724e-05
275.0	1.1683e-05
275.2	1.0728e-05
275.4	9.8501e-06
275.6	9.0444e-06
275.8	8.3046e-06
276.0	8.2206e-06
276.2	8.6025e-06
276.4	9.0021e-06
276.6	9.4203e-06
276.8	9.8579e-06
277.0	1.0316e-05
277.2	1.0795e-05
277.4	1.1296e-05
277.6	1.1821e-05
277.8	1.237e-05
278.0	1.2289e-05
278.2	1.1195e-05
278.4	1.0199e-05
278.6	9.2906e-06
278.8	8.4636e-06
279.0	7.7101e-06
279.2	7.0237e-06
279.4	6.3985e-06
279.6	5.8288e-06
279.8	5.3099e-06
280.0	4.8044e-06
280.2	4.0572e-06
280.4	3.4263e-06
280.6	2.8934e-06
280.8	2.4435e-06
281.0	2.0635e-06
281.2	1.7426e-06
281.4	1.4716e-06
281.6	1.2427e-06
281.8	1.0495e-06
282.0	1.0252e-06
282.2	1.0053e-06
282.4	9.8574e-07
282.6	9.6658e-07
282.8	9.4778e-07
283.0	9.2935e-07
283.2	9.1128e-07
283.4	8.9356e-07
283.6	8.7619e-07
283.8	8.5915e-07
284.0	8.4129e-07
284.2	8.2348e-07
284.4	8.0605e-07
284.6	7.8899e-07
284.8	7.7228e-07
285.0	7.5593e-07
285.2	7.3993e-07
285.4	7.2426e-07
285.6	7.0893e-07
285.8	6.9392e-07
286.0	7.2569e-07
286.2	7.9616e-07
286.4	8.7346e-07
286.6	9.5828e-07
286.8	1.0513e-06
287.0	1.1534e-06
287.2	1.2654e-06
287.4	1.3883e-06
287.6	1.5231e-06
287.8	1.671e-06
288.0	1.7355e-06
288.2	1.6516e-06
288.4	1.5717e-06
288.6	1.4957e-06
288.8	1.4234e-06
289.0	1.3545e-06
289.2	1.289e-06
289.4	1.2267e-06
289.6	1.1674e-06
289.8	1.1109e-06
290.0	1.0812e-06
290.2	1.3034e-06
290.4	1.5712e-06
290.6	1.894e-06
290.8	2.2832e-06
291.0	2.7523e-06
291.2	3.3178e-06
291.4	3.9995e-06
291.6	4.8213e-06
291.8	5.812e-06
292.0	5.5739e-06
292.2	5.3015e-06
292.4	5.0423e-06
292.6	4.7958e-06
292.8	4.5614e-06
293.0	4.3384e-06
293.2	4.1263e-06
293.4	3.9246e-06
293.6	3.7327e-06
293.8	3.5503e-06
294.0	3.3614e-06
294.2	3.1783e-06
294.4	3.0051e-06
294.6	2.8414e-06
294.8	2.6866e-06
295.0	2.5403e-06
295.2	2.4019e-06
295.4	2.271e-06
295.6	2.1473e-06
295.8	2.0303e-06
296.0	1.8213e-06
296.2	1.5727e-06
296.4	1.3581e-06
296.6	1.1727e-06
296.8	1.0127e-06
297.0	8.7446e-07
297.2	7.5512e-07
297.4	6.5206e-07
297.6	5.6306e-07
297.8	4.8621e-07
298.0	4.3772e-07
298.2	4.206e-07
298.4	4.0416e-07
298.6	3.8835e-07
298.8	3.7317e-07
299.0	3.5857e-07
299.2	3.4455e-07
299.4	3.3108e-07
299.6	3.1813e-07
299.8	3.0569e-07
300.0	2.9329e-07
300.2	2.7781e-07
300.4	2.6315e-07
300.6	2.4926e-07
300.8	2.3611e-07
301.0	2.2365e-07
301.2	2.1184e-07
301.4	2.0066e-07
301.6	1.9007e-07
301.8	1.8004e-07
302.0	1.8859e-07
302.2	1.987e-07
302.4	2.0935e-07
302.6	2.2058e-07
302.8	2.3241e-07
303.0	2.4487e-07
303.2	2.58e-07
303.4	2.7183e-07
303.6	2.8641e-07
303.8	3.0177e-07
304.0	3.6685e-07
304.2	4.6657e-07
304.4	5.9339e-07
304.6	7.547e-07
304.8	9.5985e-07
305.0	1.2208e-06
305.2	1.5526e-06
305.4	1.9747e-06
305.6	2.5114e-06
305.8	3.1941e-06
306.0	3.3377e-06
306.2	3.0164e-06
306.4	2.726e-06
306.6	2.4635e-06
306.8	2.2263e-06
307.0	2.012e-06
307.2	1.8183e-06
307.4	1.6432e-06
307.6	1.485e-06
307.8	1.342e-06
308.0	1.3384e-06
308.2	1.557e-06
308.4	1.8114e-06
308.6	2.1074e-06
308.8	2.4517e-06
309.0	2.8522e-06
309.2	3.3182e-06
309.4	3.8603e-06
309.6	4.4911e-06
309.8	5.2248e-06
310.0	6.0878e-06
310.2	7.1863e-06
310.4	8.4831e-06
310.6	1.0014e-05
310.8	1.1821e-05
311.0	1.3954e-05
311.2	1.6472e-05
311.4	1.9444e-05
311.6	2.2953e-05
311.8	2.7095e-05
312.0	2.7961e-05
312.2	2.8652e-05
312.4	2.9359e-05
312.6	3.0084e-05
312.8	3.0827e-05
313.0	3.1588e-05
313.2	3.2368e-05
313.4	3.3167e-05
313.6	3.3986e-05
313.8	3.4825e-05
314.0	3.2473e-05
314.2	2.9414e-05
314.4	2.6644e-05
314.6	2.4135e-05
314.8	2.1862e-05
315.0	1.9803e-05
315.2	1.7938e-05
315.4	1.6249e-05
315.6	1.4718e-05
315.8	1.3332e-05
316.0	1.2021e-05
316.2	1.0805e-05
316.4	9.7113e-06
316.6	8.7286e-06
316.8	7.8453e-06
317.0	7.0514e-06
317.2	6.3378e-06
317.4	5.6964e-06
317.6	5.12e-06
317.8	4.6019e-06
318.0	4.2352e-06
318.2	4.0326e-06
318.4	3.8397e-06
318.6	3.6561e-06
318.8	3.4813e-06
319.0	3.3148e-06
319.2	3.1562e-06
319.4	3.0053e-06
319.6	2.8616e-06
319.8	2.7247e-06
320.0	2.5018e-06
320.2	1.7599e-06
320.4	1.238e-06
320.6	8.7087e-07
320.8	6.1261e-07
321.0	4.3094e-07
321.2	3.0314e-07
321.4	2.1324e-07
321.6	1.5001e-07
321.8	1.0552e-07
322.0	1.0288e-07
322.2	1.03e-07
322.4	1.0311e-07
322.6	1.0323e-07
322.8	1.0335e-07
323.0	1.0347e-07
323.2	1.0358e-07
323.4	1.037e-07
323.6	1.0382e-07
323.8	1.0394e-07
324.0	1.1102e-07
324.2	1.2118e-07
324.4	1.3227e-07
324.6	1.4437e-07
324.8	1.5759e-07
325.0	1.7201e-07
325.2	1.8775e-07
325.4	2.0493e-07
325.6	2.2368e-07
325.8	2.4415e-07
326.0	2.3668e-07
326.2	2.1018e-07
326.4	1.8665e-07
326.6	1.6575e-07
326.8	1.4719e-07
327.0	1.3071e-07
327.2	1.1608e-07
327.4	1.0308e-07
327.6	9.1537e-08
327.8	8.1288e-08
328.0	8.6122e-08
328.2	1.1826e-07
328.4	1.6238e-07
328.6	2.2296e-07
328.8	3.0615e-07
329.0	4.2038e-07
329.2	5.7724e-07
329.4	7.9261e-07
329.6	1.0883e-06
329.8	1.4944e-06
330.0	1.9905e-06
330.2	2.1205e-06
330.4	2.2591e-06
330.6	2.4068e-06
330.8	2.5641e-06
331.0	2.7316e-06
331.2	2.9102e-06
331.4	3.1003e-06
331.6	3.303e-06
331.8	3.5188e-06
332.0	3.4366e-06
332.2	3.3276e-06
332.4	3.222e-06
332.6	3.1198e-06
332.8	3.0208e-06
333.0	2.9249e-06
333.2	2.8321e-06
333.4	2.7423e-06
333.6	2.6553e-06
333.8	2.571e-06
334.0	2.3895e-06
334.2	2.1891e-06
334.4	2.0055e-06
334.6	1.8372e-06
334.8	1.6831e-06
335.0	1.542e-06
335.2	1.4126e-06
335.4	1.2941e-06
335.6	1.1856e-06
335.8	1.0861e-06
336.0	1.0042e-06
336.2	9.3483e-07
336.4	8.7024e-07
336.6	8.101e-07
336.8	7.5413e-07
337.0	7.0202e-07
337.2	6.5351e-07
337.4	6.0835e-07
337.6	5.6631e-07
337.8	5.2718e-07
338.0	4.908e-07
338.2	4.5699e-07
338.4	4.255e-07
338.6	3.9619e-07
338.8	3.689e-07
339.0	3.4348e-07
339.2	3.1982e-07
339.4	2.9779e-07
339.6	2.7727e-07
339.8	2.5817e-07
340.0	2.3621e-07
340.2	1.9117e-07
340.4	1.5472e-07
340.6	1.2522e-07
340.8	1.0134e-07
341.0	8.2017e-08
341.2	6.6378e-08
341.4	5.3721e-08
341.6	4.3478e-08
341.8	3.5188e-08
342.0	4.3685e-08
342.2	5.6579e-08
342.4	7.3279e-08
342.6	9.4908e-08
342.8	1.2292e-07
343.0	1.592e-07
343.2	2.0619e-07
343.4	2.6705e-07
343.6	3.4587e-07
343.8	4.4795e-07
344.0	4.3232e-07
344.2	3.7726e-07
344.4	3.2922e-07
344.6	2.873e-07
344.8	2.5071e-07
345.0	2.1878e-07
345.2	1.9092e-07
345.4	1.6661e-07
345.6	1.4539e-07
345.8	1.2688e-07
346.0	1.1782e-07
346.2	1.1435e-07
346.4	1.1098e-07
346.6	1.0771e-07
346.8	1.0453e-07
347.0	1.0145e-07
347.2	9.8463e-08
347.4	9.556e-08
347.6	9.2743e-08
347.8	9.001e-08
348.0	9.7571e-08
348.2	1.2284e-07
348.4	1.5464e-07
348.6	1.9469e-07
348.8	2.451e-07
349.0	3.0856e-07
349.2	3.8846e-07
349.4	4.8905e-07
349.6	6.1568e-07
349.8	7.7511e-07
350.0	9.5671e-07
350.2	1.0403e-06
350.4	1.1312e-06
350.6	1.2301e-06
350.8	1.3376e-06
351.0	1.4545e-06
351.2	1.5816e-06
351.4	1.7198e-06
351.6	1.8702e-06
351.8	2.0336e-06
352.0	2.081e-06
352.2	2.1112e-06
352.4	2.1417e-06
352.6	2.1727e-06
352.8	2.2042e-06
353.0	2.2361e-06
353.2	2.2685e-06
353.4	2.3013e-06
353.6	2.3347e-06
353.8	2.3685e-06
354.0	2.3717e-06
354.2	2.3628e-06
354.4	2.354e-06
354.6	2.3453e-06
354.8	2.3366e-06
355.0	2.3279e-06
355.2	2.3192e-06
355.4	2.3106e-06
355.6	2.302e-06
355.8	2.2934e-06
356.0	2.3027e-06
356.2	2.3259e-06
356.4	2.3493e-06
356.6	2.3729e-06
356.8	2.3968e-06
357.0	2.4209e-06
357.2	2.4452e-06
357.4	2.4698e-06
357.6	2.4947e-06
357.8	2.5198e-06
358.0	2.5392e-06
358.2	2.5504e-06
358.4	2.5616e-06
358.6	2.5729e-06
358.8	2.5842e-06
359.0	2.5955e-06
359.2	2.6069e-06
359.4	2.6184e-06
359.6	2.6299e-06
359.8	2.6415e-06
360.0	2.6555e-06
360.2	2.6861e-06
360.4	2.717e-06
360.6	2.7482e-06
360.8	2.7799e-06
361.0	2.8118e-06
361.2	2.8442e-06
361.4	2.8769e-06
361.6	2.91e-06
361.8	2.9435e-06
362.0	3.0226e-06
362.2	3.1092e-06
362.4	3.1984e-06
362.6	3.2901e-06
362.8	3.3844e-06
363.0	3.4814e-06
363.2	3.5812e-06
363.4	3.6839e-06
363.6	3.7895e-06
363.8	3.8982e-06
364.0	3.9098e-06
364.2	3.8878e-06
364.4	3.8658e-06
364.6	3.844e-06
364.8	3.8223e-06
365.0	3.8007e-06
365.2	3.7793e-06
365.4	3.7579e-06
365.6	3.7367e-06
365.8	3.7156e-06
366.0	3.6855e-06
366.2	3.6494e-06
366.4	3.6136e-06
366.6	3.5782e-06
366.8	3.5432e-06
367.0	3.5085e-06
367.2	3.4741e-06
367.4	3.4401e-06
367.6	3.4064e-06
367.8	3.3731e-06
368.0	3.4221e-06
368.2	3.5763e-06
368.4	3.7375e-06
368.6	3.906e-06
368.8	4.0821e-06
369.0	4.2661e-06
369.2	4.4583e-06
369.4	4.6593e-06
369.6	4.8693e-06
369.8	5.0888e-06
370.0	5.3333e-06
370.2	5.6771e-06
370.4	6.043e-06
370.6	6.4325e-06
370.8	6.8471e-06
371.0	7.2884e-06
371.2	7.7582e-06
371.4	8.2583e-06
371.6	8.7906e-06
371.8	9.3572e-06
372.0	9.3951e-06
372.2	9.3476e-06
372.4	9.3003e-06
372.6	9.2532e-06
372.8	9.2064e-06
373.0	9.1598e-06
373.2	9.1135e-06
373.4	9.0674e-06
373.6	9.0215e-06
373.8	8.9759e-06
374.0	8.9029e-06
374.2	8.8202e-06
374.4	8.7383e-06
374.6	8.6571e-06
374.8	8.5767e-06
375.0	8.497e-06
375.2	8.4181e-06
375.4	8.3399e-06
375.6	8.2624e-06
375.8	8.1857e-06
376.0	8.1469e-06
376.2	8.1352e-06
376.4	8.1235e-06
376.6	8.1118e-06
376.8	8.1002e-06
377.0	8.0885e-06
377.2	8.0769e-06
377.4	8.0653e-06
377.6	8.0537e-06
377.8	8.0421e-06
378.0	8.2857e-06
378.2	8.8833e-06
378.4	9.524e-06
378.6	1.0211e-05
378.8	1.0947e-05
379.0	1.1737e-05
379.2	1.2583e-05
379.4	1.3491e-05
379.6	1.4464e-05
379.8	1.5507e-05
380.0	1.6575e-05
380.2	1.7412e-05
380.4	1.8292e-05
380.6	1.9216e-05
380.8	2.0187e-05
381.0	2.1207e-05
381.2	2.2278e-05
381.4	2.3404e-05
381.6	2.4586e-05
381.8	2.5828e-05
382.0	2.5948e-05
382.2	2.5879e-05
382.4	2.5811e-05
382.6	2.5743e-05
382.8	2.5674e-05
383.0	2.5607e-05
383.2	2.5539e-05
383.4	2.5471e-05
383.6	2.5404e-05
383.8	2.5337e-05
384.0	2.5239e-05
384.2	2.5129e-05
384.4	2.502e-05
384.6	2.4912e-05
384.8	2.4804e-05
385.0	2.4696e-05
385.2	2.4589e-05
385.4	2.4483e-05
385.6	2.4376e-05
385.8	2.4271e-05
386.0	2.4059e-05
386.2	2.3775e-05
386.4	2.3494e-05
386.6	2.3216e-05
386.8	2.2942e-05
387.0	2.2671e-05
387.2	2.2403e-05
387.4	2.2139e-05
387.6	2.1877e-05
387.8	2.1618e-05
388.0	2.1596e-05
388.2	2.1857e-05
388.4	2.212e-05
388.6	2.2387e-05
388.8	2.2656e-05
389.0	2.293e-05
389.2	2.3206e-05
389.4	2.3486e-05
389.6	2.3769e-05
389.8	2.4055e-05
390.0	2.4372e-05
390.2	2.4837e-05
390.4	2.5312e-05
390.6	2.5795e-05
390.8	2.6287e-05
391.0	2.6789e-05
391.2	2.7301e-05
391.4	2.7822e-05
391.6	2.8353e-05
391.8	2.8895e-05
392.0	2.8939e-05
392.2	2.8891e-05
392.4	2.8843e-05
392.6	2.8795e-05
392.8	2.8747e-05
393.0	2.8699e-05
393.2	2.8651e-05
393.4	2.8604e-05
393.6	2.8556e-05
393.8	2.8509e-05
394.0	2.8607e-05
394.2	2.8766e-05
394.4	2.8925e-05
394.6	2.9085e-05
394.8	2.9246e-05
395.0	2.9408e-05
395.2	2.9571e-05
395.4	2.9735e-05
395.6	2.9899e-05
395.8	3.0065e-05
396.0	3.0071e-05
396.2	2.9963e-05
396.4	2.9856e-05
396.6	2.9749e-05
396.8	2.9643e-05
397.0	2.9537e-05
397.2	2.9431e-05
397.4	2.9326e-05
397.6	2.9221e-05
397.8	2.9117e-05
398.0	2.9234e-05
398.2	2.9621e-05
398.4	3.0012e-05
398.6	3.0409e-05
398.8	3.0811e-05
399.0	3.1219e-05
399.2	3.1632e-05
399.4	3.205e-05
399.6	3.2474e-05
399.8	3.2903e-05
400.0	3.3309e-05
400.2	3.3568e-05
400.4	3.3829e-05
400.6	3.4092e-05
400.8	3.4357e-05
401.0	3.4624e-05
401.2	3.4893e-05
401.4	3.5165e-05
401.6	3.5438e-05
401.8	3.5714e-05
402.0	3.5952e-05
402.2	3.6184e-05
402.4	3.6417e-05
402.6	3.6653e-05
402.8	3.6889e-05
403.0	3.7127e-05
403.2	3.7367e-05
403.4	3.7608e-05
403.6	3.7851e-05
403.8	3.8095e-05
404.0	3.8307e-05
404.2	3.8506e-05
404.4	3.8706e-05
404.6	3.8907e-05
404.8	3.9109e-05
405.0	3.9312e-05
405.2	3.9517e-05
405.4	3.9722e-05
405.6	3.9929e-05
405.8	4.0136e-05
406.0	4.0468e-05
406.2	4.0891e-05
406.4	4.1317e-05
406.6	4.1749e-05
406.8	4.2184e-05
407.0	4.2624e-05
407.2	4.3069e-05
407.4	4.3519e-05
407.6	4.3973e-05
407.8	4.4432e-05
408.0	4.5365e-05
408.2	4.6863e-05
408.4	4.8411e-05
408.6	5.0011e-05
408.8	5.1663e-05
409.0	5.3369e-05
409.2	5.5132e-05
409.4	5.6954e-05
409.6	5.8835e-05
409.8	6.0779e-05
410.0	6.2451e-05
410.2	6.2568e-05
410.4	6.2685e-05
410.6	6.2802e-05
410.8	6.292e-05
411.0	6.3037e-05
411.2	6.3155e-05
411.4	6.3274e-05
411.6	6.3392e-05
411.8	6.3511e-05
412.0	6.5315e-05
412.2	6.7519e-05
412.4	6.9798e-05
412.6	7.2153e-05
412.8	7.4588e-05
413.0	7.7105e-05
413.2	7.9707e-05
413.4	8.2396e-05
413.6	8.5177e-05
413.8	8.8051e-05
414.0	8.6266e-05
414.2	8.2729e-05
414.4	7.9336e-05
414.6	7.6083e-05
414.8	7.2963e-05
415.0	6.9971e-05
415.2	6.7102e-05
415.4	6.435e-05
415.6	6.1711e-05
415.8	5.9181e-05
416.0	6.424e-05
416.2	7.5868e-05
416.4	8.9601e-05
416.6	1.0582e-04
416.8	1.2497e-04
417.0	1.476e-04
417.2	1.7431e-04
417.4	2.0586e-04
417.6	2.4313e-04
417.8	2.8714e-04
418.0	3.0811e-04
418.2	2.98e-04
418.4	2.8822e-04
418.6	2.7876e-04
418.8	2.6962e-04
419.0	2.6077e-04
419.2	2.5222e-04
419.4	2.4394e-04
419.6	2.3594e-04
419.8	2.2819e-04
420.0	8.3544e-05
420.2	1.2167e-04
420.4	1.7718e-04
420.6	3.0468e-04
420.8	5.2527e-04
421.0	6.5039e-04
421.2	5.4604e-04
421.4	4.5843e-04
421.6	2.9913e-04
421.8	1.9539e-04
422.0	1.4144e-04
422.2	1.0239e-04
422.4	7.8474e-05
422.6	6.3983e-05
422.8	5.2168e-05
423.0	5.5628e-05
423.2	5.9317e-05
423.4	6.2123e-05
423.6	6.5038e-05
423.8	7.1024e-05
424.0	8.1668e-05
424.2	9.3906e-05
424.4	1.2865e-04
424.6	1.7625e-04
424.8	2.8427e-04
425.0	4.5848e-04
425.2	7.351e-04
425.4	0.00117
425.6	0.00186
425.8	0.00197
426.0	0.00207
426.2	0.00147
426.4	0.00105
426.6	7.9544e-04
426.8	6.4875e-04
427.0	5.2912e-04
427.2	6.0457e-04
427.4	6.9077e-04
427.6	8.4123e-04
427.8	0.00102
428.0	0.00139
428.2	0.00214
428.4	0.00328
428.6	0.00543
428.8	0.01039
429.0	0.01543
429.2	0.01348
429.4	0.00866
429.6	0.00554
429.8	0.00315
430.0	0.00301
430.2	0.0029
430.4	0.00281
430.6	0.00278
430.8	0.00326
431.0	0.00382
431.2	0.00515
431.4	0.00716
431.6	0.01189
431.8	0.02239
432.0	0.03905
432.2	0.04086
432.4	0.02524
432.6	0.01332
432.8	0.00744
433.0	0.00513
433.2	0.00385
433.4	0.00314
433.6	0.0017
433.8	0.00243
434.0	0.00235
434.2	0.0024
434.4	0.00245
434.6	0.0026
434.8	0.00287
435.0	0.00318
435.2	0.00375
435.4	0.00455
435.6	0.00575
435.8	0.00755
436.0	0.01047
436.2	0.01551
436.4	0.02386
436.6	0.0371
436.8	0.07103
437.0	0.15913
437.2	0.35669
437.4	0.50614
437.6	0.37829
437.8	0.2289
438.0	0.15675
438.2	0.1216
438.4	0.10503
438.6	0.09875
438.8	0.09903
439.0	0.105
439.2	0.11703
439.4	0.13295
439.6	0.15978
439.8	0.19632
440.0	0.2446
440.2	0.30421
440.4	0.36961
440.6	0.43415
440.8	0.49157
441.0	0.5257
441.2	0.5453
441.4	0.55899
441.6	0.57247
441.8	0.59196
442.0	0.61937
442.2	0.6622
442.4	0.70879
442.6	0.76213
442.8	0.81594
443.0	0.86652
443.2	0.90772
443.4	0.93687
443.6	0.95337
443.8	0.95956
444.0	0.95804
444.2	0.9526
444.4	0.94867
444.6	0.94741
444.8	0.94902
445.0	0.95225
445.2	0.95633
445.4	0.95987
445.6	0.96183
445.8	0.95849
446.0	0.95276
446.2	0.94348
446.4	0.93095
446.6	0.91588
446.8	0.90411
447.0	0.89485
447.2	0.88909
447.4	0.88701
447.6	0.88782
447.8	0.89297
448.0	0.90156
448.2	0.91095
448.4	0.92215
448.6	0.93356
448.8	0.94347
449.0	0.95088
449.2	0.95589
449.4	0.95934
449.6	0.95936
449.8	0.95829
450.0	0.95483
450.2	0.95248
450.4	0.94956
450.6	0.94664
450.8	0.94491
451.0	0.9451
451.2	0.94606
451.4	0.94763
451.6	0.95033
451.8	0.9523
452.0	0.95507
452.2	0.95772
452.4	0.95799
452.6	0.95829
452.8	0.95795
453.0	0.95711
453.2	0.95645
453.4	0.95468
453.6	0.9538
453.8	0.95277
454.0	0.95249
454.2	0.95181
454.4	0.95236
454.6	0.95364
454.8	0.95471
455.0	0.95596
455.2	0.95766
455.4	0.95879
455.6	0.96083
455.8	0.96241
456.0	0.96352
456.2	0.96366
456.4	0.96459
456.6	0.96463
456.8	0.96366
457.0	0.96302
457.2	0.96253
457.4	0.96127
457.6	0.95982
457.8	0.95844
458.0	0.95633
458.2	0.95485
458.4	0.95296
458.6	0.95133
458.8	0.94903
459.0	0.94745
459.2	0.94523
459.4	0.94285
459.6	0.94029
459.8	0.93787
460.0	0.93565
460.2	0.93391
460.4	0.93233
460.6	0.93114
460.8	0.93059
461.0	0.93022
461.2	0.9304
461.4	0.93105
461.6	0.93199
461.8	0.93423
462.0	0.93672
462.2	0.93913
462.4	0.94134
462.6	0.94435
462.8	0.94712
463.0	0.94963
463.2	0.95109
463.4	0.95333
463.6	0.95557
463.8	0.95717
464.0	0.95892
464.2	0.96021
464.4	0.96118
464.6	0.96277
464.8	0.96369
465.0	0.96454
465.2	0.9649
465.4	0.96527
465.6	0.96566
465.8	0.96593
466.0	0.96535
466.2	0.96469
466.4	0.96331
466.6	0.96266
466.8	0.96154
467.0	0.95946
467.2	0.95815
467.4	0.95726
467.6	0.95659
467.8	0.9559
468.0	0.95624
468.2	0.95693
468.4	0.95718
468.6	0.95893
468.8	0.95896
469.0	0.96053
469.2	0.96101
469.4	0.96082
469.6	0.9608
469.8	0.95933
470.0	0.95749
470.2	0.95513
470.4	0.95256
470.6	0.9489
470.8	0.94556
471.0	0.94191
471.2	0.93937
471.4	0.93647
471.6	0.93535
471.8	0.93398
472.0	0.93317
472.2	0.93391
472.4	0.93576
472.6	0.9378
472.8	0.94006
473.0	0.94326
473.2	0.94608
473.4	0.9488
473.6	0.95136
473.8	0.95387
474.0	0.95527
474.2	0.95637
474.4	0.95774
474.6	0.95746
474.8	0.9573
475.0	0.95612
475.2	0.95586
475.4	0.95416
475.6	0.95361
475.8	0.95237
476.0	0.95172
476.2	0.95038
476.4	0.94826
476.6	0.94582
476.8	0.94354
477.0	0.94095
477.2	0.9382
477.4	0.935
477.6	0.93141
477.8	0.92787
478.0	0.9244
478.2	0.92159
478.4	0.91927
478.6	0.91804
478.8	0.91763
479.0	0.91881
479.2	0.92053
479.4	0.92396
479.6	0.92771
479.8	0.9331
480.0	0.93815
480.2	0.94338
480.4	0.94766
480.6	0.95206
480.8	0.95574
481.0	0.95818
481.2	0.95866
481.4	0.95817
481.6	0.95769
481.8	0.95553
482.0	0.95278
482.2	0.94987
482.4	0.94775
482.6	0.94551
482.8	0.94431
483.0	0.94373
483.2	0.94371
483.4	0.94493
483.6	0.94713
483.8	0.94854
484.0	0.9504
484.2	0.95291
484.4	0.95411
484.6	0.95469
484.8	0.95409
485.0	0.95313
485.2	0.95034
485.4	0.94792
485.6	0.94405
485.8	0.94036
486.0	0.93708
486.2	0.93386
486.4	0.93083
486.6	0.92966
486.8	0.92905
487.0	0.93034
487.2	0.93259
487.4	0.93553
487.6	0.93976
487.8	0.94456
488.0	0.94919
488.2	0.95336
488.4	0.95716
488.6	0.96056
488.8	0.96271
489.0	0.96362
489.2	0.96329
489.4	0.96312
489.6	0.96163
489.8	0.95967
490.0	0.95784
490.2	0.95552
490.4	0.95416
490.6	0.95271
490.8	0.95236
491.0	0.95223
491.2	0.9523
491.4	0.95343
491.6	0.95412
491.8	0.95449
492.0	0.95521
492.2	0.95527
492.4	0.95452
492.6	0.95382
492.8	0.95196
493.0	0.95056
493.2	0.94815
493.4	0.9451
493.6	0.94287
493.8	0.9409
494.0	0.93919
494.2	0.93787
494.4	0.93631
494.6	0.9349
494.8	0.93455
495.0	0.93381
495.2	0.93283
495.4	0.93175
495.6	0.92982
495.8	0.92744
496.0	0.92416
496.2	0.92072
496.4	0.917
496.6	0.91263
496.8	0.90819
497.0	0.9039
497.2	0.9014
497.4	0.89875
497.6	0.89687
497.8	0.89663
498.0	0.89736
498.2	0.89882
498.4	0.90191
498.6	0.90641
498.8	0.91122
499.0	0.9168
499.2	0.92446
499.4	0.92941
499.6	0.93354
499.8	0.93685
500.0	0.93862
500.2	0.93821
500.4	0.93629
500.6	0.93256
500.8	0.92752
501.0	0.91962
501.2	0.91169
501.4	0.90253
501.6	0.894
501.8	0.88565
502.0	0.87897
502.2	0.87407
502.4	0.87109
502.6	0.86977
502.8	0.87122
503.0	0.87457
503.2	0.87968
503.4	0.88645
503.6	0.89426
503.8	0.90184
504.0	0.9076
504.2	0.91271
504.4	0.91641
504.6	0.91845
504.8	0.91928
505.0	0.92099
505.2	0.92259
505.4	0.92572
505.6	0.93053
505.8	0.93698
506.0	0.94444
506.2	0.95159
506.4	0.95628
506.6	0.95405
506.8	0.94227
507.0	0.92034
507.2	0.88821
507.4	0.84802
507.6	0.80352
507.8	0.76006
508.0	0.7191
508.2	0.68434
508.4	0.658
508.6	0.64082
508.8	0.63327
509.0	0.63399
509.2	0.63911
509.4	0.64871
509.6	0.65399
509.8	0.64548
510.0	0.61248
510.2	0.55186
510.4	0.46601
510.6	0.35577
510.8	0.27228
511.0	0.20608
511.2	0.15844
511.4	0.12704
511.6	0.10831
511.8	0.10158
512.0	0.10743
512.2	0.12461
512.4	0.11669
512.6	0.06122
512.8	0.02085
513.0	0.00706
513.2	0.00286
513.4	0.00101
513.6	4.6477e-04
513.8	2.3151e-04
514.0	1.2348e-04
514.2	7.1089e-05
514.4	4.2604e-05
514.6	2.6482e-05
514.8	1.2269e-05
515.0	7.4798e-06
515.2	4.5601e-06
515.4	2.9257e-06
515.6	1.9773e-06
515.8	1.3364e-06
516.0	9.3654e-07
516.2	6.5681e-07
516.4	4.8662e-07
516.6	3.6135e-07
516.8	2.9952e-07
517.0	2.8474e-07
517.2	2.707e-07
517.4	1.8431e-07
517.6	1.2214e-07
517.8	1.096e-07
518.0	1.0152e-07
518.2	1.0274e-07
518.4	1.1943e-07
518.6	1.3882e-07
518.8	1.2643e-07
519.0	1.1119e-07
519.2	1.1532e-07
519.4	1.2285e-07
519.6	1.2886e-07
519.8	1.3126e-07
520.0	1.337e-07
520.2	1.4382e-07
520.4	1.565e-07
520.6	1.5462e-07
520.8	1.4912e-07
521.0	1.372e-07
521.2	1.1217e-07
521.4	9.1714e-08
521.6	9.6027e-08
521.8	1.0825e-07
522.0	1.0138e-07
522.2	8.8643e-08
522.4	8.4287e-08
522.6	1.0884e-07
522.8	1.4056e-07
523.0	1.1696e-07
523.2	8.0609e-08
523.4	7.5429e-08
523.6	7.997e-08
523.8	8.3799e-08
524.0	8.3667e-08
524.2	8.3536e-08
524.4	7.9242e-08
524.6	7.338e-08
524.8	7.4198e-08
525.0	7.8747e-08
525.2	8.0543e-08
525.4	6.4336e-08
525.6	5.139e-08
525.8	5.9135e-08
526.0	8.5519e-08
526.2	9.3698e-08
526.4	8.3966e-08
526.6	7.5915e-08
526.8	7.7968e-08
527.0	8.0077e-08
527.2	7.5721e-08
527.4	6.6922e-08
527.6	6.6751e-08
527.8	7.3219e-08
528.0	7.9973e-08
528.2	7.9787e-08
528.4	7.9602e-08
528.6	6.6339e-08
528.8	4.7132e-08
529.0	3.8437e-08
529.2	3.6082e-08
529.4	3.3872e-08
529.6	3.5881e-08
529.8	3.8104e-08
530.0	4.057e-08
530.2	4.3324e-08
530.4	4.5798e-08
530.6	4.7861e-08
530.8	5.0018e-08
531.0	5.578e-08
531.2	6.2397e-08
531.4	6.0844e-08
531.6	4.9817e-08
531.8	4.4904e-08
532.0	4.6898e-08
532.2	4.898e-08
532.4	4.9105e-08
532.6	4.8957e-08
532.8	5.0658e-08
533.0	5.5923e-08
533.2	5.7792e-08
533.4	5.3247e-08
533.6	4.9059e-08
533.8	4.4451e-08
534.0	4.0156e-08
534.2	4.048e-08
534.4	5.0487e-08
534.6	5.9588e-08
534.8	6.1647e-08
535.0	6.3777e-08
535.2	5.8739e-08
535.4	5.2354e-08
535.6	4.9958e-08
535.8	5.7606e-08
536.0	6.1347e-08
536.2	5.2097e-08
536.4	4.4242e-08
536.6	5.3088e-08
536.8	7.1483e-08
537.0	8.6193e-08
537.2	7.2555e-08
537.4	6.1713e-08
537.6	5.4872e-08
537.8	4.8789e-08
538.0	4.8216e-08
538.2	5.0138e-08
538.4	5.2347e-08
538.6	5.5786e-08
538.8	4.5591e-08
539.0	3.3252e-08
539.2	2.5315e-08
539.4	2.3137e-08
539.6	2.1147e-08
539.8	2.4017e-08
540.0	3.0282e-08
540.2	3.8183e-08
540.4	4.8144e-08
540.6	6.0705e-08
540.8	7.6542e-08
541.0	9.6511e-08
541.2	1.2169e-07
541.4	1.5344e-07
541.6	1.9347e-07
541.8	2.4394e-07
542.0	3.0758e-07
542.2	3.0859e-07
542.4	3.0226e-07
542.6	2.9606e-07
542.8	2.8999e-07
543.0	2.8404e-07
543.2	2.7822e-07
543.4	2.7251e-07
543.6	2.6692e-07
543.8	2.6145e-07
544.0	2.5609e-07
544.2	2.4032e-07
544.4	2.2383e-07
544.6	2.0848e-07
544.8	1.9417e-07
545.0	1.8085e-07
545.2	1.6844e-07
545.4	1.5688e-07
545.6	1.4612e-07
545.8	1.3609e-07
546.0	1.2676e-07
546.2	1.2729e-07
546.4	1.3018e-07
546.6	1.3313e-07
546.8	1.3615e-07
547.0	1.3924e-07
547.2	1.424e-07
547.4	1.4563e-07
547.6	1.4893e-07
547.8	1.5231e-07
548.0	1.5577e-07
548.2	1.5505e-07
548.4	1.5301e-07
548.6	1.5101e-07
548.8	1.4903e-07
549.0	1.4708e-07
549.2	1.4515e-07
549.4	1.4325e-07
549.6	1.4137e-07
549.8	1.3952e-07
550.0	1.3769e-07
550.2	1.403e-07
550.4	1.4309e-07
550.6	1.4593e-07
550.8	1.4882e-07
551.0	1.5177e-07
551.2	1.5478e-07
551.4	1.5785e-07
551.6	1.6098e-07
551.8	1.6418e-07
552.0	1.6743e-07
552.2	1.6795e-07
552.4	1.6818e-07
552.6	1.6841e-07
552.8	1.6864e-07
553.0	1.6887e-07
553.2	1.691e-07
553.4	1.6934e-07
553.6	1.6957e-07
553.8	1.698e-07
554.0	1.7003e-07
554.2	1.6829e-07
554.4	1.6625e-07
554.6	1.6424e-07
554.8	1.6225e-07
555.0	1.6028e-07
555.2	1.5834e-07
555.4	1.5642e-07
555.6	1.5453e-07
555.8	1.5266e-07
556.0	1.5081e-07
556.2	1.4834e-07
556.4	1.4577e-07
556.6	1.4325e-07
556.8	1.4077e-07
557.0	1.3833e-07
557.2	1.3594e-07
557.4	1.3358e-07
557.6	1.3127e-07
557.8	1.29e-07
558.0	1.2676e-07
558.2	1.2505e-07
558.4	1.2349e-07
558.6	1.2195e-07
558.8	1.2043e-07
559.0	1.1893e-07
559.2	1.1745e-07
559.4	1.1598e-07
559.6	1.1454e-07
559.8	1.1311e-07
560.0	1.117e-07
560.2	1.1483e-07
560.4	1.183e-07
560.6	1.2187e-07
560.8	1.2555e-07
561.0	1.2934e-07
561.2	1.3325e-07
561.4	1.3727e-07
561.6	1.4142e-07
561.8	1.4569e-07
562.0	1.5009e-07
562.2	1.5382e-07
562.4	1.575e-07
562.6	1.6128e-07
562.8	1.6514e-07
563.0	1.691e-07
563.2	1.7315e-07
563.4	1.773e-07
563.6	1.8155e-07
563.8	1.859e-07
564.0	1.9035e-07
564.2	1.8322e-07
564.4	1.7406e-07
564.6	1.6535e-07
564.8	1.5708e-07
565.0	1.4923e-07
565.2	1.4176e-07
565.4	1.3467e-07
565.6	1.2794e-07
565.8	1.2154e-07
566.0	1.1546e-07
566.2	1.1651e-07
566.4	1.1948e-07
566.6	1.2251e-07
566.8	1.2563e-07
567.0	1.2882e-07
567.2	1.321e-07
567.4	1.3546e-07
567.6	1.389e-07
567.8	1.4244e-07
568.0	1.4606e-07
568.2	1.3858e-07
568.4	1.2821e-07
568.6	1.1861e-07
568.8	1.0973e-07
569.0	1.0152e-07
569.2	9.392e-08
569.4	8.689e-08
569.6	8.0387e-08
569.8	7.437e-08
570.0	6.8803e-08
570.2	7.3305e-08
570.4	7.8684e-08
570.6	8.4458e-08
570.8	9.0655e-08
571.0	9.7307e-08
571.2	1.0445e-07
571.4	1.1211e-07
571.6	1.2034e-07
571.8	1.2917e-07
572.0	1.3864e-07
572.2	1.3986e-07
572.4	1.3972e-07
572.6	1.3958e-07
572.8	1.3944e-07
573.0	1.3931e-07
573.2	1.3917e-07
573.4	1.3903e-07
573.6	1.389e-07
573.8	1.3876e-07
574.0	1.3862e-07
574.2	1.3834e-07
574.4	1.3803e-07
574.6	1.3772e-07
574.8	1.3741e-07
575.0	1.371e-07
575.2	1.3679e-07
575.4	1.3649e-07
575.6	1.3618e-07
575.8	1.3587e-07
576.0	1.3557e-07
576.2	1.2359e-07
576.4	1.1024e-07
576.6	9.8323e-08
576.8	8.7698e-08
577.0	7.8222e-08
577.2	6.9769e-08
577.4	6.223e-08
577.6	5.5505e-08
577.8	4.9507e-08
578.0	4.4157e-08
578.2	4.5197e-08
578.4	4.8091e-08
578.6	5.1171e-08
578.8	5.4448e-08
579.0	5.7935e-08
579.2	6.1645e-08
579.4	6.5593e-08
579.6	6.9794e-08
579.8	7.4264e-08
580.0	7.902e-08
580.2	8.1055e-08
580.4	8.2932e-08
580.6	8.4852e-08
580.8	8.6816e-08
581.0	8.8826e-08
581.2	9.0883e-08
581.4	9.2987e-08
581.6	9.514e-08
581.8	9.7342e-08
582.0	9.9596e-08
582.2	9.7726e-08
582.4	9.5158e-08
582.6	9.2658e-08
582.8	9.0223e-08
583.0	8.7853e-08
583.2	8.5544e-08
583.4	8.3297e-08
583.6	8.1108e-08
583.8	7.8977e-08
584.0	7.6902e-08
584.2	7.8145e-08
584.4	8.0156e-08
584.6	8.2219e-08
584.8	8.4334e-08
585.0	8.6504e-08
585.2	8.873e-08
585.4	9.1014e-08
585.6	9.3356e-08
585.8	9.5758e-08
586.0	9.8222e-08
586.2	9.8219e-08
586.4	9.7575e-08
586.6	9.6934e-08
586.8	9.6298e-08
587.0	9.5666e-08
587.2	9.5038e-08
587.4	9.4414e-08
587.6	9.3794e-08
587.8	9.3179e-08
588.0	9.2567e-08
588.2	9.0744e-08
588.4	8.8613e-08
588.6	8.6532e-08
588.8	8.4501e-08
589.0	8.2517e-08
589.2	8.0579e-08
589.4	7.8687e-08
589.6	7.684e-08
589.8	7.5036e-08
590.0	7.3274e-08
590.2	7.0588e-08
590.4	6.7931e-08
590.6	6.5374e-08
590.8	6.2914e-08
591.0	6.0546e-08
591.2	5.8267e-08
591.4	5.6074e-08
591.6	5.3963e-08
591.8	5.1932e-08
592.0	4.9977e-08
592.2	5.1091e-08
592.4	5.2857e-08
592.6	5.4683e-08
592.8	5.6573e-08
593.0	5.8528e-08
593.2	6.0551e-08
593.4	6.2644e-08
593.6	6.4809e-08
593.8	6.7048e-08
594.0	6.9365e-08
594.2	7.0847e-08
594.4	7.2149e-08
594.6	7.3476e-08
594.8	7.4827e-08
595.0	7.6202e-08
595.2	7.7603e-08
595.4	7.903e-08
595.6	8.0483e-08
595.8	8.1963e-08
596.0	8.347e-08
596.2	8.2274e-08
596.4	8.0436e-08
596.6	7.8639e-08
596.8	7.6883e-08
597.0	7.5165e-08
597.2	7.3486e-08
597.4	7.1845e-08
597.6	7.024e-08
597.8	6.8671e-08
598.0	6.7137e-08
598.2	6.451e-08
598.4	6.1692e-08
598.6	5.8997e-08
598.8	5.6421e-08
599.0	5.3956e-08
599.2	5.16e-08
599.4	4.9346e-08
599.6	4.7191e-08
599.8	4.5129e-08
600.0	4.3158e-08
600.2	4.3631e-08
600.4	4.4265e-08
600.6	4.4908e-08
600.8	4.5561e-08
601.0	4.6224e-08
601.2	4.6896e-08
601.4	4.7577e-08
601.6	4.8269e-08
601.8	4.8971e-08
602.0	4.9683e-08
602.2	5.2224e-08
602.4	5.5213e-08
602.6	5.8372e-08
602.8	6.1713e-08
603.0	6.5245e-08
603.2	6.8979e-08
603.4	7.2926e-08
603.6	7.71e-08
603.8	8.1512e-08
604.0	8.6177e-08
604.2	6.5995e-08
604.4	4.7636e-08
604.6	3.4385e-08
604.8	2.4819e-08
605.0	1.7915e-08
605.2	1.2931e-08
605.4	9.3341e-09
605.6	6.7375e-09
605.8	4.8632e-09
606.0	3.5104e-09
606.2	4.0306e-09
606.4	5.0724e-09
606.6	6.3836e-09
606.8	8.0337e-09
607.0	1.011e-08
607.2	1.2724e-08
607.4	1.6013e-08
607.6	2.0152e-08
607.8	2.5361e-08
608.0	3.1916e-08
608.2	2.9122e-08
608.4	2.4878e-08
608.6	2.1253e-08
608.8	1.8156e-08
609.0	1.551e-08
609.2	1.325e-08
609.4	1.1319e-08
609.6	9.6699e-09
609.8	8.2608e-09
610.0	7.0571e-09
610.2	7.2001e-09
610.4	7.4683e-09
610.6	7.7464e-09
610.8	8.0349e-09
611.0	8.3341e-09
611.2	8.6444e-09
611.4	8.9663e-09
611.6	9.3002e-09
611.8	9.6466e-09
612.0	1.0006e-08
612.2	1.1123e-08
612.4	1.2547e-08
612.6	1.4153e-08
612.8	1.5966e-08
613.0	1.801e-08
613.2	2.0317e-08
613.4	2.2918e-08
613.6	2.5853e-08
613.8	2.9164e-08
614.0	3.2898e-08
614.2	2.7893e-08
614.4	2.2165e-08
614.6	1.7613e-08
614.8	1.3996e-08
615.0	1.1122e-08
615.2	8.838e-09
615.4	7.0231e-09
615.6	5.5808e-09
615.8	4.4348e-09
616.0	3.5241e-09
616.2	3.8425e-09
616.4	4.5125e-09
616.6	5.2994e-09
616.8	6.2234e-09
617.0	7.3086e-09
617.2	8.583e-09
617.4	1.008e-08
617.6	1.1837e-08
617.8	1.3901e-08
618.0	1.6325e-08
618.2	1.6834e-08
618.4	1.6837e-08
618.6	1.684e-08
618.8	1.6844e-08
619.0	1.6847e-08
619.2	1.685e-08
619.4	1.6853e-08
619.6	1.6857e-08
619.8	1.686e-08
620.0	1.6863e-08
620.2	1.5523e-08
620.4	1.4165e-08
620.6	1.2927e-08
620.8	1.1796e-08
621.0	1.0765e-08
621.2	9.8231e-09
621.4	8.964e-09
621.6	8.1801e-09
621.8	7.4647e-09
622.0	6.8119e-09
622.2	7.0721e-09
622.4	7.5828e-09
622.6	8.1304e-09
622.8	8.7176e-09
623.0	9.3472e-09
623.2	1.0022e-08
623.4	1.0746e-08
623.6	1.1522e-08
623.8	1.2354e-08
624.0	1.3246e-08
624.2	1.3667e-08
624.4	1.3966e-08
624.6	1.4271e-08
624.8	1.4583e-08
625.0	1.4902e-08
625.2	1.5228e-08
625.4	1.5561e-08
625.6	1.5901e-08
625.8	1.6248e-08
626.0	1.6604e-08
626.2	1.4636e-08
626.4	1.2447e-08
626.6	1.0586e-08
626.8	9.003e-09
627.0	7.6568e-09
627.2	6.5118e-09
627.4	5.5381e-09
627.6	4.71e-09
627.8	4.0057e-09
628.0	3.4067e-09
628.2	3.8733e-09
628.4	4.714e-09
628.6	5.7372e-09
628.8	6.9825e-09
629.0	8.4981e-09
629.2	1.0343e-08
629.4	1.2588e-08
629.6	1.532e-08
629.8	1.8645e-08
630.0	2.2692e-08
630.2	2.1969e-08
630.4	2.0792e-08
630.6	1.9679e-08
630.8	1.8625e-08
631.0	1.7628e-08
631.2	1.6684e-08
631.4	1.579e-08
631.6	1.4945e-08
631.8	1.4145e-08
632.0	1.3387e-08
632.2	1.1829e-08
632.4	1.0302e-08
632.6	8.9714e-09
632.8	7.8128e-09
633.0	6.8039e-09
633.2	5.9252e-09
633.4	5.16e-09
633.6	4.4936e-09
633.8	3.9133e-09
634.0	3.408e-09
634.2	3.5264e-09
634.4	3.78e-09
634.6	4.0519e-09
634.8	4.3434e-09
635.0	4.6559e-09
635.2	4.9908e-09
635.4	5.3498e-09
635.6	5.7346e-09
635.8	6.1472e-09
636.0	6.5894e-09
636.2	7.5658e-09
636.4	8.8013e-09
636.6	1.0239e-08
636.8	1.1911e-08
637.0	1.3856e-08
637.2	1.6118e-08
637.4	1.8751e-08
637.6	2.1813e-08
637.8	2.5375e-08
638.0	2.9519e-08
638.2	2.751e-08
638.4	2.4655e-08
638.6	2.2096e-08
638.8	1.9803e-08
639.0	1.7748e-08
639.2	1.5906e-08
639.4	1.4255e-08
639.6	1.2775e-08
639.8	1.1449e-08
640.0	1.0261e-08
640.2	9.182e-09
640.4	8.2149e-09
640.6	7.3497e-09
640.8	6.5755e-09
641.0	5.883e-09
641.2	5.2633e-09
641.4	4.709e-09
641.6	4.213e-09
641.8	3.7692e-09
642.0	3.3722e-09
642.2	3.472e-09
642.4	3.7192e-09
642.6	3.984e-09
642.8	4.2677e-09
643.0	4.5715e-09
643.2	4.897e-09
643.4	5.2457e-09
643.6	5.6191e-09
643.8	6.0192e-09
644.0	6.4478e-09
644.2	6.911e-09
644.4	7.4086e-09
644.6	7.9422e-09
644.8	8.5141e-09
645.0	9.1272e-09
645.2	9.7845e-09
645.4	1.0489e-08
645.6	1.1244e-08
645.8	1.2054e-08
646.0	1.2922e-08
646.2	1.4569e-08
646.4	1.6628e-08
646.6	1.8977e-08
646.8	2.1659e-08
647.0	2.472e-08
647.2	2.8213e-08
647.4	3.2199e-08
647.6	3.6749e-08
647.8	4.1942e-08
648.0	4.7869e-08
648.2	3.9412e-08
648.4	3.0277e-08
648.6	2.3259e-08
648.8	1.7868e-08
649.0	1.3727e-08
649.2	1.0545e-08
649.4	8.1012e-09
649.6	6.2236e-09
649.8	4.7811e-09
650.0	3.673e-09
650.2	3.7554e-09
650.4	3.9777e-09
650.6	4.2133e-09
650.8	4.4627e-09
651.0	4.727e-09
651.2	5.0068e-09
651.4	5.3033e-09
651.6	5.6173e-09
651.8	5.9499e-09
652.0	6.3022e-09
652.2	6.5916e-09
652.4	6.872e-09
652.6	7.1642e-09
652.8	7.4689e-09
653.0	7.7865e-09
653.2	8.1177e-09
653.4	8.4629e-09
653.6	8.8228e-09
653.8	9.198e-09
654.0	9.5892e-09
654.2	1.0084e-08
654.4	1.0625e-08
654.6	1.1195e-08
654.8	1.1796e-08
655.0	1.2429e-08
655.2	1.3096e-08
655.4	1.3798e-08
655.6	1.4539e-08
655.8	1.5319e-08
656.0	1.6141e-08
656.2	1.4229e-08
656.4	1.2108e-08
656.6	1.0304e-08
656.8	8.7687e-09
657.0	7.4621e-09
657.2	6.3501e-09
657.4	5.4039e-09
657.6	4.5986e-09
657.8	3.9134e-09
658.0	3.3302e-09
658.2	4.1187e-09
658.4	5.4133e-09
658.6	7.115e-09
658.8	9.3516e-09
659.0	1.2291e-08
659.2	1.6155e-08
659.4	2.1233e-08
659.6	2.7908e-08
659.8	3.668e-08
660.0	4.8211e-08
660.2	3.5495e-09
660.4	3.9654e-09
660.6	4.43e-09
660.8	4.949e-09
661.0	5.5288e-09
661.2	6.1766e-09
661.4	6.9002e-09
661.6	7.7086e-09
661.8	8.6118e-09
662.0	9.6207e-09
662.2	1.0991e-08
662.4	1.2644e-08
662.6	1.4545e-08
662.8	1.6731e-08
663.0	1.9246e-08
663.2	2.214e-08
663.4	2.5468e-08
663.6	2.9297e-08
663.8	3.3702e-08
664.0	3.8769e-08
664.2	3.2785e-08
664.4	2.5547e-08
664.6	1.9907e-08
664.8	1.5513e-08
665.0	1.2088e-08
665.2	9.4194e-09
665.4	7.3399e-09
665.6	5.7196e-09
665.8	4.4569e-09
666.0	3.473e-09
666.2	3.3156e-09
666.4	3.3147e-09
666.6	3.3138e-09
666.8	3.3128e-09
667.0	3.3119e-09
667.2	3.311e-09
667.4	3.3101e-09
667.6	3.3092e-09
667.8	3.3082e-09
668.0	3.3073e-09
668.2	3.3079e-09
668.4	3.3087e-09
668.6	3.3096e-09
668.8	3.3104e-09
669.0	3.3112e-09
669.2	3.3121e-09
669.4	3.3129e-09
669.6	3.3137e-09
669.8	3.3146e-09
670.0	3.3154e-09
670.2	3.8128e-09
670.4	4.473e-09
670.6	5.2476e-09
670.8	6.1563e-09
671.0	7.2224e-09
671.2	8.4731e-09
671.4	9.9403e-09
671.6	1.1662e-08
671.8	1.3681e-08
672.0	1.605e-08
672.2	1.7414e-08
672.4	1.847e-08
672.6	1.959e-08
672.8	2.0777e-08
673.0	2.2037e-08
673.2	2.3373e-08
673.4	2.4791e-08
673.6	2.6294e-08
673.8	2.7888e-08
674.0	2.9579e-08
674.2	2.5007e-08
674.4	2.0047e-08
674.6	1.6071e-08
674.8	1.2883e-08
675.0	1.0328e-08
675.2	8.2791e-09
675.4	6.637e-09
675.6	5.3205e-09
675.8	4.2652e-09
676.0	3.4192e-09
676.2	4.2035e-09
676.4	5.5893e-09
676.6	7.432e-09
676.8	9.8822e-09
677.0	1.314e-08
677.2	1.7472e-08
677.4	2.3233e-08
677.6	3.0892e-08
677.8	4.1077e-08
678.0	5.462e-08
678.2	5.2982e-08
678.4	4.923e-08
678.6	4.5743e-08
678.8	4.2504e-08
679.0	3.9494e-08
679.2	3.6697e-08
679.4	3.4098e-08
679.6	3.1683e-08
679.8	2.9439e-08
680.0	2.7354e-08
680.2	2.8245e-07
680.4	2.983e-07
680.6	3.1504e-07
680.8	3.3272e-07
681.0	3.514e-07
681.2	3.7112e-07
681.4	3.9195e-07
681.6	4.1394e-07
681.8	4.3717e-07
682.0	4.6171e-07
682.2	4.571e-07
682.4	4.4264e-07
682.6	4.2864e-07
682.8	4.1507e-07
683.0	4.0194e-07
683.2	3.8922e-07
683.4	3.7691e-07
683.6	3.6498e-07
683.8	3.5344e-07
684.0	3.4225e-07
684.2	3.2416e-07
684.4	3.0512e-07
684.6	2.8719e-07
684.8	2.7032e-07
685.0	2.5444e-07
685.2	2.3949e-07
685.4	2.2542e-07
685.6	2.1217e-07
685.8	1.9971e-07
686.0	1.8797e-07
686.2	1.7814e-07
686.4	1.6907e-07
686.6	1.6046e-07
686.8	1.5229e-07
687.0	1.4454e-07
687.2	1.3718e-07
687.4	1.302e-07
687.6	1.2357e-07
687.8	1.1728e-07
688.0	1.113e-07
688.2	1.0742e-07
688.4	1.0395e-07
688.6	1.0059e-07
688.8	9.7339e-08
689.0	9.4192e-08
689.2	9.1147e-08
689.4	8.8201e-08
689.6	8.5349e-08
689.8	8.259e-08
690.0	7.992e-08
690.2	3.9586e-09
690.4	4.8129e-09
690.6	5.8516e-09
690.8	7.1144e-09
691.0	8.6497e-09
691.2	1.0516e-08
691.4	1.2786e-08
691.6	1.5545e-08
691.8	1.89e-08
692.0	2.2978e-08
692.2	2.4602e-08
692.4	2.5247e-08
692.6	2.5909e-08
692.8	2.6589e-08
693.0	2.7286e-08
693.2	2.8002e-08
693.4	2.8736e-08
693.6	2.949e-08
693.8	3.0264e-08
694.0	3.1057e-08
694.2	3.2546e-08
694.4	3.429e-08
694.6	3.6128e-08
694.8	3.8064e-08
695.0	4.0104e-08
695.2	4.2253e-08
695.4	4.4517e-08
695.6	4.6903e-08
695.8	4.9416e-08
696.0	5.2065e-08
696.2	5.3606e-08
696.4	5.496e-08
696.6	5.6348e-08
696.8	5.7772e-08
697.0	5.9231e-08
697.2	6.0727e-08
697.4	6.2261e-08
697.6	6.3834e-08
697.8	6.5447e-08
698.0	6.71e-08
698.2	6.458e-08
698.4	6.1695e-08
698.6	5.8939e-08
698.8	5.6306e-08
699.0	5.3791e-08
699.2	5.1388e-08
699.4	4.9093e-08
699.6	4.69e-08
699.8	4.4805e-08
700.0	4.2804e-08
700.2	4.2377e-09
700.4	5.3889e-09
700.6	6.853e-09
700.8	8.7147e-09
701.0	1.1082e-08
701.2	1.4093e-08
701.4	1.7922e-08
701.6	2.2791e-08
701.8	2.8982e-08
702.0	3.6856e-08
702.2	4.0742e-08
702.4	4.3037e-08
702.6	4.5461e-08
702.8	4.8021e-08
703.0	5.0726e-08
703.2	5.3583e-08
703.4	5.6601e-08
703.6	5.9789e-08
703.8	6.3156e-08
704.0	6.6713e-08
704.2	6.6135e-08
704.4	6.4561e-08
704.6	6.3024e-08
704.8	6.1524e-08
705.0	6.0059e-08
705.2	5.863e-08
705.4	5.7234e-08
705.6	5.5872e-08
705.8	5.4542e-08
706.0	5.3244e-08
706.2	5.1661e-08
706.4	5.0075e-08
706.6	4.8538e-08
706.8	4.7049e-08
707.0	4.5605e-08
707.2	4.4205e-08
707.4	4.2848e-08
707.6	4.1533e-08
707.8	4.0259e-08
708.0	3.9023e-08
708.2	3.4513e-08
708.4	3.0282e-08
708.6	2.6569e-08
708.8	2.3312e-08
709.0	2.0454e-08
709.2	1.7947e-08
709.4	1.5746e-08
709.6	1.3816e-08
709.8	1.2122e-08
710.0	1.0636e-08
710.2	3.7971e-08
710.4	4.2384e-08
710.6	4.731e-08
710.8	5.2809e-08
711.0	5.8948e-08
711.2	6.5799e-08
711.4	7.3447e-08
711.6	8.1984e-08
711.8	9.1513e-08
712.0	1.0215e-07
712.2	1.0226e-07
712.4	9.8726e-08
712.6	9.5312e-08
712.8	9.2017e-08
713.0	8.8835e-08
713.2	8.5763e-08
713.4	8.2797e-08
713.6	7.9934e-08
713.8	7.717e-08
714.0	7.4502e-08
714.2	7.4616e-08
714.4	7.5378e-08
714.6	7.6147e-08
714.8	7.6924e-08
715.0	7.7709e-08
715.2	7.8502e-08
715.4	7.9303e-08
715.6	8.0112e-08
715.8	8.0929e-08
716.0	8.1755e-08
716.2	8.6195e-08
716.4	9.1457e-08
716.6	9.7042e-08
716.8	1.0297e-07
717.0	1.0925e-07
717.2	1.1592e-07
717.4	1.23e-07
717.6	1.3051e-07
717.8	1.3848e-07
718.0	1.4694e-07
718.2	1.4041e-07
718.4	1.3312e-07
718.6	1.2621e-07
718.8	1.1966e-07
719.0	1.1344e-07
719.2	1.0755e-07
719.4	1.0197e-07
719.6	9.6676e-08
719.8	9.1657e-08
720.0	8.6898e-08
720.2	2.3821e-07
720.4	2.3529e-07
720.6	2.3241e-07
720.8	2.2956e-07
721.0	2.2674e-07
721.2	2.2396e-07
721.4	2.2121e-07
721.6	2.185e-07
721.8	2.1582e-07
722.0	2.1318e-07
722.2	2.1502e-07
722.4	2.1874e-07
722.6	2.2253e-07
722.8	2.2639e-07
723.0	2.3031e-07
723.2	2.343e-07
723.4	2.3835e-07
723.6	2.4248e-07
723.8	2.4668e-07
724.0	2.5095e-07
724.2	2.5588e-07
724.4	2.6108e-07
724.6	2.6638e-07
724.8	2.7179e-07
725.0	2.7731e-07
725.2	2.8295e-07
725.4	2.8869e-07
725.6	2.9456e-07
725.8	3.0054e-07
726.0	3.0665e-07
726.2	3.0896e-07
726.4	3.1054e-07
726.6	3.1213e-07
726.8	3.1373e-07
727.0	3.1533e-07
727.2	3.1695e-07
727.4	3.1857e-07
727.6	3.202e-07
727.8	3.2184e-07
728.0	3.2349e-07
728.2	3.2216e-07
728.4	3.2054e-07
728.6	3.1893e-07
728.8	3.1733e-07
729.0	3.1574e-07
729.2	3.1416e-07
729.4	3.1258e-07
729.6	3.1102e-07
729.8	3.0946e-07
730.0	3.079e-07
730.2	3.4482e-07
730.4	3.5022e-07
730.6	3.557e-07
730.8	3.6126e-07
731.0	3.6692e-07
731.2	3.7266e-07
731.4	3.7849e-07
731.6	3.8441e-07
731.8	3.9042e-07
732.0	3.9653e-07
732.2	4.0363e-07
732.4	4.1122e-07
732.6	4.1897e-07
732.8	4.2685e-07
733.0	4.3489e-07
733.2	4.4307e-07
733.4	4.5141e-07
733.6	4.5991e-07
733.8	4.6856e-07
734.0	4.7738e-07
734.2	4.8206e-07
734.4	4.8555e-07
734.6	4.8907e-07
734.8	4.9262e-07
735.0	4.962e-07
735.2	4.998e-07
735.4	5.0342e-07
735.6	5.0707e-07
735.8	5.1075e-07
736.0	5.1446e-07
736.2	5.2897e-07
736.4	5.4579e-07
736.6	5.6315e-07
736.8	5.8106e-07
737.0	5.9954e-07
737.2	6.1861e-07
737.4	6.3828e-07
737.6	6.5858e-07
737.8	6.7953e-07
738.0	7.0114e-07
738.2	7.0825e-07
738.4	7.1429e-07
738.6	7.2038e-07
738.8	7.2652e-07
739.0	7.3272e-07
739.2	7.3896e-07
739.4	7.4527e-07
739.6	7.5162e-07
739.8	7.5803e-07
740.0	7.6935e-07
740.2	1.015e-06
740.4	1.0611e-06
740.6	1.1093e-06
740.8	1.1598e-06
741.0	1.2125e-06
741.2	1.2675e-06
741.4	1.3251e-06
741.6	1.3854e-06
741.8	1.4483e-06
742.0	1.5141e-06
742.2	1.5733e-06
742.4	1.6301e-06
742.6	1.6891e-06
742.8	1.7501e-06
743.0	1.8134e-06
743.2	1.8789e-06
743.4	1.9468e-06
743.6	2.0172e-06
743.8	2.0901e-06
744.0	2.1657e-06
744.2	2.2195e-06
744.4	2.2671e-06
744.6	2.3157e-06
744.8	2.3653e-06
745.0	2.4159e-06
745.2	2.4677e-06
745.4	2.5206e-06
745.6	2.5746e-06
745.8	2.6297e-06
746.0	2.6861e-06
746.2	2.7297e-06
746.4	2.7715e-06
746.6	2.814e-06
746.8	2.8571e-06
747.0	2.9008e-06
747.2	2.9453e-06
747.4	2.9904e-06
747.6	3.0362e-06
747.8	3.0827e-06
748.0	3.1299e-06
748.2	3.1085e-06
748.4	3.0816e-06
748.6	3.0551e-06
748.8	3.0287e-06
749.0	3.0026e-06
749.2	2.9767e-06
749.4	2.9511e-06
749.6	2.9256e-06
749.8	2.9004e-06
750.0	2.898e-06
750.2	3.5471e-06
750.4	3.6147e-06
750.6	3.6836e-06
750.8	3.7538e-06
751.0	3.8254e-06
751.2	3.8982e-06
751.4	3.9725e-06
751.6	4.0482e-06
751.8	4.1254e-06
752.0	4.204e-06
752.2	4.3182e-06
752.4	4.4499e-06
752.6	4.5857e-06
752.8	4.7255e-06
753.0	4.8697e-06
753.2	5.0182e-06
753.4	5.1713e-06
753.6	5.329e-06
753.8	5.4916e-06
754.0	5.6591e-06
754.2	5.8747e-06
754.4	6.1101e-06
754.6	6.355e-06
754.8	6.6096e-06
755.0	6.8745e-06
755.2	7.15e-06
755.4	7.4365e-06
755.6	7.7345e-06
755.8	8.0444e-06
756.0	8.3668e-06
756.2	8.859e-06
756.4	9.403e-06
756.6	9.9805e-06
756.8	1.0593e-05
757.0	1.1244e-05
757.2	1.1935e-05
757.4	1.2667e-05
757.6	1.3445e-05
757.8	1.4271e-05
758.0	1.5148e-05
758.2	1.5943e-05
758.4	1.6776e-05
758.6	1.7653e-05
758.8	1.8575e-05
759.0	1.9545e-05
759.2	2.0566e-05
759.4	2.1641e-05
759.6	2.2772e-05
759.8	2.3961e-05
760.0	2.5384e-05
760.2	2.9629e-05
760.4	3.3495e-05
760.6	3.5583e-05
760.8	3.7801e-05
761.0	4.0158e-05
761.2	4.2661e-05
761.4	4.5321e-05
761.6	4.8146e-05
761.8	5.1147e-05
762.0	5.3358e-05
762.2	5.5559e-05
762.4	5.785e-05
762.6	6.0235e-05
762.8	6.2719e-05
763.0	6.5305e-05
763.2	6.7998e-05
763.4	7.0207e-05
763.6	7.1814e-05
763.8	7.3457e-05
764.0	7.5138e-05
764.2	7.6857e-05
764.4	7.8616e-05
764.6	8.0415e-05
764.8	8.2226e-05
765.0	8.3443e-05
765.2	8.4677e-05
765.4	8.593e-05
765.6	8.7201e-05
765.8	8.8491e-05
766.0	8.98e-05
766.2	9.1128e-05
766.4	9.2904e-05
766.6	9.4988e-05
766.8	9.7119e-05
767.0	9.9298e-05
767.2	1.0153e-04
767.4	1.038e-04
767.6	1.0613e-04
767.8	1.0872e-04
768.0	1.1229e-04
768.2	1.1598e-04
768.4	1.198e-04
768.6	1.2374e-04
768.8	1.2781e-04
769.0	1.3201e-04
769.2	1.3635e-04
769.4	1.418e-04
769.6	1.4779e-04
769.8	1.5404e-04
770.0	1.6055e-04
770.2	1.6815e-04
770.4	1.767e-04
770.6	1.857e-04
770.8	1.954e-04
771.0	2.0626e-04
771.2	2.1773e-04
771.4	2.2983e-04
771.6	2.449e-04
771.8	2.6099e-04
772.0	2.7814e-04
772.2	2.9717e-04
772.4	3.1788e-04
772.6	3.4003e-04
772.8	3.6313e-04
773.0	3.8678e-04
773.2	4.1198e-04
773.4	4.388e-04
773.6	4.671e-04
773.8	4.9724e-04
774.0	5.2931e-04
774.2	5.5948e-04
774.4	5.9022e-04
774.6	6.2265e-04
774.8	6.5278e-04
775.0	6.7985e-04
775.2	7.0805e-04
775.4	7.3544e-04
775.6	7.5492e-04
775.8	7.7491e-04
776.0	7.9544e-04
776.2	8.0599e-04
776.4	8.1531e-04
776.6	8.2474e-04
776.8	8.3011e-04
777.0	8.3257e-04
777.2	8.3503e-04
777.4	8.3582e-04
777.6	8.324e-04
777.8	8.29e-04
778.0	8.256e-04
778.2	8.2144e-04
778.4	8.1728e-04
778.6	8.1314e-04
778.8	8.0943e-04
779.0	8.0592e-04
779.2	8.0241e-04
779.4	7.9976e-04
779.6	7.9842e-04
779.8	7.9708e-04
780.0	7.96e-04
780.2	8.0022e-04
780.4	8.0316e-04
780.6	8.0681e-04
780.8	8.1263e-04
781.0	8.199e-04
781.2	8.25e-04
781.4	8.4024e-04
781.6	8.5359e-04
781.8	8.654e-04
782.0	8.7798e-04
782.2	8.9507e-04
782.4	9.1861e-04
782.6	9.3988e-04
782.8	9.5741e-04
783.0	9.7883e-04
783.2	0.00101
783.4	0.00104
783.6	0.00108
783.8	0.00111
784.0	0.00115
784.2	0.00119
784.4	0.00123
784.6	0.00128
784.8	0.00133
785.0	0.00134
785.2	0.00141
785.4	0.00147
785.6	0.00153
785.8	0.0016
786.0	0.00165
786.2	0.00172
786.4	0.00181
786.6	0.00188
786.8	0.00195
787.0	0.00203
787.2	0.00211
787.4	0.00221
787.6	0.0023
787.8	0.00238
788.0	0.00245
788.2	0.00254
788.4	0.00262
788.6	0.00271
788.8	0.00278
789.0	0.00282
789.2	0.0029
789.4	0.00297
789.6	0.00308
789.8	0.00312
790.0	0.00318
790.2	0.00321
790.4	0.00326
790.6	0.00329
790.8	0.00333
791.0	0.00337
791.2	0.00339
791.4	0.00342
791.6	0.00345
791.8	0.00349
792.0	0.00352
792.2	0.00354
792.4	0.00357
792.6	0.00359
792.8	0.00363
793.0	0.00366
793.2	0.00369
793.4	0.00371
793.6	0.00377
793.8	0.00382
794.0	0.00384
794.2	0.0039
794.4	0.00398
794.6	0.004
794.8	0.00408
795.0	0.00411
795.2	0.00407
795.4	0.00403
795.6	0.004
795.8	0.00403
796.0	0.00413
796.2	0.00421
796.4	0.00433
796.6	0.00444
796.8	0.00456
797.0	0.00469
797.2	0.00483
797.4	0.00497
797.6	0.00513
797.8	0.00532
798.0	0.00551
798.2	0.00571
798.4	0.00593
798.6	0.00616
798.8	0.00641
799.0	0.00669
799.2	0.00696
799.4	0.00729
799.6	0.00762
799.8	0.00798
800.0	0.00836
800.2	0.00878
800.4	0.00924
800.6	0.00972
800.8	0.01024
801.0	0.01082
801.2	0.01141
801.4	0.01209
801.6	0.01276
801.8	0.01351
802.0	0.01435
802.2	0.01523
802.4	0.01617
802.6	0.01722
802.8	0.01834
803.0	0.01954
803.2	0.02081
803.4	0.02224
803.6	0.02372
803.8	0.02536
804.0	0.02711
804.2	0.02906
804.4	0.0311
804.6	0.03332
804.8	0.03578
805.0	0.03833
805.2	0.04052
805.4	0.04283
805.6	0.04527
805.8	0.04831
806.0	0.05188
806.2	0.05569
806.4	0.05971
806.6	0.06406
806.8	0.06875
807.0	0.07376
807.2	0.07905
807.4	0.08466
807.6	0.09078
807.8	0.09707
808.0	0.10395
808.2	0.11117
808.4	0.11887
808.6	0.1269
808.8	0.13541
809.0	0.14445
809.2	0.15405
809.4	0.16372
809.6	0.17412
809.8	0.18487
810.0	0.19597
810.2	0.2074
810.4	0.2194
810.6	0.23153
810.8	0.24424
811.0	0.25688
811.2	0.26955
811.4	0.28231
811.6	0.29503
811.8	0.30745
812.0	0.31951
812.2	0.33115
812.4	0.34221
812.6	0.3521
812.8	0.36146
813.0	0.36894
813.2	0.37527
813.4	0.38023
813.6	0.38377
813.8	0.38532
814.0	0.3855
814.2	0.38369
814.4	0.38048
814.6	0.37559
814.8	0.36923
815.0	0.36165
815.2	0.3519
815.4	0.34241
815.6	0.33318
815.8	0.32291
816.0	0.31176
816.2	0.30031
816.4	0.28876
816.6	0.2773
816.8	0.26608
817.0	0.25494
817.2	0.24445
817.4	0.23404
817.6	0.22399
817.8	0.21449
818.0	0.20543
818.2	0.19692
818.4	0.18875
818.6	0.18092
818.8	0.1737
819.0	0.16692
819.2	0.16047
819.4	0.15465
819.6	0.14903
819.8	0.1438
820.0	0.13897
820.2	0.13441
820.4	0.13021
820.6	0.12618
820.8	0.12257
821.0	0.1192
821.2	0.11602
821.4	0.11317
821.6	0.11056
821.8	0.1081
822.0	0.1058
822.2	0.10389
822.4	0.10205
822.6	0.1004
822.8	0.09895
823.0	0.09762
823.2	0.09651
823.4	0.09552
823.6	0.09467
823.8	0.09392
824.0	0.09334
824.2	0.09304
824.4	0.09276
824.6	0.09266
824.8	0.09267
825.0	0.09281
825.2	0.09329
825.4	0.09377
825.6	0.09425
825.8	0.0949
826.0	0.09575
826.2	0.09677
826.4	0.09785
826.6	0.09925
826.8	0.10081
827.0	0.10248
827.2	0.10433
827.4	0.10639
827.6	0.10864
827.8	0.11109
828.0	0.11388
828.2	0.11681
828.4	0.11997
828.6	0.12346
828.8	0.12715
829.0	0.13122
829.2	0.13561
829.4	0.14025
829.6	0.14535
829.8	0.15076
830.0	0.15665
830.2	0.16305
830.4	0.16952
830.6	0.1768
830.8	0.18445
831.0	0.19282
831.2	0.20138
831.4	0.21081
831.6	0.221
831.8	0.23179
832.0	0.24335
832.2	0.25557
832.4	0.26842
832.6	0.28217
832.8	0.29674
833.0	0.31179
833.2	0.32775
833.4	0.34495
833.6	0.36246
833.8	0.38103
834.0	0.4002
834.2	0.42002
834.4	0.44007
834.6	0.46105
834.8	0.48255
835.0	0.50447
835.2	0.52633
835.4	0.54913
835.6	0.57292
835.8	0.59591
836.0	0.61808
836.2	0.64029
836.4	0.66178
836.6	0.68295
836.8	0.70356
837.0	0.72414
837.2	0.7436
837.4	0.76232
837.6	0.7801
837.8	0.79698
838.0	0.8136
838.2	0.82906
838.4	0.84276
838.6	0.85569
838.8	0.8677
839.0	0.87819
839.2	0.88696
839.4	0.89413
839.6	0.89944
839.8	0.90276
840.0	0.90401
840.2	0.90286
840.4	0.89945
840.6	0.8935
840.8	0.88461
841.0	0.87346
841.2	0.8597
841.4	0.84274
841.6	0.82375
841.8	0.80261
842.0	0.77932
842.2	0.75472
842.4	0.72804
842.6	0.70012
842.8	0.67225
843.0	0.64391
843.2	0.6153
843.4	0.58682
843.6	0.55875
843.8	0.53112
844.0	0.50472
844.2	0.47919
844.4	0.45443
844.6	0.43074
844.8	0.40814
845.0	0.38723
845.2	0.36636
845.4	0.34661
845.6	0.32793
845.8	0.31083
846.0	0.2957
846.2	0.2815
846.4	0.26814
846.6	0.256
846.8	0.24444
847.0	0.23378
847.2	0.2238
847.4	0.21461
847.6	0.20604
847.8	0.19807
848.0	0.19074
848.2	0.18399
848.4	0.17764
848.6	0.17187
848.8	0.16646
849.0	0.16141
849.2	0.15695
849.4	0.15259
849.6	0.14867
849.8	0.14507
850.0	0.14187
850.2	0.13879
850.4	0.13603
850.6	0.13363
850.8	0.13137
851.0	0.12934
851.2	0.12751
851.4	0.12596
851.6	0.12463
851.8	0.12345
852.0	0.12241
852.2	0.12162
852.4	0.121
852.6	0.12056
852.8	0.12027
853.0	0.1202
853.2	0.12029
853.4	0.12055
853.6	0.12092
853.8	0.12149
854.0	0.12232
854.2	0.1233
854.4	0.12452
854.6	0.12582
854.8	0.12733
855.0	0.12917
855.2	0.13147
855.4	0.13381
855.6	0.13619
855.8	0.13875
856.0	0.14174
856.2	0.14487
856.4	0.14837
856.6	0.15209
856.8	0.15601
857.0	0.16032
857.2	0.16499
857.4	0.17024
857.6	0.1757
857.8	0.18135
858.0	0.18762
858.2	0.19445
858.4	0.20162
858.6	0.20917
858.8	0.2174
859.0	0.2263
859.2	0.23576
859.4	0.24578
859.6	0.25644
859.8	0.26753
860.0	0.27962
860.2	0.29237
860.4	0.30589
860.6	0.32039
860.8	0.33511
861.0	0.35088
861.2	0.36767
861.4	0.38524
861.6	0.40312
861.8	0.42157
862.0	0.44107
862.2	0.46116
862.4	0.48171
862.6	0.50278
862.8	0.52403
863.0	0.5452
863.2	0.56631
863.4	0.58808
863.6	0.60909
863.8	0.6292
864.0	0.649
864.2	0.66912
864.4	0.68754
864.6	0.70488
864.8	0.72152
865.0	0.73738
865.2	0.75147
865.4	0.76583
865.6	0.78047
865.8	0.79322
866.0	0.80299
866.2	0.81224
866.4	0.82038
866.6	0.82823
866.8	0.83488
867.0	0.84179
867.2	0.84805
867.4	0.85386
867.6	0.85914
867.8	0.86515
868.0	0.87079
868.2	0.87668
868.4	0.88209
868.6	0.88776
868.8	0.89362
869.0	0.89942
869.2	0.90514
869.4	0.911
869.6	0.91716
869.8	0.92256
870.0	0.92839
870.2	0.93365
870.4	0.93756
870.6	0.94136
870.8	0.94464
871.0	0.9465
871.2	0.94756
871.4	0.94714
871.6	0.94503
871.8	0.94164
872.0	0.93664
872.2	0.92935
872.4	0.92035
872.6	0.90948
872.8	0.89681
873.0	0.88215
873.2	0.86529
873.4	0.84688
873.6	0.82756
873.8	0.80672
874.0	0.78462
874.2	0.76145
874.4	0.73768
874.6	0.71323
874.8	0.6893
875.0	0.66483
875.2	0.63796
875.4	0.61217
875.6	0.58743
875.8	0.56447
876.0	0.54253
876.2	0.5211
876.4	0.50058
876.6	0.48106
876.8	0.46227
877.0	0.44461
877.2	0.42796
877.4	0.4121
877.6	0.39705
877.8	0.38273
878.0	0.36904
878.2	0.35647
878.4	0.34452
878.6	0.33373
878.8	0.3233
879.0	0.31367
879.2	0.30466
879.4	0.29597
879.6	0.2882
879.8	0.28086
880.0	0.27418
880.2	0.26782
880.4	0.26194
880.6	0.25651
880.8	0.25139
881.0	0.24699
881.2	0.24289
881.4	0.23918
881.6	0.23556
881.8	0.23258
882.0	0.22994
882.2	0.22756
882.4	0.22547
882.6	0.22374
882.8	0.22233
883.0	0.22119
883.2	0.22032
883.4	0.21979
883.6	0.21954
883.8	0.2196
884.0	0.21976
884.2	0.22044
884.4	0.22118
884.6	0.22234
884.8	0.22362
885.0	0.22545
885.2	0.22832
885.4	0.23124
885.6	0.23418
885.8	0.23713
886.0	0.24022
886.2	0.24415
886.4	0.24849
886.6	0.25282
886.8	0.25782
887.0	0.26332
887.2	0.2688
887.4	0.27488
887.6	0.28159
887.8	0.2888
888.0	0.29638
888.2	0.30444
888.4	0.31311
888.6	0.3224
888.8	0.33221
889.0	0.34257
889.2	0.35347
889.4	0.36466
889.6	0.37664
889.8	0.38933
890.0	0.40311
890.2	0.41764
890.4	0.43162
890.6	0.44635
890.8	0.46185
891.0	0.47829
891.2	0.49508
891.4	0.51205
891.6	0.52888
891.8	0.54646
892.0	0.56432
892.2	0.58199
892.4	0.59904
892.6	0.61618
892.8	0.63264
893.0	0.64837
893.2	0.66343
893.4	0.67819
893.6	0.69138
893.8	0.70324
894.0	0.71349
894.2	0.72281
894.4	0.73116
894.6	0.73702
894.8	0.74181
895.0	0.74563
895.2	0.74611
895.4	0.74659
895.6	0.74707
895.8	0.7464
896.0	0.7437
896.2	0.73991
896.4	0.73549
896.6	0.73111
896.8	0.72559
897.0	0.71997
897.2	0.71393
897.4	0.70815
897.6	0.70215
897.8	0.69632
898.0	0.69026
898.2	0.68516
898.4	0.67972
898.6	0.67537
898.8	0.67112
899.0	0.66757
899.2	0.66421
899.4	0.66196
899.6	0.65962
899.8	0.65853
900.0	0.65713
900.2	0.65696
900.4	0.6569
900.6	0.6575
900.8	0.65866
901.0	0.66107
901.2	0.66354
901.4	0.66679
901.6	0.67067
901.8	0.67555
902.0	0.68079
902.2	0.6867
902.4	0.69295
902.6	0.70023
902.8	0.70752
903.0	0.71566
903.2	0.72397
903.4	0.73311
903.6	0.74196
903.8	0.75163
904.0	0.76074
904.2	0.77041
904.4	0.77985
904.6	0.78909
904.8	0.79802
905.0	0.80635
905.2	0.81361
905.4	0.82094
905.6	0.82834
905.8	0.83467
906.0	0.83819
906.2	0.84052
906.4	0.84116
906.6	0.84106
906.8	0.8391
907.0	0.83452
907.2	0.82888
907.4	0.82146
907.6	0.81197
907.8	0.80182
908.0	0.78902
908.2	0.77497
908.4	0.76005
908.6	0.74464
908.8	0.72704
909.0	0.70965
909.2	0.69127
909.4	0.67298
909.6	0.6538
909.8	0.63459
910.0	0.61555
910.2	0.5972
910.4	0.57879
910.6	0.56045
910.8	0.54226
911.0	0.52486
911.2	0.50861
911.4	0.49245
911.6	0.47722
911.8	0.46229
912.0	0.44812
912.2	0.4345
912.4	0.42164
912.6	0.40911
912.8	0.39752
913.0	0.38632
913.2	0.37595
913.4	0.36596
913.6	0.35648
913.8	0.34782
914.0	0.33951
914.2	0.33204
914.4	0.32468
914.6	0.31782
914.8	0.31095
915.0	0.30513
915.2	0.29907
915.4	0.29313
915.6	0.28731
915.8	0.28273
916.0	0.27885
916.2	0.27561
916.4	0.27203
916.6	0.26923
916.8	0.26656
917.0	0.26425
917.2	0.26239
917.4	0.26074
917.6	0.25916
917.8	0.25799
918.0	0.25694
918.2	0.25634
918.4	0.25586
918.6	0.25574
918.8	0.25602
919.0	0.25629
919.2	0.25684
919.4	0.25786
919.6	0.25892
919.8	0.26048
920.0	0.26217
920.2	0.26415
920.4	0.26615
920.6	0.26848
920.8	0.27152
921.0	0.27462
921.2	0.27818
921.4	0.28166
921.6	0.28581
921.8	0.29019
922.0	0.29479
922.2	0.29998
922.4	0.30516
922.6	0.31112
922.8	0.31732
923.0	0.32384
923.2	0.33101
923.4	0.33826
923.6	0.34608
923.8	0.35425
924.0	0.36314
924.2	0.3724
924.4	0.38211
924.6	0.3925
924.8	0.40337
925.0	0.41507
925.2	0.42827
925.4	0.44189
925.6	0.45594
925.8	0.47062
926.0	0.48482
926.2	0.49972
926.4	0.51479
926.6	0.53056
926.8	0.54725
927.0	0.56427
927.2	0.58181
927.4	0.59966
927.6	0.61781
927.8	0.63654
928.0	0.65518
928.2	0.6743
928.4	0.69316
928.6	0.7122
928.8	0.73096
929.0	0.74975
929.2	0.76823
929.4	0.78618
929.6	0.80338
929.8	0.82004
930.0	0.83663
930.2	0.85209
930.4	0.86562
930.6	0.87768
930.8	0.89055
931.0	0.90043
931.2	0.90917
931.4	0.91637
931.6	0.92496
931.8	0.92978
932.0	0.93319
932.2	0.93589
932.4	0.93893
932.6	0.93974
932.8	0.93962
933.0	0.93742
933.2	0.93612
933.4	0.93406
933.6	0.92961
933.8	0.92636
934.0	0.92006
934.2	0.91693
934.4	0.91361
934.6	0.9079
934.8	0.90165
935.0	0.89601
935.2	0.89077
935.4	0.88557
935.6	0.8804
935.8	0.87469
936.0	0.86923
936.2	0.86415
936.4	0.86117
936.6	0.85631
936.8	0.85234
937.0	0.85159
937.2	0.84756
937.4	0.84459
937.6	0.84422
937.8	0.84072
938.0	0.84219
938.2	0.83963
938.4	0.83864
938.6	0.83979
938.8	0.83925
939.0	0.83987
939.2	0.84076
939.4	0.84224
939.6	0.84377
939.8	0.84636
940.0	0.84827
940.2	0.85122
940.4	0.85332
940.6	0.85598
940.8	0.85861
941.0	0.86195
941.2	0.86525
941.4	0.86788
941.6	0.87199
941.8	0.87462
942.0	0.87753
942.2	0.8804
942.4	0.88118
942.6	0.88735
942.8	0.88925
943.0	0.8909
943.2	0.89181
943.4	0.89232
943.6	0.89454
943.8	0.89334
944.0	0.8958
944.2	0.89386
944.4	0.89264
944.6	0.89039
944.8	0.88811
945.0	0.88475
945.2	0.87934
945.4	0.87396
945.6	0.86862
945.8	0.86316
946.0	0.85626
946.2	0.84938
946.4	0.84189
946.6	0.83367
946.8	0.82528
947.0	0.81639
947.2	0.8069
947.4	0.79703
947.6	0.7869
947.8	0.77709
948.0	0.76613
948.2	0.75495
948.4	0.74406
948.6	0.73297
948.8	0.72223
949.0	0.71167
949.2	0.70011
949.4	0.68951
949.6	0.67865
949.8	0.66887
950.0	0.6578
950.2	0.64795
950.4	0.63731
950.6	0.6272
950.8	0.618
951.0	0.60881
951.2	0.59986
951.4	0.59122
951.6	0.58256
951.8	0.57435
952.0	0.56593
952.2	0.55866
952.4	0.5512
952.6	0.54434
952.8	0.53784
953.0	0.53172
953.2	0.52539
953.4	0.51983
953.6	0.51408
953.8	0.50896
954.0	0.5043
954.2	0.49962
954.4	0.49563
954.6	0.49205
954.8	0.48816
955.0	0.48482
955.2	0.48172
955.4	0.47864
955.6	0.47559
955.8	0.47399
956.0	0.47148
956.2	0.46937
956.4	0.46798
956.6	0.4668
956.8	0.46579
957.0	0.46518
957.2	0.46491
957.4	0.46437
957.6	0.46479
957.8	0.46484
958.0	0.46504
958.2	0.46635
958.4	0.46757
958.6	0.46883
958.8	0.47059
959.0	0.47238
959.2	0.47415
959.4	0.47636
959.6	0.47917
959.8	0.48192
960.0	0.48532
960.2	0.48905
960.4	0.49211
960.6	0.49554
960.8	0.4998
961.0	0.50374
961.2	0.50852
961.4	0.51384
961.6	0.51901
961.8	0.52393
962.0	0.52918
962.2	0.53508
962.4	0.54046
962.6	0.54697
962.8	0.55379
963.0	0.56051
963.2	0.56719
963.4	0.57405
963.6	0.58122
963.8	0.58864
964.0	0.59695
964.2	0.6049
964.4	0.61221
964.6	0.62047
964.8	0.62918
965.0	0.63702
965.2	0.64567
965.4	0.65443
965.6	0.66332
965.8	0.67166
966.0	0.68049
966.2	0.6902
966.4	0.69935
966.6	0.70822
966.8	0.71676
967.0	0.72523
967.2	0.73402
967.4	0.743
967.6	0.75228
967.8	0.76005
968.0	0.76818
968.2	0.77614
968.4	0.78375
968.6	0.7917
968.8	0.79991
969.0	0.80642
969.2	0.81328
969.4	0.81928
969.6	0.82537
969.8	0.83126
970.0	0.83737
970.2	0.84248
970.4	0.84633
970.6	0.84994
970.8	0.85428
971.0	0.85773
971.2	0.86065
971.4	0.86354
971.6	0.86498
971.8	0.8665
972.0	0.86808
972.2	0.86959
972.4	0.8701
972.6	0.86952
972.8	0.86924
973.0	0.86924
973.2	0.86801
973.4	0.86693
973.6	0.8658
973.8	0.86389
974.0	0.86209
974.2	0.85906
974.4	0.85704
974.6	0.85515
974.8	0.85213
975.0	0.84937
975.2	0.84625
975.4	0.84314
975.6	0.84004
975.8	0.83679
976.0	0.8335
976.2	0.82987
976.4	0.82616
976.6	0.82268
976.8	0.81881
977.0	0.815
977.2	0.81132
977.4	0.80791
977.6	0.80457
977.8	0.80126
978.0	0.79756
978.2	0.79441
978.4	0.7908
978.6	0.78745
978.8	0.78441
979.0	0.78182
979.2	0.77806
979.4	0.77507
979.6	0.77276
979.8	0.77061
980.0	0.7679
980.2	0.76526
980.4	0.76315
980.6	0.76105
980.8	0.75861
981.0	0.7567
981.2	0.75478
981.4	0.75343
981.6	0.75175
981.8	0.75052
982.0	0.74965
982.2	0.74823
982.4	0.74738
982.6	0.74698
982.8	0.74694
983.0	0.74611
983.2	0.74536
983.4	0.74558
983.6	0.74575
983.8	0.74594
984.0	0.74626
984.2	0.74638
984.4	0.74721
984.6	0.74824
984.8	0.74926
985.0	0.75007
985.2	0.75118
985.4	0.7523
985.6	0.75342
985.8	0.75498
986.0	0.75708
986.2	0.75914
986.4	0.76127
986.6	0.76389
986.8	0.76661
987.0	0.76922
987.2	0.77198
987.4	0.77496
987.6	0.77803
987.8	0.7818
988.0	0.78557
988.2	0.78936
988.4	0.79318
988.6	0.79673
988.8	0.8014
989.0	0.80554
989.2	0.80982
989.4	0.81458
989.6	0.8197
989.8	0.82482
990.0	0.82956
990.2	0.83441
990.4	0.83952
990.6	0.84496
990.8	0.85046
991.0	0.85514
991.2	0.86059
991.4	0.86671
991.6	0.87258
991.8	0.87751
992.0	0.88285
992.2	0.88865
992.4	0.89403
992.6	0.89936
992.8	0.90444
993.0	0.91047
993.2	0.91612
993.4	0.92074
993.6	0.92481
993.8	0.93033
994.0	0.93488
994.2	0.93807
994.4	0.94233
994.6	0.94583
994.8	0.94958
995.0	0.9524
995.2	0.95257
995.4	0.95273
995.6	0.9529
995.8	0.95369
996.0	0.95423
996.2	0.95458
996.4	0.95407
996.6	0.95411
996.8	0.95329
997.0	0.95093
997.2	0.94893
997.4	0.94605
997.6	0.94311
997.8	0.93841
998.0	0.93363
998.2	0.9295
998.4	0.92392
998.6	0.91732
998.8	0.91049
999.0	0.90352
999.2	0.89577
999.4	0.88798
999.6	0.88059
999.8	0.87155
1000.0	0.86209
1000.2	0.85239
1000.4	0.84274
1000.6	0.83327
1000.8	0.82227
1001.0	0.81149
1001.2	0.80111
1001.4	0.79044
1001.6	0.77937
1001.8	0.76821
1002.0	0.75683
1002.2	0.7465
1002.4	0.73565
1002.6	0.72403
1002.8	0.71325
1003.0	0.70248
1003.2	0.69185
1003.4	0.68069
1003.6	0.67104
1003.8	0.66045
1004.0	0.64985
1004.2	0.64026
1004.4	0.63111
1004.6	0.62199
1004.8	0.6122
1005.0	0.60234
1005.2	0.62206
1005.4	0.6133
1005.6	0.6038
1005.8	0.59446
1006.0	0.58599
1006.2	0.57821
1006.4	0.57012
1006.6	0.56168
1006.8	0.55394
1007.0	0.54673
1007.2	0.53966
1007.4	0.53221
1007.6	0.52568
1007.8	0.51888
1008.0	0.5128
1008.2	0.50694
1008.4	0.5011
1008.6	0.49553
1008.8	0.49029
1009.0	0.4853
1009.2	0.48044
1009.4	0.47585
1009.6	0.47157
1009.8	0.46728
1010.0	0.46361
1010.2	0.46011
1010.4	0.45626
1010.6	0.45305
1010.8	0.45019
1011.0	0.44707
1011.2	0.44447
1011.4	0.44222
1011.6	0.44002
1011.8	0.43777
1012.0	0.43545
1012.2	0.43435
1012.4	0.43273
1012.6	0.43119
1012.8	0.43017
1013.0	0.4296
1013.2	0.42909
1013.4	0.42827
1013.6	0.42811
1013.8	0.42844
1014.0	0.42812
1014.2	0.42815
1014.4	0.42886
1014.6	0.42956
1014.8	0.4302
1015.0	0.43102
1015.2	0.4325
1015.4	0.43412
1015.6	0.43517
1015.8	0.43702
1016.0	0.43882
1016.2	0.44048
1016.4	0.44308
1016.6	0.44516
1016.8	0.44775
1017.0	0.45087
1017.2	0.45387
1017.4	0.45727
1017.6	0.46028
1017.8	0.46421
1018.0	0.46813
1018.2	0.47169
1018.4	0.47568
1018.6	0.4798
1018.8	0.48385
1019.0	0.48875
1019.2	0.49368
1019.4	0.49882
1019.6	0.50304
1019.8	0.50881
1020.0	0.51413
1020.2	0.51908
1020.4	0.52509
1020.6	0.53125
1020.8	0.53661
1021.0	0.54231
1021.2	0.5488
1021.4	0.55494
1021.6	0.56128
1021.8	0.56763
1022.0	0.57371
1022.2	0.57966
1022.4	0.58626
1022.6	0.59277
1022.8	0.59902
1023.0	0.60548
1023.2	0.61226
1023.4	0.61774
1023.6	0.62379
1023.8	0.62929
1024.0	0.63477
1024.2	0.64044
1024.4	0.64618
1024.6	0.65151
1024.8	0.65567
1025.0	0.65876
1025.2	0.66185
1025.4	0.66619
1025.6	0.66973
1025.8	0.67248
1026.0	0.67534
1026.2	0.67778
1026.4	0.6804
1026.6	0.68147
1026.8	0.68294
1027.0	0.68391
1027.2	0.68307
1027.4	0.6832
1027.6	0.68247
1027.8	0.68094
1028.0	0.6801
1028.2	0.67812
1028.4	0.6754
1028.6	0.67241
1028.8	0.6695
1029.0	0.66501
1029.2	0.66156
1029.4	0.65737
1029.6	0.65236
1029.8	0.64789
1030.0	0.64289
1030.2	0.6368
1030.4	0.63123
1030.6	0.62612
1030.8	0.62024
1031.0	0.61369
1031.2	0.60807
1031.4	0.60109
1031.6	0.5952
1031.8	0.58867
1032.0	0.58211
1032.2	0.57605
1032.4	0.56949
1032.6	0.56348
1032.8	0.55701
1033.0	0.55015
1033.2	0.54429
1033.4	0.53822
1033.6	0.53233
1033.8	0.52681
1034.0	0.5213
1034.2	0.5151
1034.4	0.5092
1034.6	0.50427
1034.8	0.49884
1035.0	0.49351
1035.2	0.48849
1035.4	0.48399
1035.6	0.47965
1035.8	0.47492
1036.0	0.47095
1036.2	0.4663
1036.4	0.46256
1036.6	0.45818
1036.8	0.45516
1037.0	0.45201
1037.2	0.44833
1037.4	0.44515
1037.6	0.44267
1037.8	0.44017
1038.0	0.43676
1038.2	0.43437
1038.4	0.43236
1038.6	0.43024
1038.8	0.42837
1039.0	0.42644
1039.2	0.42501
1039.4	0.42358
1039.6	0.42238
1039.8	0.42143
1040.0	0.42042
1040.2	0.42038
1040.4	0.41918
1040.6	0.41894
1040.8	0.41827
1041.0	0.418
1041.2	0.41822
1041.4	0.41893
1041.6	0.41895
1041.8	0.41966
1042.0	0.42064
1042.2	0.42155
1042.4	0.42246
1042.6	0.42394
1042.8	0.42426
1043.0	0.42644
1043.2	0.42833
1043.4	0.42995
1043.6	0.43264
1043.8	0.43409
1044.0	0.43727
1044.2	0.43944
1044.4	0.44141
1044.6	0.44429
1044.8	0.44722
1045.0	0.45136
1045.2	0.45475
1045.4	0.45865
1045.6	0.46231
1045.8	0.46489
1046.0	0.47034
1046.2	0.47366
1046.4	0.47812
1046.6	0.48265
1046.8	0.48677
1047.0	0.49215
1047.2	0.49698
1047.4	0.50168
1047.6	0.50587
1047.8	0.51119
1048.0	0.51669
1048.2	0.52268
1048.4	0.52788
1048.6	0.53376
1048.8	0.54026
1049.0	0.54575
1049.2	0.55186
1049.4	0.55695
1049.6	0.56228
1049.8	0.56856
1050.0	0.57437
1050.2	0.57971
1050.4	0.58633
1050.6	0.59151
1050.8	0.59911
1051.0	0.60496
1051.2	0.61007
1051.4	0.61622
1051.6	0.62102
1051.8	0.62653
1052.0	0.63233
1052.2	0.63712
1052.4	0.64084
1052.6	0.64612
1052.8	0.65044
1053.0	0.65453
1053.2	0.65855
1053.4	0.66118
1053.6	0.66497
1053.8	0.66711
1054.0	0.66969
1054.2	0.67196
1054.4	0.6735
1054.6	0.67502
1054.8	0.6762
1055.0	0.67636
1055.2	0.67693
1055.4	0.67605
1055.6	0.67559
1055.8	0.67476
1056.0	0.673
1056.2	0.67052
1056.4	0.66892
1056.6	0.66675
1056.8	0.66362
1057.0	0.65939
1057.2	0.65606
1057.4	0.65309
1057.6	0.6482
1057.8	0.64385
1058.0	0.64009
1058.2	0.63447
1058.4	0.62879
1058.6	0.62346
1058.8	0.61815
1059.0	0.61236
1059.2	0.60658
1059.4	0.60021
1059.6	0.59388
1059.8	0.58771
1060.0	0.58304
1060.2	0.57538
1060.4	0.57003
1060.6	0.56386
1060.8	0.55745
1061.0	0.55106
1061.2	0.54546
1061.4	0.53837
1061.6	0.53227
1061.8	0.52574
1062.0	0.51964
1062.2	0.51451
1062.4	0.50774
1062.6	0.50233
1062.8	0.49696
1063.0	0.49037
1063.2	0.48533
1063.4	0.48091
1063.6	0.47446
1063.8	0.46925
1064.0	0.46417
1064.2	0.45926
1064.4	0.45487
1064.6	0.44892
1064.8	0.44508
1065.0	0.43866
1065.2	0.43355
1065.4	0.42878
1065.6	0.42472
1065.8	0.42067
1066.0	0.41646
1066.2	0.41393
1066.4	0.41025
1066.6	0.40637
1066.8	0.40344
1067.0	0.39975
1067.2	0.3973
1067.4	0.39451
1067.6	0.39239
1067.8	0.3895
1068.0	0.3867
1068.2	0.38419
1068.4	0.38167
1068.6	0.37934
1068.8	0.37756
1069.0	0.37498
1069.2	0.37309
1069.4	0.37091
1069.6	0.36932
1069.8	0.36762
1070.0	0.36635
1070.2	0.36447
1070.4	0.36339
1070.6	0.36194
1070.8	0.36069
1071.0	0.36012
1071.2	0.35941
1071.4	0.35826
1071.6	0.35807
1071.8	0.35693
1072.0	0.35597
1072.2	0.35541
1072.4	0.35443
1072.6	0.35414
1072.8	0.35296
1073.0	0.3532
1073.2	0.35343
1073.4	0.35235
1073.6	0.35255
1073.8	0.35258
1074.0	0.35215
1074.2	0.35292
1074.4	0.35353
1074.6	0.35412
1074.8	0.35414
1075.0	0.35486
1075.2	0.35478
1075.4	0.35562
1075.6	0.35612
1075.8	0.35637
1076.0	0.35748
1076.2	0.35825
1076.4	0.3592
1076.6	0.35949
1076.8	0.36118
1077.0	0.36158
1077.2	0.36324
1077.4	0.36349
1077.6	0.36473
1077.8	0.36631
1078.0	0.36776
1078.2	0.36936
1078.4	0.36964
1078.6	0.3725
1078.8	0.37399
1079.0	0.37475
1079.2	0.37713
1079.4	0.37851
1079.6	0.38067
1079.8	0.38117
1080.0	0.38357
1080.2	0.38495
1080.4	0.38676
1080.6	0.3887
1080.8	0.38973
1081.0	0.3922
1081.2	0.39352
1081.4	0.39695
1081.6	0.39836
1081.8	0.40052
1082.0	0.40258
1082.2	0.40519
1082.4	0.40655
1082.6	0.40796
1082.8	0.41036
1083.0	0.41207
1083.2	0.41539
1083.4	0.41679
1083.6	0.41966
1083.8	0.42162
1084.0	0.42318
1084.2	0.42627
1084.4	0.42836
1084.6	0.43028
1084.8	0.43256
1085.0	0.43558
1085.2	0.43748
1085.4	0.43953
1085.6	0.44175
1085.8	0.444
1086.0	0.44657
1086.2	0.44869
1086.4	0.45114
1086.6	0.45334
1086.8	0.45483
1087.0	0.45807
1087.2	0.45922
1087.4	0.4618
1087.6	0.46402
1087.8	0.46602
1088.0	0.46851
1088.2	0.47038
1088.4	0.47231
1088.6	0.47528
1088.8	0.47534
1089.0	0.48021
1089.2	0.48164
1089.4	0.48295
1089.6	0.48497
1089.8	0.48689
1090.0	0.49058
1090.2	0.49382
1090.4	0.49567
1090.6	0.49855
1090.8	0.49844
1091.0	0.50108
1091.2	0.50341
1091.4	0.50552
1091.6	0.50717
1091.8	0.50944
1092.0	0.50971
1092.2	0.51408
1092.4	0.51512
1092.6	0.51689
1092.8	0.51802
1093.0	0.52082
1093.2	0.52271
1093.4	0.52297
1093.6	0.52592
1093.8	0.52749
1094.0	0.52825
1094.2	0.53082
1094.4	0.53305
1094.6	0.53545
1094.8	0.53686
1095.0	0.53877
1095.2	0.53971
1095.4	0.54204
1095.6	0.54426
1095.8	0.54554
1096.0	0.54722
1096.2	0.54937
1096.4	0.55139
1096.6	0.552
1096.8	0.55384
1097.0	0.55728
1097.2	0.55869
1097.4	0.55985
1097.6	0.56298
1097.8	0.56484
1098.0	0.56513
1098.2	0.56846
1098.4	0.56979
1098.6	0.57082
1098.8	0.57381
1099.0	0.57531
1099.2	0.57899
1099.4	0.57948
1099.6	0.58137
1099.8	0.58302
1100.0	0.58572
1100.2	0.588
1100.4	0.58998
1100.6	0.59109
1100.8	0.59455
1101.0	0.59667
1101.2	0.59877
1101.4	0.59969
1101.6	0.60324
1101.8	0.60336
1102.0	0.60698
1102.2	0.61125
1102.4	0.61291
1102.6	0.61506
1102.8	0.61703
1103.0	0.62024
1103.2	0.62167
1103.4	0.62496
1103.6	0.62571
1103.8	0.62894
1104.0	0.63182
1104.2	0.63432
1104.4	0.63696
1104.6	0.63958
1104.8	0.64126
1105.0	0.64495
1105.2	0.64724
1105.4	0.64713
1105.6	0.65258
1105.8	0.65695
1106.0	0.65673
1106.2	0.66134
1106.4	0.66256
1106.6	0.66473
1106.8	0.66613
1107.0	0.67138
1107.2	0.67393
1107.4	0.67864
1107.6	0.68124
1107.8	0.68253
1108.0	0.68478
1108.2	0.68863
1108.4	0.69036
1108.6	0.69347
1108.8	0.69595
1109.0	0.70018
1109.2	0.70241
1109.4	0.70676
1109.6	0.70676
1109.8	0.71044
1110.0	0.71462
1110.2	0.71524
1110.4	0.71847
1110.6	0.72158
1110.8	0.72534
1111.0	0.7262
1111.2	0.72856
1111.4	0.73411
1111.6	0.73536
1111.8	0.73846
1112.0	0.74092
1112.2	0.74369
1112.4	0.74772
1112.6	0.75076
1112.8	0.74981
1113.0	0.75407
1113.2	0.75947
1113.4	0.75888
1113.6	0.76277
1113.8	0.76501
1114.0	0.769
1114.2	0.77265
1114.4	0.77519
1114.6	0.7768
1114.8	0.779
1115.0	0.7807
1115.2	0.78392
1115.4	0.78544
1115.6	0.79121
1115.8	0.79246
1116.0	0.79422
1116.2	0.79447
1116.4	0.79637
1116.6	0.80033
1116.8	0.80469
1117.0	0.80635
1117.2	0.80942
1117.4	0.80809
1117.6	0.81516
1117.8	0.8147
1118.0	0.81714
1118.2	0.82124
1118.4	0.82099
1118.6	0.82462
1118.8	0.8239
1119.0	0.82649
1119.2	0.83086
1119.4	0.83304
1119.6	0.83399
1119.8	0.83424
1120.0	0.83808
1120.2	0.83748
1120.4	0.84239
1120.6	0.84143
1120.8	0.84393
1121.0	0.8476
1121.2	0.84935
1121.4	0.8511
1121.6	0.85285
1121.8	0.85461
1122.0	0.85637
1122.2	0.85793
1122.4	0.85949
1122.6	0.86106
1122.8	0.86263
1123.0	0.86419
1123.2	0.86518
1123.4	0.86618
1123.6	0.86718
1123.8	0.86817
1124.0	0.86916
1124.2	0.87005
1124.4	0.87094
1124.6	0.87183
1124.8	0.87272
1125.0	0.87361
1125.2	0.87449
1125.4	0.87537
1125.6	0.87626
1125.8	0.87715
1126.0	0.87802
1126.2	0.8785
1126.4	0.87897
1126.6	0.87945
1126.8	0.87992
1127.0	0.88039
1127.2	0.88072
1127.4	0.88105
1127.6	0.88138
1127.8	0.88171
1128.0	0.88203
1128.2	0.88201
1128.4	0.88198
1128.6	0.88196
1128.8	0.88193
1129.0	0.8819
1129.2	0.88156
1129.4	0.88123
1129.6	0.8809
1129.8	0.88056
1130.0	0.88023
1130.2	0.87979
1130.4	0.87935
1130.6	0.87891
1130.8	0.87848
1131.0	0.87804
1131.2	0.87743
1131.4	0.87683
1131.6	0.87622
1131.8	0.87562
1132.0	0.87499
1132.2	0.87384
1132.4	0.87268
1132.6	0.87152
1132.8	0.87037
1133.0	0.86921
1133.2	0.86794
1133.4	0.86668
1133.6	0.86541
1133.8	0.86415
1134.0	0.86289
1134.2	0.86156
1134.4	0.86022
1134.6	0.85889
1134.8	0.85757
1135.0	0.85625
1135.2	0.85507
1135.4	0.8539
1135.6	0.85273
1135.8	0.85156
1136.0	0.85039
1136.2	0.84796
1136.4	0.84555
1136.6	0.84314
1136.8	0.84073
1137.0	0.83835
1137.2	0.83625
1137.4	0.83416
1137.6	0.83207
1137.8	0.82999
1138.0	0.82793
1138.2	0.82624
1138.4	0.82455
1138.6	0.82286
1138.8	0.82118
1139.0	0.8195
1139.2	0.81768
1139.4	0.81587
1139.6	0.81405
1139.8	0.81225
1140.0	0.81043
1140.2	0.8082
1140.4	0.80599
1140.6	0.80378
1140.8	0.80157
1141.0	0.79938
1141.2	0.79775
1141.4	0.79613
1141.6	0.79451
1141.8	0.79289
1142.0	0.79127
1142.2	0.78939
1142.4	0.78752
1142.6	0.78565
1142.8	0.78378
1143.0	0.78194
1143.2	0.78073
1143.4	0.77952
1143.6	0.77831
1143.8	0.7771
1144.0	0.77588
1144.2	0.7738
1144.4	0.77173
1144.6	0.76966
1144.8	0.7676
1145.0	0.76555
1145.2	0.76352
1145.4	0.76151
1145.6	0.7595
1145.8	0.7575
1146.0	0.75551
1146.2	0.7544
1146.4	0.7533
1146.6	0.75219
1146.8	0.75109
1147.0	0.75
1147.2	0.74912
1147.4	0.74825
1147.6	0.74738
1147.8	0.7465
1148.0	0.74563
1148.2	0.74454
1148.4	0.74345
1148.6	0.74237
1148.8	0.74128
1149.0	0.74021
1149.2	0.73953
1149.4	0.73884
1149.6	0.73816
1149.8	0.73748
1150.0	0.73681
1150.2	0.73645
1150.4	0.7361
1150.6	0.73574
1150.8	0.73539
1151.0	0.73503
1151.2	0.73454
1151.4	0.73405
1151.6	0.73356
1151.8	0.73307
1152.0	0.73259
1152.2	0.73254
1152.4	0.73249
1152.6	0.73244
1152.8	0.73239
1153.0	0.73234
1153.2	0.73205
1153.4	0.73177
1153.6	0.73148
1153.8	0.73119
1154.0	0.73094
1154.2	0.73154
1154.4	0.73213
1154.6	0.73273
1154.8	0.73333
1155.0	0.73392
1155.2	0.73401
1155.4	0.73409
1155.6	0.73418
1155.8	0.73426
1156.0	0.73437
1156.2	0.73505
1156.4	0.73573
1156.6	0.73642
1156.8	0.73711
1157.0	0.73779
1157.2	0.73833
1157.4	0.73888
1157.6	0.73943
1157.8	0.73997
1158.0	0.74053
1158.2	0.74134
1158.4	0.74216
1158.6	0.74299
1158.8	0.74381
1159.0	0.74464
1159.2	0.74562
1159.4	0.7466
1159.6	0.74759
1159.8	0.74857
1160.0	0.74956
1160.2	0.75031
1160.4	0.75107
1160.6	0.75183
1160.8	0.75259
1161.0	0.75337
1161.2	0.75464
1161.4	0.75592
1161.6	0.7572
1161.8	0.75848
1162.0	0.75976
1162.2	0.76071
1162.4	0.76166
1162.6	0.76261
1162.8	0.76356
1163.0	0.76453
1163.2	0.76597
1163.4	0.76742
1163.6	0.76887
1163.8	0.77032
1164.0	0.77175
1164.2	0.77271
1164.4	0.77367
1164.6	0.77463
1164.8	0.77559
1165.0	0.77656
1165.2	0.77788
1165.4	0.7792
1165.6	0.78052
1165.8	0.78184
1166.0	0.78316
1166.2	0.78427
1166.4	0.78538
1166.6	0.78649
1166.8	0.7876
1167.0	0.78872
1167.2	0.78999
1167.4	0.79125
1167.6	0.79252
1167.8	0.7938
1168.0	0.79507
1168.2	0.79635
1168.4	0.79764
1168.6	0.79892
1168.8	0.80021
1169.0	0.80148
1169.2	0.8024
1169.4	0.80331
1169.6	0.80423
1169.8	0.80514
1170.0	0.80607
1170.2	0.80743
1170.4	0.80878
1170.6	0.81015
1170.8	0.81151
1171.0	0.81286
1171.2	0.81367
1171.4	0.81449
1171.6	0.81531
1171.8	0.81613
1172.0	0.81697
1172.2	0.81829
1172.4	0.81961
1172.6	0.82093
1172.8	0.82225
1173.0	0.82357
1173.2	0.82451
1173.4	0.82544
1173.6	0.82638
1173.8	0.82732
1174.0	0.82826
1174.2	0.8292
1174.4	0.83014
1174.6	0.83109
1174.8	0.83204
1175.0	0.833
1175.2	0.83425
1175.4	0.8355
1175.6	0.83676
1175.8	0.83802
1176.0	0.83927
1176.2	0.83971
1176.4	0.84016
1176.6	0.84062
1176.8	0.84107
1177.0	0.84154
1177.2	0.84263
1177.4	0.84372
1177.6	0.84482
1177.8	0.84591
1178.0	0.84699
1178.2	0.84761
1178.4	0.84822
1178.6	0.84884
1178.8	0.84945
1179.0	0.85007
1179.2	0.85042
1179.4	0.85077
1179.6	0.85112
1179.8	0.85147
1180.0	0.85184
1180.2	0.85257
1180.4	0.85331
1180.6	0.85405
1180.8	0.85479
1181.0	0.85551
1181.2	0.85578
1181.4	0.85606
1181.6	0.85634
1181.8	0.85661
1182.0	0.85688
1182.2	0.85673
1182.4	0.85658
1182.6	0.85643
1182.8	0.85627
1183.0	0.85613
1183.2	0.85628
1183.4	0.85644
1183.6	0.8566
1183.8	0.85676
1184.0	0.85691
1184.2	0.8567
1184.4	0.85649
1184.6	0.85627
1184.8	0.85606
1185.0	0.85584
1185.2	0.85514
1185.4	0.85444
1185.6	0.85374
1185.8	0.85305
1186.0	0.85235
1186.2	0.85154
1186.4	0.85074
1186.6	0.84994
1186.8	0.84914
1187.0	0.84835
1187.2	0.84768
1187.4	0.84701
1187.6	0.84635
1187.8	0.84568
1188.0	0.84501
1188.2	0.84363
1188.4	0.84225
1188.6	0.84087
1188.8	0.8395
1189.0	0.83812
1189.2	0.83643
1189.4	0.83475
1189.6	0.83307
1189.8	0.8314
1190.0	0.82973
1190.2	0.82829
1190.4	0.82685
1190.6	0.82541
1190.8	0.82397
1191.0	0.82253
1191.2	0.82085
1191.4	0.81918
1191.6	0.8175
1191.8	0.81584
1192.0	0.81415
1192.2	0.81199
1192.4	0.80983
1192.6	0.80767
1192.8	0.80552
1193.0	0.80338
1193.2	0.80111
1193.4	0.79885
1193.6	0.7966
1193.8	0.79435
1194.0	0.79211
1194.2	0.79004
1194.4	0.78798
1194.6	0.78592
1194.8	0.78387
1195.0	0.78182
1195.2	0.77984
1195.4	0.77787
1195.6	0.7759
1195.8	0.77393
1196.0	0.77197
1196.2	0.76999
1196.4	0.76801
1196.6	0.76604
1196.8	0.76408
1197.0	0.76211
1197.2	0.75991
1197.4	0.75772
1197.6	0.75553
1197.8	0.75335
1198.0	0.75118
1198.2	0.74897
1198.4	0.74677
1198.6	0.74458
1198.8	0.74239
1199.0	0.74022
1199.2	0.73839
1199.4	0.73656
1199.6	0.73474
1199.8	0.73292
1200.0	0.73111
