Typical Measured Spectrum of Semrock FF01-542/50 Optical Filter	
For wavelengths between 320 and 1120 nm, values near or below 3e-7 (Optical Density 6.5) are measurement noise limited.
For wavelengths < 320 nm and > 1120 nm, values near or below 3e-6 (Optical Density 5.5) are measurement noise limited. 
Data format:  Wavelength (nm) <tab> Transmission (0 to 1)
300.0	0.00109
300.2	0.00129
300.4	0.00152
300.6	0.00179
300.8	0.00211
301.0	0.00249
301.2	0.00294
301.4	0.00346
301.6	0.00409
301.8	0.00482
302.0	0.00456
302.2	0.00426
302.4	0.00397
302.6	0.0037
302.8	0.00345
303.0	0.00322
303.2	0.00301
303.4	0.00281
303.6	0.00262
303.8	0.00244
304.0	0.00255
304.2	0.00275
304.4	0.00298
304.6	0.00322
304.8	0.00348
305.0	0.00377
305.2	0.00408
305.4	0.00441
305.6	0.00477
305.8	0.00516
306.0	0.00549
306.2	0.00576
306.4	0.00605
306.6	0.00635
306.8	0.00667
307.0	0.00701
307.2	0.00736
307.4	0.00773
307.6	0.00812
307.8	0.00853
308.0	0.00898
308.2	0.00951
308.4	0.01007
308.6	0.01066
308.8	0.01129
309.0	0.01195
309.2	0.01266
309.4	0.0134
309.6	0.01419
309.8	0.01503
310.0	0.01578
310.2	0.01528
310.4	0.01479
310.6	0.01432
310.8	0.01386
311.0	0.01342
311.2	0.01299
311.4	0.01258
311.6	0.01218
311.8	0.01179
312.0	0.00902
312.2	0.00681
312.4	0.00514
312.6	0.00389
312.8	0.00293
313.0	0.00222
313.2	0.00167
313.4	0.00126
313.6	9.5525e-04
313.8	7.2151e-04
314.0	6.5143e-04
314.2	6.213e-04
314.4	5.9256e-04
314.6	5.6515e-04
314.8	5.3901e-04
315.0	5.1408e-04
315.2	4.903e-04
315.4	4.6762e-04
315.6	4.4599e-04
315.8	4.2536e-04
316.0	4.5005e-04
316.2	5.1335e-04
316.4	5.8556e-04
316.6	6.6792e-04
316.8	7.6187e-04
317.0	8.6903e-04
317.2	9.9126e-04
317.4	0.00113
317.6	0.00129
317.8	0.00147
318.0	0.0016
318.2	0.00161
318.4	0.00163
318.6	0.00164
318.8	0.00166
319.0	0.00167
319.2	0.00169
319.4	0.0017
319.6	0.00172
319.8	0.00173
320.0	0.00173
320.2	0.00162
320.4	0.00152
320.6	0.00142
320.8	0.00133
321.0	0.00124
321.2	0.00116
321.4	0.00108
321.6	0.00101
321.8	9.4746e-04
322.0	9.3574e-04
322.2	9.2888e-04
322.4	9.2207e-04
322.6	9.1531e-04
322.8	9.086e-04
323.0	9.0194e-04
323.2	8.9533e-04
323.4	8.8876e-04
323.6	8.8225e-04
323.8	8.7578e-04
324.0	8.6658e-04
324.2	8.5649e-04
324.4	8.4652e-04
324.6	8.3667e-04
324.8	8.2693e-04
325.0	8.173e-04
325.2	8.0779e-04
325.4	7.9838e-04
325.6	7.8909e-04
325.8	7.799e-04
326.0	8.2135e-04
326.2	9.1017e-04
326.4	0.00101
326.6	0.00112
326.8	0.00124
327.0	0.00137
327.2	0.00152
327.4	0.00169
327.6	0.00187
327.8	0.00207
328.0	0.00221
328.2	0.00221
328.4	0.00221
328.6	0.00221
328.8	0.00222
329.0	0.00222
329.2	0.00222
329.4	0.00223
329.6	0.00223
329.8	0.00223
330.0	0.00224
330.2	0.00226
330.4	0.00229
330.6	0.00231
330.8	0.00234
331.0	0.00236
331.2	0.00239
331.4	0.00241
331.6	0.00244
331.8	0.00246
332.0	0.00233
332.2	0.00219
332.4	0.00206
332.6	0.00193
332.8	0.00182
333.0	0.00171
333.2	0.00161
333.4	0.00151
333.6	0.00142
333.8	0.00133
334.0	0.00129
334.2	0.00126
334.4	0.00123
334.6	0.0012
334.8	0.00117
335.0	0.00115
335.2	0.00112
335.4	0.00109
335.6	0.00107
335.8	0.00104
336.0	0.0011
336.2	0.00122
336.4	0.00136
336.6	0.00151
336.8	0.00167
337.0	0.00186
337.2	0.00206
337.4	0.00229
337.6	0.00255
337.8	0.00283
338.0	0.00295
338.2	0.0028
338.4	0.00265
338.6	0.00252
338.8	0.00239
339.0	0.00227
339.2	0.00215
339.4	0.00204
339.6	0.00194
339.8	0.00184
340.0	0.00176
340.2	0.00182
340.4	0.00187
340.6	0.00193
340.8	0.00199
341.0	0.00206
341.2	0.00212
341.4	0.00219
341.6	0.00225
341.8	0.00232
342.0	0.00236
342.2	0.0024
342.4	0.00243
342.6	0.00247
342.8	0.00251
343.0	0.00255
343.2	0.00258
343.4	0.00262
343.6	0.00266
343.8	0.0027
344.0	0.00274
344.2	0.00277
344.4	0.0028
344.6	0.00283
344.8	0.00286
345.0	0.00289
345.2	0.00292
345.4	0.00295
345.6	0.00298
345.8	0.00301
346.0	0.00303
346.2	0.00304
346.4	0.00305
346.6	0.00306
346.8	0.00307
347.0	0.00307
347.2	0.00308
347.4	0.00309
347.6	0.0031
347.8	0.0031
348.0	0.00301
348.2	0.00277
348.4	0.00254
348.6	0.00234
348.8	0.00215
349.0	0.00198
349.2	0.00182
349.4	0.00167
349.6	0.00154
349.8	0.00141
350.0	0.00131
350.2	0.00129
350.4	0.00126
350.6	0.00124
350.8	0.00122
351.0	0.0012
351.2	0.00118
351.4	0.00116
351.6	0.00113
351.8	0.00111
352.0	0.00113
352.2	0.00115
352.4	0.00117
352.6	0.00119
352.8	0.00121
353.0	0.00124
353.2	0.00126
353.4	0.00128
353.6	0.0013
353.8	0.00133
354.0	0.0013
354.2	0.00126
354.4	0.00121
354.6	0.00117
354.8	0.00114
355.0	0.0011
355.2	0.00106
355.4	0.00103
355.6	9.9328e-04
355.8	9.6051e-04
356.0	9.088e-04
356.2	8.4668e-04
356.4	7.8881e-04
356.6	7.349e-04
356.8	6.8467e-04
357.0	6.3787e-04
357.2	5.9427e-04
357.4	5.5365e-04
357.6	5.1581e-04
357.8	4.8055e-04
358.0	4.6787e-04
358.2	4.8351e-04
358.4	4.9967e-04
358.6	5.1637e-04
358.8	5.3363e-04
359.0	5.5146e-04
359.2	5.6989e-04
359.4	5.8894e-04
359.6	6.0862e-04
359.8	6.2897e-04
360.0	6.5733e-04
360.2	7.3829e-04
360.4	8.2921e-04
360.6	9.3133e-04
360.8	0.00105
361.0	0.00117
361.2	0.00132
361.4	0.00148
361.6	0.00166
361.8	0.00187
362.0	0.00185
362.2	0.0018
362.4	0.00176
362.6	0.00171
362.8	0.00167
363.0	0.00163
363.2	0.00159
363.4	0.00155
363.6	0.00151
363.8	0.00147
364.0	0.00134
364.2	0.0012
364.4	0.00107
364.6	9.5325e-04
364.8	8.5007e-04
365.0	7.5806e-04
365.2	6.76e-04
365.4	6.0283e-04
365.6	5.3758e-04
365.8	4.7939e-04
366.0	4.7007e-04
366.2	4.9304e-04
366.4	5.1713e-04
366.6	5.4239e-04
366.8	5.6889e-04
367.0	5.9669e-04
367.2	6.2584e-04
367.4	6.5642e-04
367.6	6.8849e-04
367.8	7.2213e-04
368.0	7.6457e-04
368.2	8.1966e-04
368.4	8.7872e-04
368.6	9.4204e-04
368.8	0.00101
369.0	0.00108
369.2	0.00116
369.4	0.00124
369.6	0.00133
369.8	0.00143
370.0	0.00153
370.2	0.00159
370.4	0.00166
370.6	0.00174
370.8	0.00181
371.0	0.00189
371.2	0.00197
371.4	0.00206
371.6	0.00215
371.8	0.00224
372.0	0.00211
372.2	0.00196
372.4	0.00182
372.6	0.0017
372.8	0.00158
373.0	0.00147
373.2	0.00136
373.4	0.00127
373.6	0.00118
373.8	0.0011
374.0	0.00104
374.2	9.8499e-04
374.4	9.3487e-04
374.6	8.8729e-04
374.8	8.4214e-04
375.0	7.9928e-04
375.2	7.5861e-04
375.4	7.2e-04
375.6	6.8336e-04
375.8	6.4859e-04
376.0	6.315e-04
376.2	6.2519e-04
376.4	6.1896e-04
376.6	6.1278e-04
376.8	6.0666e-04
377.0	6.0061e-04
377.2	5.9461e-04
377.4	5.8868e-04
377.6	5.828e-04
377.8	5.7699e-04
378.0	5.8798e-04
378.2	6.2029e-04
378.4	6.5437e-04
378.6	6.9033e-04
378.8	7.2826e-04
379.0	7.6828e-04
379.2	8.1049e-04
379.4	8.5503e-04
379.6	9.0201e-04
379.8	9.5157e-04
380.0	0.00102
380.2	0.00115
380.4	0.00131
380.6	0.00148
380.8	0.00168
381.0	0.00191
381.2	0.00216
381.4	0.00246
381.6	0.00279
381.8	0.00316
382.0	0.00311
382.2	0.00301
382.4	0.00291
382.6	0.00281
382.8	0.00271
383.0	0.00262
383.2	0.00253
383.4	0.00245
383.6	0.00236
383.8	0.00228
384.0	0.00209
384.2	0.00188
384.4	0.00168
384.6	0.00151
384.8	0.00136
385.0	0.00122
385.2	0.00109
385.4	9.8208e-04
385.6	8.8163e-04
385.8	7.9146e-04
386.0	7.3936e-04
386.2	7.1049e-04
386.4	6.8274e-04
386.6	6.5607e-04
386.8	6.3045e-04
387.0	6.0583e-04
387.2	5.8217e-04
387.4	5.5943e-04
387.6	5.3758e-04
387.8	5.1659e-04
388.0	5.1104e-04
388.2	5.246e-04
388.4	5.3852e-04
388.6	5.5281e-04
388.8	5.6747e-04
389.0	5.8253e-04
389.2	5.9798e-04
389.4	6.1385e-04
389.6	6.3013e-04
389.8	6.4685e-04
390.0	6.7096e-04
390.2	7.3829e-04
390.4	8.1237e-04
390.6	8.9388e-04
390.8	9.8357e-04
391.0	0.00108
391.2	0.00119
391.4	0.00131
391.6	0.00144
391.8	0.00159
392.0	0.00155
392.2	0.00149
392.4	0.00143
392.6	0.00137
392.8	0.00132
393.0	0.00127
393.2	0.00122
393.4	0.00117
393.6	0.00112
393.8	0.00108
394.0	9.8706e-04
394.2	8.8778e-04
394.4	7.9848e-04
394.6	7.1816e-04
394.8	6.4592e-04
395.0	5.8095e-04
395.2	5.2251e-04
395.4	4.6995e-04
395.6	4.2268e-04
395.8	3.8016e-04
396.0	3.6317e-04
396.2	3.6117e-04
396.4	3.5918e-04
396.6	3.572e-04
396.8	3.5523e-04
397.0	3.5327e-04
397.2	3.5132e-04
397.4	3.4939e-04
397.6	3.4746e-04
397.8	3.4554e-04
398.0	3.6593e-04
398.2	4.1659e-04
398.4	4.7426e-04
398.6	5.3991e-04
398.8	6.1465e-04
399.0	6.9974e-04
399.2	7.966e-04
399.4	9.0687e-04
399.6	0.00103
399.8	0.00118
400.0	0.00129
400.2	0.0012
400.4	0.00111
400.6	0.00103
400.8	9.5383e-04
401.0	8.8391e-04
401.2	8.1911e-04
401.4	7.5907e-04
401.6	7.0343e-04
401.8	6.5186e-04
402.0	5.5881e-04
402.2	4.7398e-04
402.4	4.0203e-04
402.6	3.41e-04
402.8	2.8924e-04
403.0	2.4533e-04
403.2	2.0809e-04
403.4	1.765e-04
403.6	1.4971e-04
403.8	1.2698e-04
404.0	1.3406e-04
404.2	1.5254e-04
404.4	1.7358e-04
404.6	1.9751e-04
404.8	2.2474e-04
405.0	2.5572e-04
405.2	2.9098e-04
405.4	3.311e-04
405.6	3.7675e-04
405.8	4.287e-04
406.0	4.2318e-04
406.2	3.8146e-04
406.4	3.4384e-04
406.6	3.0994e-04
406.8	2.7938e-04
407.0	2.5183e-04
407.2	2.27e-04
407.4	2.0462e-04
407.6	1.8445e-04
407.8	1.6626e-04
408.0	1.3421e-04
408.2	9.6138e-05
408.4	6.8865e-05
408.6	4.9329e-05
408.8	3.5335e-05
409.0	2.5311e-05
409.2	1.813e-05
409.4	1.2987e-05
409.6	9.3028e-06
409.8	6.6637e-06
410.0	4.9481e-06
410.2	4.3532e-06
410.4	3.8298e-06
410.6	3.3694e-06
410.8	2.9643e-06
411.0	2.6079e-06
411.2	2.2943e-06
411.4	2.0185e-06
411.6	1.7758e-06
411.8	1.5623e-06
412.0	1.3813e-06
412.2	1.2225e-06
412.4	1.0819e-06
412.6	9.5754e-07
412.8	8.4745e-07
413.0	7.5001e-07
413.2	6.6378e-07
413.4	5.8746e-07
413.6	5.1992e-07
413.8	4.6014e-07
414.0	4.2424e-07
414.2	3.9789e-07
414.4	3.7317e-07
414.6	3.4999e-07
414.8	3.2825e-07
415.0	3.0786e-07
415.2	2.8873e-07
415.4	2.708e-07
415.6	2.5398e-07
415.8	2.382e-07
416.0	2.2698e-07
416.2	2.1885e-07
416.4	2.1101e-07
416.6	2.0345e-07
416.8	1.9616e-07
417.0	1.8913e-07
417.2	1.8236e-07
417.4	1.7582e-07
417.6	1.6953e-07
417.8	1.6345e-07
418.0	1.5873e-07
418.2	1.5549e-07
418.4	1.5232e-07
418.6	1.4921e-07
418.8	1.4617e-07
419.0	1.4319e-07
419.2	1.4027e-07
419.4	1.3741e-07
419.6	1.3461e-07
419.8	1.3187e-07
420.0	1.2472e-07
420.2	9.8743e-08
420.4	7.8178e-08
420.6	6.1895e-08
420.8	4.9004e-08
421.0	3.8798e-08
421.2	3.0717e-08
421.4	2.432e-08
421.6	1.9255e-08
421.8	1.5244e-08
422.0	1.5584e-08
422.2	1.6608e-08
422.4	1.77e-08
422.6	1.8863e-08
422.8	2.0103e-08
423.0	2.1424e-08
423.2	2.2832e-08
423.4	2.4332e-08
423.6	2.5932e-08
423.8	2.7636e-08
424.0	2.9452e-08
424.2	3.1388e-08
424.4	3.3451e-08
424.6	3.0679e-08
424.8	2.7512e-08
425.0	2.4673e-08
425.2	2.2126e-08
425.4	1.9843e-08
425.6	1.7795e-08
425.8	1.5958e-08
426.0	1.4311e-08
426.2	1.2834e-08
426.4	1.1799e-08
426.6	1.1762e-08
426.8	1.1724e-08
427.0	1.1687e-08
427.2	1.165e-08
427.4	1.1613e-08
427.6	1.1576e-08
427.8	1.1539e-08
428.0	1.1502e-08
428.2	1.1465e-08
428.4	1.1618e-08
428.6	1.3353e-08
428.8	1.5348e-08
429.0	1.7641e-08
429.2	2.0276e-08
429.4	2.3305e-08
429.6	2.6787e-08
429.8	3.0788e-08
430.0	3.5388e-08
430.2	4.0675e-08
430.4	4.6751e-08
430.6	4.1324e-08
430.8	3.6478e-08
431.0	3.2201e-08
431.2	2.8425e-08
431.4	2.5092e-08
431.6	2.215e-08
431.8	1.9553e-08
432.0	1.726e-08
432.2	1.5236e-08
432.4	1.345e-08
432.6	1.1873e-08
432.8	1.0481e-08
433.0	9.8466e-09
433.2	9.8459e-09
433.4	9.8453e-09
433.6	9.8446e-09
433.8	9.8439e-09
434.0	9.8433e-09
434.2	9.8426e-09
434.4	9.8419e-09
434.6	9.8412e-09
434.8	9.8406e-09
435.0	2.8069e-08
435.2	2.5127e-08
435.4	2.2492e-08
435.6	2.0134e-08
435.8	1.8023e-08
436.0	1.6134e-08
436.2	1.4442e-08
436.4	1.2928e-08
436.6	1.1573e-08
436.8	1.036e-08
437.0	9.3074e-09
437.2	1.1999e-08
437.4	1.5469e-08
437.6	1.9943e-08
437.8	2.5711e-08
438.0	3.3147e-08
438.2	4.2733e-08
438.4	5.5092e-08
438.6	7.1025e-08
438.8	9.1566e-08
439.0	1.1805e-07
439.2	1.0688e-07
439.4	9.263e-08
439.6	8.0281e-08
439.8	6.9578e-08
440.0	6.0302e-08
440.2	5.2263e-08
440.4	4.5296e-08
440.6	3.9257e-08
440.8	3.4023e-08
441.0	2.9488e-08
441.2	3.2306e-08
441.4	3.796e-08
441.6	4.4603e-08
441.8	5.241e-08
442.0	6.1583e-08
442.2	7.236e-08
442.4	8.5025e-08
442.6	9.9906e-08
442.8	1.1739e-07
443.0	1.3794e-07
443.2	1.3665e-07
443.4	1.2349e-07
443.6	1.116e-07
443.8	1.0086e-07
444.0	9.1146e-08
444.2	8.237e-08
444.4	7.4438e-08
444.6	6.7271e-08
444.8	6.0794e-08
445.0	5.494e-08
445.2	4.5073e-08
445.4	3.6978e-08
445.6	3.0337e-08
445.8	2.4889e-08
446.0	2.0419e-08
446.2	1.6752e-08
446.4	1.3744e-08
446.6	1.1275e-08
446.8	9.2504e-09
447.0	7.5891e-09
447.2	7.5404e-09
447.4	7.5443e-09
447.6	7.5483e-09
447.8	7.5522e-09
448.0	7.5561e-09
448.2	7.56e-09
448.4	7.5639e-09
448.6	7.5678e-09
448.8	7.5718e-09
449.0	7.5757e-09
449.2	7.5822e-09
449.4	7.5891e-09
449.6	7.5961e-09
449.8	7.6031e-09
450.0	7.61e-09
450.2	7.617e-09
450.4	7.624e-09
450.6	7.631e-09
450.8	7.638e-09
451.0	7.645e-09
451.2	7.6016e-09
451.4	7.5403e-09
451.6	7.4796e-09
451.8	7.4194e-09
452.0	7.3596e-09
452.2	7.3003e-09
452.4	7.2415e-09
452.6	7.1832e-09
452.8	7.1253e-09
453.0	7.0679e-09
453.2	7.0415e-09
453.4	7.0333e-09
453.6	7.0252e-09
453.8	7.0171e-09
454.0	7.009e-09
454.2	7.001e-09
454.4	6.9929e-09
454.6	6.9848e-09
454.8	6.9768e-09
455.0	6.9687e-09
455.2	6.9855e-09
455.4	7.0022e-09
455.6	7.019e-09
455.8	7.0359e-09
456.0	7.0528e-09
456.2	7.0697e-09
456.4	7.0867e-09
456.6	7.1037e-09
456.8	7.1207e-09
457.0	7.1378e-09
457.2	7.1675e-09
457.4	7.1973e-09
457.6	7.2272e-09
457.8	7.2572e-09
458.0	7.2874e-09
458.2	7.3177e-09
458.4	7.3481e-09
458.6	7.3787e-09
458.8	7.4094e-09
459.0	7.4402e-09
459.2	9.125e-09
459.4	1.1486e-08
459.6	1.4458e-08
459.8	1.8198e-08
460.0	2.2906e-08
460.2	2.8833e-08
460.4	3.6293e-08
460.6	4.5683e-08
460.8	5.7502e-08
461.0	7.2379e-08
461.2	7.4771e-08
461.4	7.2935e-08
461.6	7.1144e-08
461.8	6.9398e-08
462.0	6.7694e-08
462.2	6.6032e-08
462.4	6.4411e-08
462.6	6.2829e-08
462.8	6.1287e-08
463.0	5.9782e-08
463.2	5.1709e-08
463.4	4.2155e-08
463.6	3.4367e-08
463.8	2.8017e-08
464.0	2.284e-08
464.2	1.862e-08
464.4	1.518e-08
464.6	1.2375e-08
464.8	1.0089e-08
465.0	8.2248e-09
465.2	1.0602e-08
465.4	1.3665e-08
465.6	1.7615e-08
465.8	2.2705e-08
466.0	2.9267e-08
466.2	3.7724e-08
466.4	4.8626e-08
466.6	6.2679e-08
466.8	8.0792e-08
467.0	1.0414e-07
467.2	9.3436e-08
467.4	8.3214e-08
467.6	7.4111e-08
467.8	6.6003e-08
468.0	5.8782e-08
468.2	5.2352e-08
468.4	4.6624e-08
468.6	4.1524e-08
468.8	3.6981e-08
469.0	3.2935e-08
469.2	3.614e-08
469.4	4.0856e-08
469.6	4.6187e-08
469.8	5.2214e-08
470.0	5.9028e-08
470.2	6.6731e-08
470.4	7.5439e-08
470.6	8.5284e-08
470.8	9.6413e-08
471.0	1.0899e-07
471.2	1.1389e-07
471.4	1.1632e-07
471.6	1.188e-07
471.8	1.2133e-07
472.0	1.2392e-07
472.2	1.2656e-07
472.4	1.2926e-07
472.6	1.3202e-07
472.8	1.3483e-07
473.0	1.377e-07
473.2	1.4692e-07
473.4	1.6009e-07
473.6	1.7443e-07
473.8	1.9006e-07
474.0	2.0709e-07
474.2	2.2565e-07
474.4	2.4587e-07
474.6	2.679e-07
474.8	2.9191e-07
475.0	3.1806e-07
475.2	3.4738e-07
475.4	3.7939e-07
475.6	4.1435e-07
475.8	4.5254e-07
476.0	4.9425e-07
476.2	5.398e-07
476.4	5.8954e-07
476.6	6.4388e-07
476.8	7.0322e-07
477.0	7.6802e-07
477.2	7.974e-07
477.4	8.2592e-07
477.6	8.5547e-07
477.8	8.8607e-07
478.0	9.1777e-07
478.2	9.506e-07
478.4	9.846e-07
478.6	1.0198e-06
478.8	1.0563e-06
479.0	1.0941e-06
479.2	1.126e-06
479.4	1.1576e-06
479.6	1.1901e-06
479.8	1.2234e-06
480.0	1.2578e-06
480.2	1.293e-06
480.4	1.3293e-06
480.6	1.3666e-06
480.8	1.4049e-06
481.0	1.4443e-06
481.2	1.4589e-06
481.4	1.4655e-06
481.6	1.4721e-06
481.8	1.4788e-06
482.0	1.4855e-06
482.2	1.4922e-06
482.4	1.4989e-06
482.6	1.5056e-06
482.8	1.5124e-06
483.0	1.5193e-06
483.2	1.5046e-06
483.4	1.4795e-06
483.6	1.4548e-06
483.8	1.4305e-06
484.0	1.4066e-06
484.2	1.3831e-06
484.4	1.36e-06
484.6	1.3373e-06
484.8	1.315e-06
485.0	1.293e-06
485.2	1.2737e-06
485.4	1.256e-06
485.6	1.244e-06
485.8	1.2712e-06
486.0	1.299e-06
486.2	1.2915e-06
486.4	1.2608e-06
486.6	1.2618e-06
486.8	1.2893e-06
487.0	1.319e-06
487.2	1.4298e-06
487.4	1.5499e-06
487.6	1.5978e-06
487.8	1.5649e-06
488.0	1.5644e-06
488.2	1.6035e-06
488.4	1.6437e-06
488.6	1.6689e-06
488.8	1.6933e-06
489.0	1.7211e-06
489.2	1.754e-06
489.4	1.815e-06
489.6	1.9319e-06
489.8	2.0563e-06
490.0	2.0729e-06
490.2	2.0664e-06
490.4	2.0601e-06
490.6	2.0538e-06
490.8	2.0698e-06
491.0	2.1723e-06
491.2	2.2799e-06
491.4	2.3651e-06
491.6	2.4407e-06
491.8	2.5364e-06
492.0	2.7313e-06
492.2	2.9222e-06
492.4	2.975e-06
492.6	3.0287e-06
492.8	3.121e-06
493.0	3.2426e-06
493.2	3.383e-06
493.4	3.7282e-06
493.6	4.1034e-06
493.8	4.2387e-06
494.0	4.3785e-06
494.2	4.5734e-06
494.4	4.8302e-06
494.6	5.1014e-06
494.8	5.4615e-06
495.0	5.8491e-06
495.2	6.2778e-06
495.4	6.739e-06
495.6	7.2449e-06
495.8	7.8062e-06
496.0	8.4111e-06
496.2	8.8983e-06
496.4	9.3902e-06
496.6	1.0137e-05
496.8	1.0994e-05
497.0	1.1857e-05
497.2	1.2626e-05
497.4	1.3444e-05
497.6	1.4401e-05
497.8	1.5451e-05
498.0	1.6675e-05
498.2	1.8035e-05
498.4	1.9482e-05
498.6	2.095e-05
498.8	2.2529e-05
499.0	2.4571e-05
499.2	2.6968e-05
499.4	2.9461e-05
499.6	3.2099e-05
499.8	3.4963e-05
500.0	3.8001e-05
500.2	4.1302e-05
500.4	4.4843e-05
500.6	4.8652e-05
500.8	5.2924e-05
501.0	5.7701e-05
501.2	6.2921e-05
501.4	6.9266e-05
501.6	7.6252e-05
501.8	8.3682e-05
502.0	9.1551e-05
502.2	1.0043e-04
502.4	1.1112e-04
502.6	1.2292e-04
502.8	1.3576e-04
503.0	1.5e-04
503.2	1.674e-04
503.4	1.8682e-04
503.6	2.0801e-04
503.8	2.3179e-04
504.0	2.5852e-04
504.2	2.8905e-04
504.4	3.2458e-04
504.6	3.6591e-04
504.8	4.1384e-04
505.0	4.681e-04
505.2	5.2875e-04
505.4	5.9881e-04
505.6	6.7792e-04
505.8	7.7595e-04
506.0	8.8243e-04
506.2	0.001
506.4	0.00113
506.6	0.0013
506.8	0.00149
507.0	0.00172
507.2	0.00197
507.4	0.00228
507.6	0.00265
507.8	0.00315
508.0	0.00364
508.2	0.00425
508.4	0.00498
508.6	0.00587
508.8	0.0069
509.0	0.00816
509.2	0.00965
509.4	0.01148
509.6	0.01367
509.8	0.0163
510.0	0.01954
510.2	0.02348
510.4	0.02834
510.6	0.0334
510.8	0.04051
511.0	0.0494
511.2	0.06035
511.4	0.07402
511.6	0.09095
511.8	0.11192
512.0	0.13507
512.2	0.16579
512.4	0.20359
512.6	0.24881
512.8	0.30224
513.0	0.36385
513.2	0.4328
513.4	0.51117
513.6	0.58979
513.8	0.66656
514.0	0.73913
514.2	0.80281
514.4	0.85731
514.6	0.90156
514.8	0.93428
515.0	0.95832
515.2	0.97478
515.4	0.98621
515.6	0.99307
515.8	0.99578
516.0	0.99786
516.2	0.99778
516.4	0.99727
516.6	0.99662
516.8	0.99621
517.0	0.99391
517.2	0.99306
517.4	0.99219
517.6	0.99107
517.8	0.98948
518.0	0.9888
518.2	0.98725
518.4	0.98543
518.6	0.98401
518.8	0.98296
519.0	0.98098
519.2	0.97971
519.4	0.97811
519.6	0.97695
519.8	0.97647
520.0	0.97499
520.2	0.97418
520.4	0.97321
520.6	0.97309
520.8	0.97325
521.0	0.97329
521.2	0.97374
521.4	0.97465
521.6	0.97551
521.8	0.97696
522.0	0.97841
522.2	0.97974
522.4	0.98196
522.6	0.98309
522.8	0.98542
523.0	0.98733
523.2	0.98926
523.4	0.99107
523.6	0.99275
523.8	0.9944
524.0	0.99577
524.2	0.99744
524.4	0.99827
524.6	0.99861
524.8	0.99939
525.0	0.9995
525.2	0.99965
525.4	0.9996
525.6	0.99943
525.8	0.9985
526.0	0.99811
526.2	0.99722
526.4	0.99675
526.6	0.99546
526.8	0.99436
527.0	0.99311
527.2	0.99199
527.4	0.99097
527.6	0.98994
527.8	0.98883
528.0	0.98765
528.2	0.98674
528.4	0.98576
528.6	0.98481
528.8	0.98431
529.0	0.9839
529.2	0.98299
529.4	0.98224
529.6	0.9821
529.8	0.98195
530.0	0.98136
530.2	0.98182
530.4	0.98188
530.6	0.98193
530.8	0.98237
531.0	0.98264
531.2	0.98301
531.4	0.98364
531.6	0.98443
531.8	0.98544
532.0	0.98559
532.2	0.9868
532.4	0.98738
532.6	0.98876
532.8	0.98968
533.0	0.99045
533.2	0.99205
533.4	0.99259
533.6	0.99391
533.8	0.99497
534.0	0.99591
534.2	0.99615
534.4	0.99696
534.6	0.99826
534.8	0.99854
535.0	0.99902
535.2	0.99863
535.4	0.99856
535.6	0.99907
535.8	0.9978
536.0	0.99748
536.2	0.9967
536.4	0.99606
536.6	0.99476
536.8	0.99302
537.0	0.99153
537.2	0.98986
537.4	0.98783
537.6	0.98541
537.8	0.9834
538.0	0.9807
538.2	0.978
538.4	0.9755
538.6	0.97306
538.8	0.97098
539.0	0.9683
539.2	0.96559
539.4	0.96347
539.6	0.96161
539.8	0.95912
540.0	0.95705
540.2	0.95562
540.4	0.95436
540.6	0.95295
540.8	0.95192
541.0	0.9511
541.2	0.95067
541.4	0.95121
541.6	0.95124
541.8	0.95204
542.0	0.95308
542.2	0.95376
542.4	0.95575
542.6	0.95705
542.8	0.95931
543.0	0.96096
543.2	0.96305
543.4	0.96551
543.6	0.96825
543.8	0.97049
544.0	0.97327
544.2	0.97556
544.4	0.97783
544.6	0.98043
544.8	0.98269
545.0	0.98476
545.2	0.98668
545.4	0.9886
545.6	0.99008
545.8	0.99102
546.0	0.99201
546.2	0.99253
546.4	0.99287
546.6	0.99299
546.8	0.99253
547.0	0.99212
547.2	0.99201
547.4	0.99142
547.6	0.99037
547.8	0.98897
548.0	0.98809
548.2	0.98681
548.4	0.98561
548.6	0.98408
548.8	0.98314
549.0	0.98166
549.2	0.98056
549.4	0.97931
549.6	0.97922
549.8	0.97866
550.0	0.97785
550.2	0.97735
550.4	0.97758
550.6	0.97755
550.8	0.97778
551.0	0.9779
551.2	0.97883
551.4	0.97921
551.6	0.98014
551.8	0.98109
552.0	0.98149
552.2	0.98285
552.4	0.98422
552.6	0.98524
552.8	0.98654
553.0	0.98793
553.2	0.98838
553.4	0.98987
553.6	0.99083
553.8	0.99188
554.0	0.99215
554.2	0.99265
554.4	0.99309
554.6	0.99342
554.8	0.99343
555.0	0.99368
555.2	0.99315
555.4	0.99341
555.6	0.99301
555.8	0.99309
556.0	0.99265
556.2	0.99213
556.4	0.99177
556.6	0.99116
556.8	0.99068
557.0	0.99026
557.2	0.98866
557.4	0.98829
557.6	0.98814
557.8	0.98721
558.0	0.98605
558.2	0.98487
558.4	0.98399
558.6	0.98256
558.8	0.98135
559.0	0.9803
559.2	0.97922
559.4	0.97732
559.6	0.97608
559.8	0.97444
560.0	0.97179
560.2	0.97015
560.4	0.96854
560.6	0.96657
560.8	0.96477
561.0	0.9632
561.2	0.96151
561.4	0.95981
561.6	0.9578
561.8	0.95769
562.0	0.95655
562.2	0.95634
562.4	0.95621
562.6	0.95638
562.8	0.95679
563.0	0.95804
563.2	0.96003
563.4	0.96218
563.6	0.96443
563.8	0.96715
564.0	0.97052
564.2	0.97376
564.4	0.97686
564.6	0.98066
564.8	0.98425
565.0	0.98758
565.2	0.98967
565.4	0.99219
565.6	0.99342
565.8	0.99414
566.0	0.99379
566.2	0.99225
566.4	0.98988
566.6	0.98658
566.8	0.98276
567.0	0.97891
567.2	0.97411
567.4	0.96981
567.6	0.96553
567.8	0.96112
568.0	0.95991
568.2	0.95876
568.4	0.9589
568.6	0.96091
568.8	0.96535
569.0	0.97031
569.2	0.97667
569.4	0.98171
569.6	0.98353
569.8	0.97857
570.0	0.96416
570.2	0.93317
570.4	0.88603
570.6	0.81752
570.8	0.7323
571.0	0.63683
571.2	0.53277
571.4	0.43615
571.6	0.35198
571.8	0.28032
572.0	0.22194
572.2	0.17515
572.4	0.13818
572.6	0.10829
572.8	0.08446
573.0	0.06721
573.2	0.05378
573.4	0.04325
573.6	0.03508
573.8	0.02851
574.0	0.02389
574.2	0.02025
574.4	0.01672
574.6	0.01387
574.8	0.01159
575.0	0.0097
575.2	0.00817
575.4	0.00701
575.6	0.00621
575.8	0.00529
576.0	0.00453
576.2	0.00388
576.4	0.00334
576.6	0.00288
576.8	0.00248
577.0	0.00204
577.2	0.00179
577.4	0.00156
577.6	0.00137
577.8	0.0012
578.0	0.00106
578.2	9.3381e-04
578.4	8.176e-04
578.6	7.2738e-04
578.8	6.4444e-04
579.0	5.7597e-04
579.2	5.1519e-04
579.4	4.6033e-04
579.6	4.1153e-04
579.8	3.6757e-04
580.0	3.3324e-04
580.2	3.0122e-04
580.4	2.7234e-04
580.6	2.4564e-04
580.8	2.2312e-04
581.0	2.0322e-04
581.2	1.9145e-04
581.4	1.7437e-04
581.6	1.5944e-04
581.8	1.4586e-04
582.0	1.3332e-04
582.2	1.2299e-04
582.4	1.1283e-04
582.6	1.0359e-04
582.8	9.5891e-05
583.0	8.8711e-05
583.2	8.154e-05
583.4	7.5575e-05
583.6	6.9772e-05
583.8	6.4522e-05
584.0	5.9592e-05
584.2	5.5622e-05
584.4	5.1964e-05
584.6	4.8447e-05
584.8	4.5307e-05
585.0	4.1859e-05
585.2	3.9254e-05
585.4	3.6868e-05
585.6	3.4489e-05
585.8	3.2595e-05
586.0	3.0541e-05
586.2	2.9125e-05
586.4	2.7398e-05
586.6	2.5547e-05
586.8	2.4229e-05
587.0	2.2765e-05
587.2	2.1412e-05
587.4	2.0389e-05
587.6	1.9412e-05
587.8	1.8609e-05
588.0	1.7602e-05
588.2	1.6573e-05
588.4	1.5943e-05
588.6	1.5439e-05
588.8	1.486e-05
589.0	1.4069e-05
589.2	1.324e-05
589.4	1.2589e-05
589.6	1.2098e-05
589.8	1.1558e-05
590.0	1.1076e-05
590.2	1.0693e-05
590.4	1.005e-05
590.6	9.6811e-06
590.8	9.4403e-06
591.0	9.176e-06
591.2	8.9149e-06
591.4	8.6451e-06
591.6	8.2485e-06
591.8	8.0953e-06
592.0	7.7983e-06
592.2	7.5328e-06
592.4	7.4616e-06
592.6	7.3008e-06
592.8	7.1266e-06
593.0	6.8003e-06
593.2	6.6203e-06
593.4	6.4126e-06
593.6	6.2159e-06
593.8	6.1579e-06
594.0	6.137e-06
594.2	5.9404e-06
594.4	5.6903e-06
594.6	5.773e-06
594.8	5.7025e-06
595.0	5.4072e-06
595.2	5.3246e-06
595.4	5.1878e-06
595.6	5.1796e-06
595.8	5.0053e-06
596.0	5.0786e-06
596.2	5.1195e-06
596.4	5.0091e-06
596.6	5.101e-06
596.8	5.0616e-06
597.0	5.0458e-06
597.2	4.9057e-06
597.4	4.8658e-06
597.6	4.8421e-06
597.8	4.7666e-06
598.0	4.8035e-06
598.2	4.7128e-06
598.4	4.6672e-06
598.6	4.7317e-06
598.8	4.752e-06
599.0	4.7292e-06
599.2	4.707e-06
599.4	4.6819e-06
599.6	4.7903e-06
599.8	4.7312e-06
600.0	4.7484e-06
600.2	4.9163e-06
600.4	5.0993e-06
600.6	5.0407e-06
600.8	4.9536e-06
601.0	5.185e-06
601.2	5.1206e-06
601.4	5.0803e-06
601.6	5.19e-06
601.8	5.366e-06
602.0	5.2764e-06
602.2	5.3808e-06
602.4	5.5453e-06
602.6	5.5681e-06
602.8	5.6579e-06
603.0	5.8417e-06
603.2	6.094e-06
603.4	6.2936e-06
603.6	6.1076e-06
603.8	6.488e-06
604.0	6.5991e-06
604.2	6.6693e-06
604.4	6.7936e-06
604.6	6.9866e-06
604.8	7.0656e-06
605.0	7.2618e-06
605.2	7.5107e-06
605.4	7.6827e-06
605.6	7.9396e-06
605.8	8.2468e-06
606.0	8.5578e-06
606.2	9.2411e-06
606.4	9.4698e-06
606.6	9.9038e-06
606.8	1.0309e-05
607.0	1.0701e-05
607.2	1.1128e-05
607.4	1.1615e-05
607.6	1.2255e-05
607.8	1.2849e-05
608.0	1.3427e-05
608.2	1.4076e-05
608.4	1.4968e-05
608.6	1.602e-05
608.8	1.6805e-05
609.0	1.8044e-05
609.2	1.9328e-05
609.4	2.0677e-05
609.6	2.2226e-05
609.8	2.3736e-05
610.0	2.521e-05
610.2	2.7311e-05
610.4	2.9413e-05
610.6	3.1669e-05
610.8	3.417e-05
611.0	3.7037e-05
611.2	4.0196e-05
611.4	4.3617e-05
611.6	4.7581e-05
611.8	5.2236e-05
612.0	5.7458e-05
612.2	6.338e-05
612.4	7.0085e-05
612.6	7.7701e-05
612.8	8.6353e-05
613.0	9.4654e-05
613.2	1.0562e-04
613.4	1.1698e-04
613.6	1.3076e-04
613.8	1.4507e-04
614.0	1.6076e-04
614.2	1.7671e-04
614.4	1.9318e-04
614.6	2.092e-04
614.8	2.2461e-04
615.0	2.4099e-04
615.2	2.5276e-04
615.4	2.6238e-04
615.6	2.6845e-04
615.8	2.722e-04
616.0	2.7075e-04
616.2	2.6565e-04
616.4	2.5429e-04
616.6	2.4855e-04
616.8	2.4295e-04
617.0	2.345e-04
617.2	2.2429e-04
617.4	2.1419e-04
617.6	2.01e-04
617.8	1.9551e-04
618.0	1.8832e-04
618.2	1.7947e-04
618.4	1.7242e-04
618.6	1.6643e-04
618.8	1.6019e-04
619.0	1.5462e-04
619.2	1.5035e-04
619.4	1.462e-04
619.6	1.428e-04
619.8	1.3952e-04
620.0	1.3817e-04
620.2	1.3617e-04
620.4	1.3423e-04
620.6	1.3255e-04
620.8	1.3212e-04
621.0	1.321e-04
621.2	1.3227e-04
621.4	1.3189e-04
621.6	1.3393e-04
621.8	1.3432e-04
622.0	1.3645e-04
622.2	1.376e-04
622.4	1.4108e-04
622.6	1.4359e-04
622.8	1.4767e-04
623.0	1.5279e-04
623.2	1.5595e-04
623.4	1.6049e-04
623.6	1.6825e-04
623.8	1.7558e-04
624.0	1.8305e-04
624.2	1.9119e-04
624.4	2.0248e-04
624.6	2.1349e-04
624.8	2.1673e-04
625.0	2.3048e-04
625.2	2.4595e-04
625.4	2.6738e-04
625.6	2.8752e-04
625.8	3.1333e-04
626.0	3.4097e-04
626.2	3.7353e-04
626.4	4.1352e-04
626.6	4.6353e-04
626.8	5.1821e-04
627.0	5.8095e-04
627.2	6.6049e-04
627.4	7.5661e-04
627.6	9.0427e-04
627.8	0.00107
628.0	0.00126
628.2	0.00148
628.4	0.00177
628.6	0.0021
628.8	0.00248
629.0	0.00288
629.2	0.00323
629.4	0.00349
629.6	0.00355
629.8	0.00343
630.0	0.00315
630.2	0.00279
630.4	0.0024
630.6	0.00204
630.8	0.00174
631.0	0.00149
631.2	0.00128
631.4	0.0011
631.6	9.57e-04
631.8	8.3376e-04
632.0	7.2436e-04
632.2	6.5099e-04
632.4	5.8733e-04
632.6	5.2977e-04
632.8	4.83e-04
633.0	4.4354e-04
633.2	4.1024e-04
633.4	3.7586e-04
633.6	3.5137e-04
633.8	3.3105e-04
634.0	3.1274e-04
634.2	2.9525e-04
634.4	2.793e-04
634.6	2.6855e-04
634.8	2.6609e-04
635.0	2.5526e-04
635.2	2.4419e-04
635.4	2.3842e-04
635.6	2.3198e-04
635.8	2.2577e-04
636.0	2.1977e-04
636.2	2.1582e-04
636.4	2.1146e-04
636.6	2.0761e-04
636.8	2.0516e-04
637.0	2.0219e-04
637.2	2.016e-04
637.4	2.0034e-04
637.6	2.0019e-04
637.8	2.004e-04
638.0	2.0155e-04
638.2	2.0246e-04
638.4	2.0271e-04
638.6	2.0493e-04
638.8	2.0644e-04
639.0	2.0958e-04
639.2	2.1329e-04
639.4	2.18e-04
639.6	2.2238e-04
639.8	2.2854e-04
640.0	2.3541e-04
640.2	2.4067e-04
640.4	2.4796e-04
640.6	2.5759e-04
640.8	2.676e-04
641.0	2.7943e-04
641.2	2.9189e-04
641.4	3.009e-04
641.6	3.0944e-04
641.8	3.199e-04
642.0	3.3609e-04
642.2	3.5915e-04
642.4	3.7816e-04
642.6	4.0329e-04
642.8	4.3432e-04
643.0	4.613e-04
643.2	4.9556e-04
643.4	5.333e-04
643.6	5.7341e-04
643.8	6.2289e-04
644.0	6.7981e-04
644.2	7.4451e-04
644.4	8.1873e-04
644.6	9.099e-04
644.8	0.00101
645.0	0.00113
645.2	0.00126
645.4	0.0014
645.6	0.00157
645.8	0.00177
646.0	0.00206
646.2	0.00232
646.4	0.00261
646.6	0.00293
646.8	0.00325
647.0	0.00355
647.2	0.00381
647.4	0.00408
647.6	0.00423
647.8	0.00428
648.0	0.00425
648.2	0.00412
648.4	0.00395
648.6	0.0037
648.8	0.00342
649.0	0.00317
649.2	0.00291
649.4	0.00268
649.6	0.00247
649.8	0.00228
650.0	0.00212
650.2	0.00194
650.4	0.00181
650.6	0.00169
650.8	0.00159
651.0	0.00149
651.2	0.00142
651.4	0.00134
651.6	0.00127
651.8	0.00122
652.0	0.00117
652.2	0.00113
652.4	0.0011
652.6	0.00107
652.8	0.00104
653.0	0.00101
653.2	9.9833e-04
653.4	9.8487e-04
653.6	9.7648e-04
653.8	9.6704e-04
654.0	9.6292e-04
654.2	9.6465e-04
654.4	9.6488e-04
654.6	9.7446e-04
654.8	9.8387e-04
655.0	9.9847e-04
655.2	0.00101
655.4	0.00103
655.6	0.00106
655.8	0.00108
656.0	0.00111
656.2	0.00115
656.4	0.00119
656.6	0.00123
656.8	0.00128
657.0	0.00134
657.2	0.00141
657.4	0.0015
657.6	0.00158
657.8	0.00166
658.0	0.00177
658.2	0.00189
658.4	0.00203
658.6	0.00219
658.8	0.00238
659.0	0.00255
659.2	0.00275
659.4	0.00295
659.6	0.00316
659.8	0.0034
660.0	0.00364
660.2	0.00387
660.4	0.00408
660.6	0.00425
660.8	0.00437
661.0	0.00442
661.2	0.00442
661.4	0.00435
661.6	0.00421
661.8	0.00403
662.0	0.0038
662.2	0.00358
662.4	0.00331
662.6	0.00306
662.8	0.00283
663.0	0.00256
663.2	0.00234
663.4	0.00216
663.6	0.00198
663.8	0.00181
664.0	0.00167
664.2	0.00155
664.4	0.0014
664.6	0.0013
664.8	0.00121
665.0	0.00113
665.2	0.00105
665.4	9.8866e-04
665.6	9.322e-04
665.8	8.7836e-04
666.0	8.3388e-04
666.2	7.9047e-04
666.4	7.5238e-04
666.6	7.19e-04
666.8	6.8999e-04
667.0	6.6089e-04
667.2	6.3047e-04
667.4	6.1091e-04
667.6	5.9032e-04
667.8	5.6918e-04
668.0	5.5377e-04
668.2	5.3826e-04
668.4	5.2251e-04
668.6	5.1556e-04
668.8	5.0218e-04
669.0	4.9147e-04
669.2	4.8182e-04
669.4	4.7549e-04
669.6	4.6859e-04
669.8	4.6232e-04
670.0	4.5615e-04
670.2	4.5603e-04
670.4	4.4965e-04
670.6	4.4856e-04
670.8	4.471e-04
671.0	4.468e-04
671.2	4.4366e-04
671.4	4.4487e-04
671.6	4.4644e-04
671.8	4.5176e-04
672.0	4.5453e-04
672.2	4.5777e-04
672.4	4.6141e-04
672.6	4.6639e-04
672.8	4.7186e-04
673.0	4.827e-04
673.2	4.8734e-04
673.4	4.961e-04
673.6	5.0749e-04
673.8	5.1801e-04
674.0	5.3092e-04
674.2	5.4478e-04
674.4	5.5991e-04
674.6	5.7882e-04
674.8	5.9114e-04
675.0	6.1089e-04
675.2	6.3276e-04
675.4	6.5762e-04
675.6	6.8242e-04
675.8	7.1401e-04
676.0	7.4127e-04
676.2	7.7416e-04
676.4	8.1195e-04
676.6	8.4772e-04
676.8	8.8724e-04
677.0	9.4348e-04
677.2	9.9179e-04
677.4	0.00105
677.6	0.00111
677.8	0.00118
678.0	0.00125
678.2	0.00134
678.4	0.00144
678.6	0.00153
678.8	0.00163
679.0	0.00174
679.2	0.00187
679.4	0.002
679.6	0.00214
679.8	0.00231
680.0	0.00247
680.2	0.00264
680.4	0.00282
680.6	0.003
680.8	0.00316
681.0	0.00335
681.2	0.00353
681.4	0.00369
681.6	0.00381
681.8	0.00392
682.0	0.00401
682.2	0.00406
682.4	0.00408
682.6	0.00404
682.8	0.00401
683.0	0.00394
683.2	0.00383
683.4	0.00374
683.6	0.00361
683.8	0.00349
684.0	0.00334
684.2	0.0032
684.4	0.00306
684.6	0.00293
684.8	0.00282
685.0	0.00268
685.2	0.00258
685.4	0.00246
685.6	0.00236
685.8	0.00227
686.0	0.00219
686.2	0.00211
686.4	0.00204
686.6	0.00199
686.8	0.00192
687.0	0.00187
687.2	0.00182
687.4	0.00177
687.6	0.00174
687.8	0.0017
688.0	0.00167
688.2	0.00164
688.4	0.00161
688.6	0.0016
688.8	0.00158
689.0	0.00156
689.2	0.00156
689.4	0.00155
689.6	0.00155
689.8	0.00154
690.0	0.00155
690.2	0.00155
690.4	0.00156
690.6	0.00157
690.8	0.00158
691.0	0.0016
691.2	0.00163
691.4	0.00165
691.6	0.00168
691.8	0.0017
692.0	0.00173
692.2	0.00177
692.4	0.00181
692.6	0.00186
692.8	0.00191
693.0	0.00195
693.2	0.00201
693.4	0.00206
693.6	0.00212
693.8	0.00219
694.0	0.00228
694.2	0.00235
694.4	0.00243
694.6	0.00251
694.8	0.0026
695.0	0.00269
695.2	0.00278
695.4	0.00288
695.6	0.00297
695.8	0.00307
696.0	0.00316
696.2	0.00325
696.4	0.00335
696.6	0.00343
696.8	0.00354
697.0	0.00362
697.2	0.00369
697.4	0.00374
697.6	0.0038
697.8	0.00382
698.0	0.00386
698.2	0.00385
698.4	0.00385
698.6	0.00384
698.8	0.0038
699.0	0.00378
699.2	0.00373
699.4	0.00366
699.6	0.00359
699.8	0.00352
700.0	0.00342
700.2	0.00335
700.4	0.00326
700.6	0.00318
700.8	0.00309
701.0	0.00297
701.2	0.00289
701.4	0.00281
701.6	0.00273
701.8	0.00265
702.0	0.00258
702.2	0.0025
702.4	0.00242
702.6	0.00237
702.8	0.0023
703.0	0.00225
703.2	0.00218
703.4	0.00214
703.6	0.0021
703.8	0.00204
704.0	0.002
704.2	0.00196
704.4	0.00192
704.6	0.00189
704.8	0.00187
705.0	0.00184
705.2	0.00181
705.4	0.0018
705.6	0.00177
705.8	0.00176
706.0	0.00175
706.2	0.00174
706.4	0.00173
706.6	0.00173
706.8	0.00173
707.0	0.00173
707.2	0.00173
707.4	0.00173
707.6	0.00174
707.8	0.00174
708.0	0.00176
708.2	0.00178
708.4	0.00179
708.6	0.00181
708.8	0.00182
709.0	0.00185
709.2	0.00187
709.4	0.00191
709.6	0.00194
709.8	0.00198
710.0	0.00201
710.2	0.00205
710.4	0.00209
710.6	0.00214
710.8	0.00219
711.0	0.00223
711.2	0.00228
711.4	0.00234
711.6	0.00239
711.8	0.00244
712.0	0.0025
712.2	0.00257
712.4	0.00264
712.6	0.0027
712.8	0.00276
713.0	0.00283
713.2	0.00287
713.4	0.00292
713.6	0.00297
713.8	0.00302
714.0	0.00307
714.2	0.0031
714.4	0.00313
714.6	0.00313
714.8	0.00315
715.0	0.00313
715.2	0.0031
715.4	0.0031
715.6	0.00306
715.8	0.00303
716.0	0.00297
716.2	0.00292
716.4	0.00287
716.6	0.00279
716.8	0.00272
717.0	0.00265
717.2	0.00257
717.4	0.00249
717.6	0.00241
717.8	0.00235
718.0	0.00226
718.2	0.00218
718.4	0.00211
718.6	0.00203
718.8	0.00197
719.0	0.00189
719.2	0.00183
719.4	0.00174
719.6	0.00168
719.8	0.00162
720.0	0.00157
720.2	0.00152
720.4	0.00146
720.6	0.00142
720.8	0.00137
721.0	0.00133
721.2	0.00129
721.4	0.00126
721.6	0.00122
721.8	0.00119
722.0	0.00116
722.2	0.00113
722.4	0.00111
722.6	0.00108
722.8	0.00106
723.0	0.00104
723.2	0.00102
723.4	0.001
723.6	9.7415e-04
723.8	9.6665e-04
724.0	9.5227e-04
724.2	9.361e-04
724.4	9.2499e-04
724.6	9.1479e-04
724.8	9.0496e-04
725.0	8.9481e-04
725.2	8.8903e-04
725.4	8.8507e-04
725.6	8.8036e-04
725.8	8.7222e-04
726.0	8.7193e-04
726.2	8.6796e-04
726.4	8.6625e-04
726.6	8.6764e-04
726.8	8.6482e-04
727.0	8.6381e-04
727.2	8.6943e-04
727.4	8.7486e-04
727.6	8.8016e-04
727.8	8.8179e-04
728.0	8.9406e-04
728.2	8.9716e-04
728.4	9.0638e-04
728.6	9.1547e-04
728.8	9.2544e-04
729.0	9.3719e-04
729.2	9.4984e-04
729.4	9.6523e-04
729.6	9.7971e-04
729.8	9.9866e-04
730.0	0.00102
730.2	0.00105
730.4	0.00107
730.6	0.0011
730.8	0.00112
731.0	0.00115
731.2	0.00117
731.4	0.00121
731.6	0.00124
731.8	0.00127
732.0	0.00131
732.2	0.00135
732.4	0.00139
732.6	0.00144
732.8	0.00148
733.0	0.00153
733.2	0.00158
733.4	0.00163
733.6	0.00169
733.8	0.00176
734.0	0.00182
734.2	0.00188
734.4	0.00195
734.6	0.00202
734.8	0.00211
735.0	0.00216
735.2	0.00224
735.4	0.00232
735.6	0.0024
735.8	0.00248
736.0	0.00256
736.2	0.00264
736.4	0.0027
736.6	0.00277
736.8	0.00284
737.0	0.00287
737.2	0.00292
737.4	0.00294
737.6	0.00297
737.8	0.00299
738.0	0.00299
738.2	0.00296
738.4	0.00294
738.6	0.0029
738.8	0.00286
739.0	0.0028
739.2	0.00275
739.4	0.00268
739.6	0.0026
739.8	0.00253
740.0	0.00249
740.2	0.00246
740.4	0.00236
740.6	0.00227
740.8	0.00219
741.0	0.0021
741.2	0.00202
741.4	0.00194
741.6	0.00187
741.8	0.00179
742.0	0.00171
742.2	0.00164
742.4	0.00158
742.6	0.00151
742.8	0.00146
743.0	0.0014
743.2	0.00135
743.4	0.0013
743.6	0.00125
743.8	0.0012
744.0	0.00115
744.2	0.00112
744.4	0.00108
744.6	0.00105
744.8	0.00102
745.0	9.8603e-04
745.2	9.5788e-04
745.4	9.3261e-04
745.6	9.057e-04
745.8	8.8116e-04
746.0	8.5836e-04
746.2	8.3565e-04
746.4	8.1346e-04
746.6	7.957e-04
746.8	7.7434e-04
747.0	7.6092e-04
747.2	7.4901e-04
747.4	7.3006e-04
747.6	7.0954e-04
747.8	7.0466e-04
748.0	6.9171e-04
748.2	6.7706e-04
748.4	6.63e-04
748.6	6.617e-04
748.8	6.4913e-04
749.0	6.4358e-04
749.2	6.37e-04
749.4	6.2532e-04
749.6	6.1599e-04
749.8	6.1051e-04
750.0	6.0507e-04
750.2	5.9966e-04
750.4	5.9298e-04
750.6	5.8682e-04
750.8	5.8497e-04
751.0	5.8225e-04
751.2	5.7865e-04
751.4	5.7623e-04
751.6	5.7367e-04
751.8	5.6956e-04
752.0	5.6768e-04
752.2	5.677e-04
752.4	5.6781e-04
752.6	5.6776e-04
752.8	5.6716e-04
753.0	5.6792e-04
753.2	5.6971e-04
753.4	5.7018e-04
753.6	5.7143e-04
753.8	5.7526e-04
754.0	5.7797e-04
754.2	5.7996e-04
754.4	5.8044e-04
754.6	5.8215e-04
754.8	5.8696e-04
755.0	5.9273e-04
755.2	5.9906e-04
755.4	6.0399e-04
755.6	6.0845e-04
755.8	6.1197e-04
756.0	6.1772e-04
756.2	6.246e-04
756.4	6.3311e-04
756.6	6.411e-04
756.8	6.4813e-04
757.0	6.5525e-04
757.2	6.6261e-04
757.4	6.7212e-04
757.6	6.8332e-04
757.8	6.9688e-04
758.0	7.0918e-04
758.2	7.2137e-04
758.4	7.3491e-04
758.6	7.4809e-04
758.8	7.6077e-04
759.0	7.7479e-04
759.2	7.8918e-04
759.4	8.0286e-04
759.6	8.184e-04
759.8	8.359e-04
760.0	8.5702e-04
760.2	8.7597e-04
760.4	9.0073e-04
760.6	9.2126e-04
760.8	9.346e-04
761.0	9.6346e-04
761.2	9.8191e-04
761.4	0.00101
761.6	0.00103
761.8	0.00105
762.0	0.00108
762.2	0.00111
762.4	0.00114
762.6	0.00117
762.8	0.0012
763.0	0.00123
763.2	0.00127
763.4	0.00131
763.6	0.00134
763.8	0.00138
764.0	0.00141
764.2	0.00146
764.4	0.0015
764.6	0.00154
764.8	0.00158
765.0	0.00163
765.2	0.00168
765.4	0.00173
765.6	0.00177
765.8	0.00182
766.0	0.00187
766.2	0.00193
766.4	0.00198
766.6	0.00203
766.8	0.00208
767.0	0.00215
767.2	0.00221
767.4	0.00226
767.6	0.00232
767.8	0.00239
768.0	0.00245
768.2	0.0025
768.4	0.00257
768.6	0.00263
768.8	0.00267
769.0	0.00275
769.2	0.0028
769.4	0.00286
769.6	0.0029
769.8	0.00294
770.0	0.0029
770.2	0.00286
770.4	0.00291
770.6	0.00295
770.8	0.00299
771.0	0.00303
771.2	0.00306
771.4	0.00311
771.6	0.00313
771.8	0.00315
772.0	0.0032
772.2	0.0032
772.4	0.00324
772.6	0.00325
772.8	0.00327
773.0	0.00329
773.2	0.0033
773.4	0.0033
773.6	0.00332
773.8	0.00333
774.0	0.00333
774.2	0.00332
774.4	0.00332
774.6	0.00333
774.8	0.00332
775.0	0.00331
775.2	0.00331
775.4	0.00332
775.6	0.00331
775.8	0.00331
776.0	0.00329
776.2	0.00329
776.4	0.00329
776.6	0.00328
776.8	0.00325
777.0	0.00324
777.2	0.00325
777.4	0.00324
777.6	0.00323
777.8	0.00324
778.0	0.00321
778.2	0.00321
778.4	0.00321
778.6	0.0032
778.8	0.0032
779.0	0.00319
779.2	0.00318
779.4	0.00319
779.6	0.00317
779.8	0.00317
780.0	0.00319
780.2	0.00319
780.4	0.00319
780.6	0.00319
780.8	0.00319
781.0	0.00319
781.2	0.00319
781.4	0.00319
781.6	0.00322
781.8	0.00321
782.0	0.00322
782.2	0.00322
782.4	0.00323
782.6	0.00324
782.8	0.00325
783.0	0.00325
783.2	0.00327
783.4	0.00328
783.6	0.0033
783.8	0.0033
784.0	0.00332
784.2	0.00333
784.4	0.00334
784.6	0.00335
784.8	0.00337
785.0	0.00348
785.2	0.00346
785.4	0.00344
785.6	0.00349
785.8	0.00354
786.0	0.00356
786.2	0.00354
786.4	0.00354
786.6	0.0036
786.8	0.00365
787.0	0.00367
787.2	0.00366
787.4	0.00365
787.6	0.00374
787.8	0.00379
788.0	0.00377
788.2	0.00376
788.4	0.00381
788.6	0.00387
788.8	0.00392
789.0	0.0039
789.2	0.0039
789.4	0.00396
789.6	0.00403
789.8	0.00406
790.0	0.00401
790.2	0.00423
790.4	0.00425
790.6	0.00428
790.8	0.00432
791.0	0.00435
791.2	0.00438
791.4	0.00441
791.6	0.00444
791.8	0.00446
792.0	0.0045
792.2	0.00453
792.4	0.00457
792.6	0.0046
792.8	0.00462
793.0	0.00464
793.2	0.00468
793.4	0.00471
793.6	0.00475
793.8	0.00477
794.0	0.0048
794.2	0.00483
794.4	0.00484
794.6	0.00488
794.8	0.00491
795.0	0.00492
795.2	0.00491
795.4	0.0049
795.6	0.00489
795.8	0.0049
796.0	0.00494
796.2	0.00494
796.4	0.00498
796.6	0.00501
796.8	0.00501
797.0	0.00504
797.2	0.00508
797.4	0.0051
797.6	0.0051
797.8	0.00512
798.0	0.00515
798.2	0.00519
798.4	0.00521
798.6	0.00523
798.8	0.00527
799.0	0.00526
799.2	0.00527
799.4	0.0053
799.6	0.00532
799.8	0.00533
800.0	0.00535
800.2	0.00539
800.4	0.00539
800.6	0.00537
800.8	0.00541
801.0	0.00542
801.2	0.00542
801.4	0.00543
801.6	0.00548
801.8	0.00545
802.0	0.00545
802.2	0.00548
802.4	0.00548
802.6	0.0055
802.8	0.00551
803.0	0.0055
803.2	0.00551
803.4	0.00553
803.6	0.00553
803.8	0.00555
804.0	0.00551
804.2	0.00556
804.4	0.00554
804.6	0.00552
804.8	0.00554
805.0	0.00554
805.2	0.00553
805.4	0.00553
805.6	0.00552
805.8	0.0055
806.0	0.00551
806.2	0.0055
806.4	0.0055
806.6	0.00549
806.8	0.00551
807.0	0.00545
807.2	0.00548
807.4	0.00546
807.6	0.00545
807.8	0.00545
808.0	0.00543
808.2	0.00543
808.4	0.00538
808.6	0.00539
808.8	0.00535
809.0	0.00535
809.2	0.00533
809.4	0.00531
809.6	0.0053
809.8	0.0053
810.0	0.00526
810.2	0.00525
810.4	0.00523
810.6	0.00521
810.8	0.00519
811.0	0.00519
811.2	0.00515
811.4	0.00513
811.6	0.00513
811.8	0.00509
812.0	0.00507
812.2	0.00505
812.4	0.00503
812.6	0.00499
812.8	0.00499
813.0	0.00493
813.2	0.00493
813.4	0.00488
813.6	0.00489
813.8	0.00487
814.0	0.00484
814.2	0.00482
814.4	0.00481
814.6	0.00478
814.8	0.00474
815.0	0.00472
815.2	0.00468
815.4	0.00465
815.6	0.00461
815.8	0.00459
816.0	0.00459
816.2	0.00457
816.4	0.00455
816.6	0.00452
816.8	0.00451
817.0	0.00448
817.2	0.00446
817.4	0.00445
817.6	0.00444
817.8	0.0044
818.0	0.00441
818.2	0.00439
818.4	0.00436
818.6	0.00438
818.8	0.00435
819.0	0.00433
819.2	0.0043
819.4	0.0043
819.6	0.0043
819.8	0.00429
820.0	0.00427
820.2	0.00426
820.4	0.00424
820.6	0.00423
820.8	0.00423
821.0	0.00421
821.2	0.0042
821.4	0.00419
821.6	0.00418
821.8	0.00417
822.0	0.00417
822.2	0.00416
822.4	0.00417
822.6	0.00415
822.8	0.00415
823.0	0.00415
823.2	0.00413
823.4	0.00413
823.6	0.00412
823.8	0.00413
824.0	0.00413
824.2	0.00412
824.4	0.0041
824.6	0.00411
824.8	0.00411
825.0	0.00411
825.2	0.00411
825.4	0.00411
825.6	0.00411
825.8	0.0041
826.0	0.00412
826.2	0.0041
826.4	0.0041
826.6	0.00413
826.8	0.00411
827.0	0.00412
827.2	0.0041
827.4	0.00411
827.6	0.00411
827.8	0.00411
828.0	0.00411
828.2	0.00411
828.4	0.00411
828.6	0.00411
828.8	0.00412
829.0	0.0041
829.2	0.00412
829.4	0.00411
829.6	0.0041
829.8	0.00411
830.0	0.00411
830.2	0.00411
830.4	0.00409
830.6	0.00409
830.8	0.0041
831.0	0.00409
831.2	0.00407
831.4	0.00407
831.6	0.00408
831.8	0.00407
832.0	0.00406
832.2	0.00405
832.4	0.00403
832.6	0.00404
832.8	0.00401
833.0	0.00401
833.2	0.004
833.4	0.004
833.6	0.00398
833.8	0.00398
834.0	0.00396
834.2	0.00395
834.4	0.00393
834.6	0.00392
834.8	0.00389
835.0	0.00389
835.2	0.00386
835.4	0.00384
835.6	0.00381
835.8	0.00379
836.0	0.00377
836.2	0.00376
836.4	0.00373
836.6	0.00372
836.8	0.0037
837.0	0.00367
837.2	0.00366
837.4	0.00363
837.6	0.00361
837.8	0.00358
838.0	0.00356
838.2	0.00354
838.4	0.00353
838.6	0.0035
838.8	0.00348
839.0	0.00344
839.2	0.00343
839.4	0.0034
839.6	0.00337
839.8	0.00335
840.0	0.00333
840.2	0.00331
840.4	0.00329
840.6	0.00325
840.8	0.00324
841.0	0.00321
841.2	0.00319
841.4	0.00317
841.6	0.00314
841.8	0.00313
842.0	0.00309
842.2	0.00307
842.4	0.00305
842.6	0.00302
842.8	0.003
843.0	0.00297
843.2	0.00295
843.4	0.00293
843.6	0.00292
843.8	0.00289
844.0	0.00287
844.2	0.00286
844.4	0.00284
844.6	0.00282
844.8	0.0028
845.0	0.00278
845.2	0.00275
845.4	0.00273
845.6	0.00271
845.8	0.00269
846.0	0.00267
846.2	0.00266
846.4	0.00264
846.6	0.00262
846.8	0.00261
847.0	0.00261
847.2	0.00258
847.4	0.00257
847.6	0.00256
847.8	0.00254
848.0	0.00254
848.2	0.00252
848.4	0.00251
848.6	0.00251
848.8	0.00248
849.0	0.00249
849.2	0.00246
849.4	0.00246
849.6	0.00245
849.8	0.00245
850.0	0.00243
850.2	0.00243
850.4	0.00242
850.6	0.00242
850.8	0.00242
851.0	0.00241
851.2	0.00239
851.4	0.00239
851.6	0.00239
851.8	0.00238
852.0	0.00238
852.2	0.00238
852.4	0.00238
852.6	0.00238
852.8	0.00237
853.0	0.00237
853.2	0.00237
853.4	0.00238
853.6	0.00237
853.8	0.00237
854.0	0.00237
854.2	0.00237
854.4	0.00237
854.6	0.00238
854.8	0.00238
855.0	0.00239
855.2	0.00239
855.4	0.0024
855.6	0.0024
855.8	0.00239
856.0	0.00241
856.2	0.0024
856.4	0.00241
856.6	0.00241
856.8	0.00242
857.0	0.00242
857.2	0.00244
857.4	0.00245
857.6	0.00245
857.8	0.00246
858.0	0.00247
858.2	0.00247
858.4	0.00248
858.6	0.00248
858.8	0.0025
859.0	0.0025
859.2	0.00251
859.4	0.00252
859.6	0.00254
859.8	0.00255
860.0	0.00255
860.2	0.00256
860.4	0.00258
860.6	0.00258
860.8	0.0026
861.0	0.00261
861.2	0.00262
861.4	0.00263
861.6	0.00264
861.8	0.00264
862.0	0.00266
862.2	0.00267
862.4	0.00269
862.6	0.00269
862.8	0.00271
863.0	0.00273
863.2	0.00273
863.4	0.00273
863.6	0.00275
863.8	0.00276
864.0	0.00278
864.2	0.00278
864.4	0.00279
864.6	0.0028
864.8	0.00283
865.0	0.00284
865.2	0.00284
865.4	0.00285
865.6	0.00285
865.8	0.00287
866.0	0.00288
866.2	0.00289
866.4	0.0029
866.6	0.00291
866.8	0.00292
867.0	0.00294
867.2	0.00294
867.4	0.00295
867.6	0.00296
867.8	0.00297
868.0	0.00299
868.2	0.00298
868.4	0.00298
868.6	0.003
868.8	0.00302
869.0	0.00301
869.2	0.00302
869.4	0.00301
869.6	0.00303
869.8	0.00304
870.0	0.00304
870.2	0.00303
870.4	0.00304
870.6	0.00305
870.8	0.00306
871.0	0.00306
871.2	0.00306
871.4	0.00307
871.6	0.00306
871.8	0.00306
872.0	0.00308
872.2	0.00308
872.4	0.00307
872.6	0.00308
872.8	0.00308
873.0	0.00308
873.2	0.00309
873.4	0.00309
873.6	0.00309
873.8	0.00308
874.0	0.0031
874.2	0.0031
874.4	0.0031
874.6	0.0031
874.8	0.0031
875.0	0.00309
875.2	0.0031
875.4	0.00311
875.6	0.00312
875.8	0.00312
876.0	0.00313
876.2	0.00312
876.4	0.00313
876.6	0.00313
876.8	0.00313
877.0	0.00313
877.2	0.00313
877.4	0.00313
877.6	0.00314
877.8	0.00316
878.0	0.00314
878.2	0.00315
878.4	0.00314
878.6	0.00316
878.8	0.00315
879.0	0.00317
879.2	0.00317
879.4	0.00317
879.6	0.00318
879.8	0.00318
880.0	0.00319
880.2	0.00319
880.4	0.0032
880.6	0.0032
880.8	0.0032
881.0	0.00321
881.2	0.00322
881.4	0.00324
881.6	0.00324
881.8	0.00324
882.0	0.00326
882.2	0.00325
882.4	0.00327
882.6	0.00328
882.8	0.00328
883.0	0.00331
883.2	0.00331
883.4	0.00332
883.6	0.00332
883.8	0.00334
884.0	0.00335
884.2	0.00335
884.4	0.00337
884.6	0.00338
884.8	0.00338
885.0	0.00339
885.2	0.0034
885.4	0.00341
885.6	0.00342
885.8	0.00345
886.0	0.00347
886.2	0.00347
886.4	0.00348
886.6	0.00349
886.8	0.0035
887.0	0.0035
887.2	0.00352
887.4	0.00353
887.6	0.00355
887.8	0.00356
888.0	0.00357
888.2	0.00357
888.4	0.00358
888.6	0.00358
888.8	0.00358
889.0	0.00362
889.2	0.00361
889.4	0.00363
889.6	0.00363
889.8	0.00364
890.0	0.00364
890.2	0.00364
890.4	0.00364
890.6	0.00364
890.8	0.00366
891.0	0.00366
891.2	0.00366
891.4	0.00364
891.6	0.00365
891.8	0.00364
892.0	0.00364
892.2	0.00364
892.4	0.00364
892.6	0.00365
892.8	0.00363
893.0	0.00362
893.2	0.00361
893.4	0.00359
893.6	0.00357
893.8	0.00357
894.0	0.00355
894.2	0.00354
894.4	0.00353
894.6	0.00354
894.8	0.00351
895.0	0.0035
895.2	0.00347
895.4	0.00344
895.6	0.00341
895.8	0.0034
896.0	0.00338
896.2	0.00335
896.4	0.00333
896.6	0.00331
896.8	0.00328
897.0	0.00324
897.2	0.00321
897.4	0.0032
897.6	0.00318
897.8	0.00315
898.0	0.00311
898.2	0.00309
898.4	0.00306
898.6	0.00302
898.8	0.00299
899.0	0.00296
899.2	0.00293
899.4	0.00292
899.6	0.00289
899.8	0.00286
900.0	0.00284
900.2	0.0028
900.4	0.00277
900.6	0.00274
900.8	0.00271
901.0	0.00267
901.2	0.00264
901.4	0.00262
901.6	0.0026
901.8	0.00257
902.0	0.00255
902.2	0.00251
902.4	0.00249
902.6	0.00246
902.8	0.00244
903.0	0.00241
903.2	0.00238
903.4	0.00235
903.6	0.00233
903.8	0.0023
904.0	0.00228
904.2	0.00225
904.4	0.00224
904.6	0.00222
904.8	0.0022
905.0	0.00217
905.2	0.00214
905.4	0.00211
905.6	0.00208
905.8	0.00205
906.0	0.00203
906.2	0.00203
906.4	0.002
906.6	0.00199
906.8	0.00196
907.0	0.00196
907.2	0.00194
907.4	0.00192
907.6	0.0019
907.8	0.00189
908.0	0.00187
908.2	0.00186
908.4	0.00185
908.6	0.00184
908.8	0.00182
909.0	0.00181
909.2	0.00179
909.4	0.00179
909.6	0.00178
909.8	0.00178
910.0	0.00176
910.2	0.00175
910.4	0.00174
910.6	0.00174
910.8	0.00173
911.0	0.00172
911.2	0.00171
911.4	0.00171
911.6	0.0017
911.8	0.00169
912.0	0.00168
912.2	0.00168
912.4	0.00168
912.6	0.00167
912.8	0.00166
913.0	0.00167
913.2	0.00166
913.4	0.00165
913.6	0.00165
913.8	0.00165
914.0	0.00165
914.2	0.00166
914.4	0.00166
914.6	0.00166
914.8	0.00166
915.0	0.00166
915.2	0.00167
915.4	0.00167
915.6	0.00168
915.8	0.00167
916.0	0.00168
916.2	0.00168
916.4	0.00169
916.6	0.00168
916.8	0.00169
917.0	0.00171
917.2	0.0017
917.4	0.00171
917.6	0.00172
917.8	0.00172
918.0	0.00174
918.2	0.00175
918.4	0.00175
918.6	0.00175
918.8	0.00177
919.0	0.00177
919.2	0.00179
919.4	0.0018
919.6	0.00181
919.8	0.00182
920.0	0.00183
920.2	0.00184
920.4	0.00186
920.6	0.00188
920.8	0.00189
921.0	0.00191
921.2	0.00191
921.4	0.00193
921.6	0.00195
921.8	0.00197
922.0	0.00199
922.2	0.002
922.4	0.00201
922.6	0.00204
922.8	0.00207
923.0	0.00208
923.2	0.0021
923.4	0.00211
923.6	0.00215
923.8	0.00216
924.0	0.00219
924.2	0.00221
924.4	0.00223
924.6	0.00227
924.8	0.00229
925.0	0.00232
925.2	0.00235
925.4	0.00239
925.6	0.00242
925.8	0.00246
926.0	0.00249
926.2	0.00254
926.4	0.00257
926.6	0.00261
926.8	0.00264
927.0	0.00267
927.2	0.0027
927.4	0.00273
927.6	0.00278
927.8	0.00283
928.0	0.00286
928.2	0.00289
928.4	0.00294
928.6	0.00297
928.8	0.00301
929.0	0.00306
929.2	0.0031
929.4	0.00316
929.6	0.0032
929.8	0.00325
930.0	0.00329
930.2	0.00333
930.4	0.00337
930.6	0.00342
930.8	0.00347
931.0	0.0035
931.2	0.00355
931.4	0.0036
931.6	0.00365
931.8	0.00369
932.0	0.00374
932.2	0.00379
932.4	0.00382
932.6	0.00388
932.8	0.00392
933.0	0.00397
933.2	0.00401
933.4	0.00405
933.6	0.0041
933.8	0.00413
934.0	0.00419
934.2	0.00424
934.4	0.00427
934.6	0.0043
934.8	0.00433
935.0	0.00438
935.2	0.00441
935.4	0.00445
935.6	0.00448
935.8	0.00453
936.0	0.00456
936.2	0.00457
936.4	0.0046
936.6	0.00462
936.8	0.00463
937.0	0.00464
937.2	0.00469
937.4	0.0047
937.6	0.00471
937.8	0.00473
938.0	0.00471
938.2	0.00475
938.4	0.00475
938.6	0.00474
938.8	0.00476
939.0	0.00475
939.2	0.00476
939.4	0.00476
939.6	0.00476
939.8	0.00475
940.0	0.00474
940.2	0.00475
940.4	0.00472
940.6	0.0047
940.8	0.00469
941.0	0.00467
941.2	0.00469
941.4	0.00465
941.6	0.00462
941.8	0.00461
942.0	0.00459
942.2	0.00458
942.4	0.00457
942.6	0.00454
942.8	0.00454
943.0	0.0045
943.2	0.00448
943.4	0.00448
943.6	0.00442
943.8	0.00439
944.0	0.00436
944.2	0.00436
944.4	0.00433
944.6	0.00429
944.8	0.00428
945.0	0.00425
945.2	0.00423
945.4	0.00422
945.6	0.0042
945.8	0.0042
946.0	0.00417
946.2	0.00416
946.4	0.00411
946.6	0.00411
946.8	0.0041
947.0	0.00406
947.2	0.00404
947.4	0.00401
947.6	0.004
947.8	0.00401
948.0	0.004
948.2	0.00398
948.4	0.00397
948.6	0.00394
948.8	0.00393
949.0	0.00391
949.2	0.00387
949.4	0.00388
949.6	0.00385
949.8	0.00386
950.0	0.00386
950.2	0.00384
950.4	0.00382
950.6	0.00384
950.8	0.00381
951.0	0.00381
951.2	0.0038
951.4	0.00378
951.6	0.0038
951.8	0.00376
952.0	0.00376
952.2	0.00374
952.4	0.00374
952.6	0.00377
952.8	0.00377
953.0	0.00377
953.2	0.00378
953.4	0.00377
953.6	0.00377
953.8	0.00376
954.0	0.00376
954.2	0.00375
954.4	0.00375
954.6	0.00377
954.8	0.00377
955.0	0.00381
955.2	0.0038
955.4	0.0038
955.6	0.00379
955.8	0.0038
956.0	0.0038
956.2	0.00379
956.4	0.0038
956.6	0.00382
956.8	0.00382
957.0	0.00387
957.2	0.00387
957.4	0.00387
957.6	0.00389
957.8	0.00389
958.0	0.00389
958.2	0.00391
958.4	0.00392
958.6	0.00394
958.8	0.00396
959.0	0.00398
959.2	0.004
959.4	0.00402
959.6	0.004
959.8	0.00403
960.0	0.00406
960.2	0.00404
960.4	0.00408
960.6	0.00412
960.8	0.0041
961.0	0.00413
961.2	0.00414
961.4	0.00413
961.6	0.00416
961.8	0.00418
962.0	0.00418
962.2	0.00423
962.4	0.00423
962.6	0.00425
962.8	0.00426
963.0	0.00426
963.2	0.00424
963.4	0.00429
963.6	0.0043
963.8	0.0043
964.0	0.00432
964.2	0.00436
964.4	0.00435
964.6	0.00434
964.8	0.00436
965.0	0.00435
965.2	0.00435
965.4	0.00435
965.6	0.00434
965.8	0.00441
966.0	0.00439
966.2	0.00437
966.4	0.00439
966.6	0.00436
966.8	0.00436
967.0	0.00438
967.2	0.00439
967.4	0.00438
967.6	0.00436
967.8	0.00435
968.0	0.00432
968.2	0.00431
968.4	0.00433
968.6	0.0043
968.8	0.00431
969.0	0.00427
969.2	0.00423
969.4	0.00422
969.6	0.00422
969.8	0.00419
970.0	0.0042
970.2	0.0042
970.4	0.00414
970.6	0.0041
970.8	0.00408
971.0	0.00404
971.2	0.00401
971.4	0.00401
971.6	0.00396
971.8	0.00394
972.0	0.00391
972.2	0.00389
972.4	0.00385
972.6	0.00383
972.8	0.00381
973.0	0.00375
973.2	0.00374
973.4	0.0037
973.6	0.00365
973.8	0.00362
974.0	0.0036
974.2	0.00358
974.4	0.00353
974.6	0.00349
974.8	0.00348
975.0	0.00342
975.2	0.00339
975.4	0.00335
975.6	0.00332
975.8	0.00325
976.0	0.00324
976.2	0.00322
976.4	0.00318
976.6	0.00314
976.8	0.00312
977.0	0.00307
977.2	0.00304
977.4	0.00302
977.6	0.003
977.8	0.00297
978.0	0.00294
978.2	0.00289
978.4	0.00287
978.6	0.00285
978.8	0.00283
979.0	0.0028
979.2	0.00276
979.4	0.00273
979.6	0.00272
979.8	0.00268
980.0	0.00267
980.2	0.00266
980.4	0.00262
980.6	0.00259
980.8	0.00257
981.0	0.00256
981.2	0.00253
981.4	0.00251
981.6	0.00248
981.8	0.00246
982.0	0.00244
982.2	0.00243
982.4	0.00242
982.6	0.00238
982.8	0.00236
983.0	0.00235
983.2	0.00234
983.4	0.00232
983.6	0.00231
983.8	0.00229
984.0	0.00228
984.2	0.00226
984.4	0.00224
984.6	0.00225
984.8	0.00223
985.0	0.0022
985.2	0.00222
985.4	0.00224
985.6	0.00226
985.8	0.00227
986.0	0.00225
986.2	0.00224
986.4	0.00223
986.6	0.00223
986.8	0.00221
987.0	0.0022
987.2	0.00219
987.4	0.00218
987.6	0.00218
987.8	0.00216
988.0	0.00216
988.2	0.00215
988.4	0.00216
988.6	0.00214
988.8	0.00213
989.0	0.00213
989.2	0.00213
989.4	0.00212
989.6	0.00212
989.8	0.00211
990.0	0.00211
990.2	0.00211
990.4	0.0021
990.6	0.00211
990.8	0.0021
991.0	0.00211
991.2	0.0021
991.4	0.0021
991.6	0.00211
991.8	0.00211
992.0	0.0021
992.2	0.00211
992.4	0.00211
992.6	0.00212
992.8	0.0021
993.0	0.00211
993.2	0.00212
993.4	0.00212
993.6	0.00213
993.8	0.00214
994.0	0.00214
994.2	0.00214
994.4	0.00215
994.6	0.00215
994.8	0.00215
995.0	0.00217
995.2	0.00219
995.4	0.0022
995.6	0.00221
995.8	0.00223
996.0	0.00224
996.2	0.00225
996.4	0.00225
996.6	0.00226
996.8	0.00227
997.0	0.00229
997.2	0.00231
997.4	0.00232
997.6	0.00233
997.8	0.00234
998.0	0.00235
998.2	0.00237
998.4	0.00239
998.6	0.00241
998.8	0.00243
999.0	0.00243
999.2	0.00247
999.4	0.00249
999.6	0.00251
999.8	0.00253
1000.0	0.00255
1000.2	0.00258
1000.4	0.00259
1000.6	0.00262
1000.8	0.00265
1001.0	0.00267
1001.2	0.0027
1001.4	0.00272
1001.6	0.00276
1001.8	0.00278
1002.0	0.0028
1002.2	0.00284
1002.4	0.00287
1002.6	0.0029
1002.8	0.00293
1003.0	0.00298
1003.2	0.00301
1003.4	0.00304
1003.6	0.00309
1003.8	0.00314
1004.0	0.00317
1004.2	0.00321
1004.4	0.00326
1004.6	0.00331
1004.8	0.00336
1005.0	0.0034
1005.2	0.0034
1005.4	0.00346
1005.6	0.00352
1005.8	0.00357
1006.0	0.00364
1006.2	0.00366
1006.4	0.00376
1006.6	0.00381
1006.8	0.00388
1007.0	0.00395
1007.2	0.004
1007.4	0.00409
1007.6	0.00413
1007.8	0.00423
1008.0	0.00429
1008.2	0.0044
1008.4	0.00447
1008.6	0.00456
1008.8	0.00458
1009.0	0.00474
1009.2	0.00485
1009.4	0.0049
1009.6	0.00502
1009.8	0.00511
1010.0	0.00522
1010.2	0.00534
1010.4	0.00542
1010.6	0.00558
1010.8	0.00569
1011.0	0.00581
1011.2	0.00595
1011.4	0.00604
1011.6	0.00623
1011.8	0.00639
1012.0	0.00652
1012.2	0.0067
1012.4	0.00681
1012.6	0.007
1012.8	0.00719
1013.0	0.00739
1013.2	0.00762
1013.4	0.00775
1013.6	0.00793
1013.8	0.00819
1014.0	0.00843
1014.2	0.00864
1014.4	0.00887
1014.6	0.00909
1014.8	0.00943
1015.0	0.00968
1015.2	0.00997
1015.4	0.01026
1015.6	0.01058
1015.8	0.01091
1016.0	0.01129
1016.2	0.01158
1016.4	0.01194
1016.6	0.01239
1016.8	0.01281
1017.0	0.01329
1017.2	0.01367
1017.4	0.01403
1017.6	0.01452
1017.8	0.01512
1018.0	0.0157
1018.2	0.01617
1018.4	0.01675
1018.6	0.01735
1018.8	0.01812
1019.0	0.01874
1019.2	0.01954
1019.4	0.0202
1019.6	0.02095
1019.8	0.02179
1020.0	0.02267
1020.2	0.02366
1020.4	0.02436
1020.6	0.02544
1020.8	0.02655
1021.0	0.02776
1021.2	0.02879
1021.4	0.0301
1021.6	0.03125
1021.8	0.03251
1022.0	0.03394
1022.2	0.03549
1022.4	0.03691
1022.6	0.03828
1022.8	0.03985
1023.0	0.04175
1023.2	0.04375
1023.4	0.04536
1023.6	0.04712
1023.8	0.04918
1024.0	0.05102
1024.2	0.05342
1024.4	0.05587
1024.6	0.05781
1024.8	0.05967
1025.0	0.061
1025.2	0.06258
1025.4	0.06473
1025.6	0.06716
1025.8	0.06976
1026.0	0.07153
1026.2	0.07341
1026.4	0.07622
1026.6	0.07906
1026.8	0.08076
1027.0	0.08229
1027.2	0.08446
1027.4	0.08637
1027.6	0.08788
1027.8	0.08977
1028.0	0.09116
1028.2	0.09172
1028.4	0.09285
1028.6	0.09388
1028.8	0.0951
1029.0	0.095
1029.2	0.0951
1029.4	0.09533
1029.6	0.09467
1029.8	0.09466
1030.0	0.09443
1030.2	0.09385
1030.4	0.09278
1030.6	0.0918
1030.8	0.09104
1031.0	0.09002
1031.2	0.08886
1031.4	0.0882
1031.6	0.08667
1031.8	0.08499
1032.0	0.08388
1032.2	0.08295
1032.4	0.0814
1032.6	0.07978
1032.8	0.0785
1033.0	0.07676
1033.2	0.0752
1033.4	0.07412
1033.6	0.07322
1033.8	0.0716
1034.0	0.07006
1034.2	0.06909
1034.4	0.0676
1034.6	0.06657
1034.8	0.06548
1035.0	0.0642
1035.2	0.0632
1035.4	0.06224
1035.6	0.06102
1035.8	0.06021
1036.0	0.05922
1036.2	0.05851
1036.4	0.05746
1036.6	0.05665
1036.8	0.05583
1037.0	0.05486
1037.2	0.05422
1037.4	0.05365
1037.6	0.05285
1037.8	0.0521
1038.0	0.05149
1038.2	0.05098
1038.4	0.05033
1038.6	0.04978
1038.8	0.04947
1039.0	0.04893
1039.2	0.04829
1039.4	0.04795
1039.6	0.04742
1039.8	0.04694
1040.0	0.0467
1040.2	0.04621
1040.4	0.04598
1040.6	0.04568
1040.8	0.04534
1041.0	0.04509
1041.2	0.04485
1041.4	0.04477
1041.6	0.04451
1041.8	0.04427
1042.0	0.04396
1042.2	0.04381
1042.4	0.04361
1042.6	0.0437
1042.8	0.04346
1043.0	0.0435
1043.2	0.04341
1043.4	0.04313
1043.6	0.04316
1043.8	0.04322
1044.0	0.04335
1044.2	0.04327
1044.4	0.04341
1044.6	0.04317
1044.8	0.04342
1045.0	0.04308
1045.2	0.04266
1045.4	0.04291
1045.6	0.04345
1045.8	0.04307
1046.0	0.04328
1046.2	0.04348
1046.4	0.04343
1046.6	0.04373
1046.8	0.04391
1047.0	0.04416
1047.2	0.04459
1047.4	0.04479
1047.6	0.04489
1047.8	0.04509
1048.0	0.04553
1048.2	0.04541
1048.4	0.04607
1048.6	0.04638
1048.8	0.04679
1049.0	0.04706
1049.2	0.0476
1049.4	0.04767
1049.6	0.04809
1049.8	0.04873
1050.0	0.04919
1050.2	0.04969
1050.4	0.05024
1050.6	0.05067
1050.8	0.05134
1051.0	0.05177
1051.2	0.05219
1051.4	0.05285
1051.6	0.05338
1051.8	0.05406
1052.0	0.05484
1052.2	0.05531
1052.4	0.05588
1052.6	0.05675
1052.8	0.05749
1053.0	0.05828
1053.2	0.05913
1053.4	0.0598
1053.6	0.0607
1053.8	0.06182
1054.0	0.06264
1054.2	0.06363
1054.4	0.06451
1054.6	0.06542
1054.8	0.06655
1055.0	0.06769
1055.2	0.06846
1055.4	0.07006
1055.6	0.07109
1055.8	0.07252
1056.0	0.0736
1056.2	0.07481
1056.4	0.07651
1056.6	0.07751
1056.8	0.07889
1057.0	0.0805
1057.2	0.08203
1057.4	0.08322
1057.6	0.0851
1057.8	0.08652
1058.0	0.08822
1058.2	0.09034
1058.4	0.0919
1058.6	0.09362
1058.8	0.09551
1059.0	0.09735
1059.2	0.09969
1059.4	0.10167
1059.6	0.10387
1059.8	0.10663
1060.0	0.10829
1060.2	0.11045
1060.4	0.11269
1060.6	0.11452
1060.8	0.11749
1061.0	0.12009
1061.2	0.12265
1061.4	0.12589
1061.6	0.12845
1061.8	0.13115
1062.0	0.13453
1062.2	0.13706
1062.4	0.13999
1062.6	0.14305
1062.8	0.14616
1063.0	0.14911
1063.2	0.15286
1063.4	0.15628
1063.6	0.16022
1063.8	0.16337
1064.0	0.16733
1064.2	0.17047
1064.4	0.17401
1064.6	0.17823
1064.8	0.18211
1065.0	0.18373
1065.2	0.187
1065.4	0.19004
1065.6	0.19461
1065.8	0.20015
1066.0	0.20376
1066.2	0.20891
1066.4	0.21283
1066.6	0.21618
1066.8	0.22111
1067.0	0.22325
1067.2	0.2282
1067.4	0.23265
1067.6	0.23659
1067.8	0.24206
1068.0	0.24733
1068.2	0.25133
1068.4	0.25741
1068.6	0.26126
1068.8	0.26518
1069.0	0.27008
1069.2	0.27309
1069.4	0.27727
1069.6	0.2817
1069.8	0.28497
1070.0	0.29134
1070.2	0.29405
1070.4	0.30058
1070.6	0.30517
1070.8	0.30888
1071.0	0.3142
1071.2	0.31714
1071.4	0.32095
1071.6	0.32446
1071.8	0.3259
1072.0	0.33158
1072.2	0.33456
1072.4	0.33872
1072.6	0.34425
1072.8	0.34735
1073.0	0.35187
1073.2	0.35576
1073.4	0.35772
1073.6	0.36284
1073.8	0.36395
1074.0	0.36714
1074.2	0.36912
1074.4	0.37168
1074.6	0.37493
1074.8	0.3773
1075.0	0.38055
1075.2	0.38605
1075.4	0.38719
1075.6	0.39201
1075.8	0.39409
1076.0	0.39685
1076.2	0.40047
1076.4	0.40234
1076.6	0.4048
1076.8	0.40621
1077.0	0.40858
1077.2	0.41267
1077.4	0.41186
1077.6	0.41721
1077.8	0.41898
1078.0	0.42363
1078.2	0.42668
1078.4	0.42941
1078.6	0.43224
1078.8	0.43558
1079.0	0.43833
1079.2	0.44145
1079.4	0.44386
1079.6	0.44788
1079.8	0.44859
1080.0	0.45292
1080.2	0.45498
1080.4	0.45794
1080.6	0.46232
1080.8	0.46561
1081.0	0.46947
1081.2	0.47305
1081.4	0.47746
1081.6	0.48264
1081.8	0.4857
1082.0	0.48969
1082.2	0.49307
1082.4	0.49701
1082.6	0.50203
1082.8	0.50465
1083.0	0.51033
1083.2	0.5135
1083.4	0.51798
1083.6	0.52121
1083.8	0.52385
1084.0	0.53027
1084.2	0.53323
1084.4	0.53934
1084.6	0.5451
1084.8	0.54834
1085.0	0.55546
1085.2	0.55969
1085.4	0.56531
1085.6	0.56924
1085.8	0.57457
1086.0	0.58035
1086.2	0.58275
1086.4	0.58761
1086.6	0.59221
1086.8	0.59813
1087.0	0.6011
1087.2	0.60537
1087.4	0.61089
1087.6	0.61308
1087.8	0.61982
1088.0	0.62167
1088.2	0.62622
1088.4	0.62838
1088.6	0.63207
1088.8	0.63781
1089.0	0.63962
1089.2	0.64187
1089.4	0.64374
1089.6	0.64424
1089.8	0.64698
1090.0	0.63141
1090.2	0.61443
1090.4	0.61651
1090.6	0.61361
1090.8	0.61409
1091.0	0.61226
1091.2	0.6091
1091.4	0.6086
1091.6	0.60464
1091.8	0.60462
1092.0	0.60195
1092.2	0.59877
1092.4	0.5958
1092.6	0.59003
1092.8	0.58829
1093.0	0.582
1093.2	0.5773
1093.4	0.57318
1093.6	0.56506
1093.8	0.56329
1094.0	0.55332
1094.2	0.54842
1094.4	0.53963
1094.6	0.53208
1094.8	0.52415
1095.0	0.51498
1095.2	0.508
1095.4	0.49827
1095.6	0.49125
1095.8	0.4817
1096.0	0.4738
1096.2	0.46487
1096.4	0.45742
1096.6	0.44897
1096.8	0.43871
1097.0	0.43169
1097.2	0.4218
1097.4	0.4173
1097.6	0.40629
1097.8	0.40075
1098.0	0.39323
1098.2	0.38609
1098.4	0.37795
1098.6	0.37
1098.8	0.36429
1099.0	0.35529
1099.2	0.34947
1099.4	0.34215
1099.6	0.3359
1099.8	0.32807
1100.0	0.32229
1100.2	0.31647
1100.4	0.30871
1100.6	0.3037
1100.8	0.2959
1101.0	0.29266
1101.2	0.28403
1101.4	0.28141
1101.6	0.2731
1101.8	0.26901
1102.0	0.26262
1102.2	0.2567
1102.4	0.25241
1102.6	0.24671
1102.8	0.2424
1103.0	0.23668
1103.2	0.23311
1103.4	0.2283
1103.6	0.22369
1103.8	0.22021
1104.0	0.21603
1104.2	0.2124
1104.4	0.20858
1104.6	0.20459
1104.8	0.2009
1105.0	0.19745
1105.2	0.19343
1105.4	0.19051
1105.6	0.18693
1105.8	0.18481
1106.0	0.18075
1106.2	0.17805
1106.4	0.17652
1106.6	0.17256
1106.8	0.16997
1107.0	0.16798
1107.2	0.16465
1107.4	0.16313
1107.6	0.16072
1107.8	0.1583
1108.0	0.15659
1108.2	0.15389
1108.4	0.15177
1108.6	0.15049
1108.8	0.14826
1109.0	0.14733
1109.2	0.145
1109.4	0.14231
1109.6	0.14181
1109.8	0.13866
1110.0	0.13779
1110.2	0.13535
1110.4	0.1342
1110.6	0.13379
1110.8	0.1322
1111.0	0.12996
1111.2	0.1295
1111.4	0.12817
1111.6	0.12619
1111.8	0.12582
1112.0	0.12494
1112.2	0.1231
1112.4	0.12186
1112.6	0.1219
1112.8	0.11951
1113.0	0.11919
1113.2	0.11763
1113.4	0.11727
1113.6	0.11608
1113.8	0.11527
1114.0	0.11471
1114.2	0.1143
1114.4	0.11287
1114.6	0.11195
1114.8	0.11126
1115.0	0.11138
1115.2	0.11043
1115.4	0.10953
1115.6	0.10909
1115.8	0.10937
1116.0	0.10878
1116.2	0.1076
1116.4	0.10774
1116.6	0.10715
1116.8	0.10633
1117.0	0.10572
1117.2	0.10559
1117.4	0.10564
1117.6	0.10494
1117.8	0.10476
1118.0	0.1044
1118.2	0.10268
1118.4	0.10396
1118.6	0.10353
1118.8	0.10346
1119.0	0.10323
1119.2	0.10227
1119.4	0.10192
1119.6	0.1031
1119.8	0.10213
1120.0	0.10233
1120.2	0.10141
1120.4	0.10312
1120.6	0.10218
1120.8	0.10232
1121.0	0.10192
1121.2	0.10199
1121.4	0.10206
1121.6	0.10213
1121.8	0.1022
1122.0	0.10227
1122.2	0.10238
1122.4	0.1025
1122.6	0.10261
1122.8	0.10272
1123.0	0.10284
1123.2	0.10317
1123.4	0.10351
1123.6	0.10384
1123.8	0.10418
1124.0	0.10451
1124.2	0.10489
1124.4	0.10526
1124.6	0.10563
1124.8	0.10601
1125.0	0.10639
1125.2	0.10684
1125.4	0.1073
1125.6	0.10776
1125.8	0.10822
1126.0	0.10869
1126.2	0.10933
1126.4	0.10998
1126.6	0.11063
1126.8	0.11128
1127.0	0.11194
1127.2	0.11278
1127.4	0.11362
1127.6	0.11447
1127.8	0.11532
1128.0	0.11618
1128.2	0.11702
1128.4	0.11787
1128.6	0.11872
1128.8	0.11958
1129.0	0.12045
1129.2	0.1214
1129.4	0.12235
1129.6	0.12331
1129.8	0.12428
1130.0	0.12526
1130.2	0.12652
1130.4	0.12779
1130.6	0.12908
1130.8	0.13038
1131.0	0.1317
1131.2	0.13317
1131.4	0.13467
1131.6	0.13617
1131.8	0.1377
1132.0	0.13925
1132.2	0.14093
1132.4	0.14264
1132.6	0.14436
1132.8	0.14611
1133.0	0.14788
1133.2	0.1497
1133.4	0.15154
1133.6	0.15341
1133.8	0.1553
1134.0	0.15721
1134.2	0.15933
1134.4	0.16148
1134.6	0.16366
1134.8	0.16587
1135.0	0.16812
1135.2	0.17088
1135.4	0.17369
1135.6	0.17654
1135.8	0.17944
1136.0	0.18238
1136.2	0.18493
1136.4	0.18751
1136.6	0.19013
1136.8	0.19279
1137.0	0.19551
1137.2	0.19903
1137.4	0.20262
1137.6	0.20627
1137.8	0.20998
1138.0	0.21376
1138.2	0.21752
1138.4	0.22134
1138.6	0.22523
1138.8	0.22918
1139.0	0.2332
1139.2	0.23708
1139.4	0.24102
1139.6	0.24502
1139.8	0.24909
1140.0	0.25326
1140.2	0.2581
1140.4	0.26304
1140.6	0.26807
1140.8	0.2732
1141.0	0.27846
1141.2	0.28447
1141.4	0.29061
1141.6	0.29688
1141.8	0.30329
1142.0	0.30984
1142.2	0.31607
1142.4	0.32243
1142.6	0.32891
1142.8	0.33553
1143.0	0.34228
1143.2	0.34922
1143.4	0.35631
1143.6	0.36354
1143.8	0.37091
1144.0	0.37842
1144.2	0.38558
1144.4	0.39287
1144.6	0.4003
1144.8	0.40786
1145.0	0.41561
1145.2	0.42436
1145.4	0.43329
1145.6	0.44241
1145.8	0.45173
1146.0	0.46122
1146.2	0.47046
1146.4	0.47988
1146.6	0.4895
1146.8	0.49931
1147.0	0.50929
1147.2	0.51733
1147.4	0.5255
1147.6	0.53379
1147.8	0.54222
1148.0	0.55079
1148.2	0.56005
1148.4	0.56947
1148.6	0.57905
1148.8	0.58878
1149.0	0.59865
1149.2	0.60753
1149.4	0.61655
1149.6	0.62569
1149.8	0.63498
1150.0	0.64428
1150.2	0.65078
1150.4	0.65734
1150.6	0.66397
1150.8	0.67067
1151.0	0.67743
1151.2	0.68355
1151.4	0.68971
1151.6	0.69594
1151.8	0.70222
1152.0	0.70851
1152.2	0.71285
1152.4	0.71722
1152.6	0.72162
1152.8	0.72605
1153.0	0.73041
1153.2	0.73183
1153.4	0.73326
1153.6	0.73469
1153.8	0.73613
1154.0	0.73751
1154.2	0.73791
1154.4	0.7383
1154.6	0.7387
1154.8	0.73909
1155.0	0.73944
1155.2	0.7376
1155.4	0.73576
1155.6	0.73393
1155.8	0.7321
1156.0	0.73023
1156.2	0.72687
1156.4	0.72353
1156.6	0.7202
1156.8	0.71689
1157.0	0.71358
1157.2	0.7101
1157.4	0.70664
1157.6	0.7032
1157.8	0.69977
1158.0	0.69632
1158.2	0.69084
1158.4	0.6854
1158.6	0.68001
1158.8	0.67465
1159.0	0.66937
1159.2	0.66497
1159.4	0.66059
1159.6	0.65624
1159.8	0.65192
1160.0	0.64762
1160.2	0.64307
1160.4	0.63856
1160.6	0.63408
1160.8	0.62963
1161.0	0.6252
1161.2	0.61972
1161.4	0.61429
1161.6	0.6089
1161.8	0.60356
1162.0	0.59836
1162.2	0.59514
1162.4	0.59195
1162.6	0.58877
1162.8	0.58561
1163.0	0.58245
1163.2	0.57788
1163.4	0.57335
1163.6	0.56886
1163.8	0.5644
1164.0	0.56004
1164.2	0.55739
1164.4	0.55474
1164.6	0.55211
1164.8	0.54949
1165.0	0.54689
1165.2	0.54408
1165.4	0.54129
1165.6	0.53851
1165.8	0.53575
1166.0	0.533
1166.2	0.53038
1166.4	0.52777
1166.6	0.52518
1166.8	0.5226
1167.0	0.5201
1167.2	0.51932
1167.4	0.51853
1167.6	0.51775
1167.8	0.51697
1168.0	0.51615
1168.2	0.51372
1168.4	0.51129
1168.6	0.50887
1168.8	0.50647
1169.0	0.50419
1169.2	0.50457
1169.4	0.50496
1169.6	0.50534
1169.8	0.50573
1170.0	0.50608
1170.2	0.50432
1170.4	0.50257
1170.6	0.50082
1170.8	0.49908
1171.0	0.49746
1171.2	0.49896
1171.4	0.50048
1171.6	0.50199
1171.8	0.50351
1172.0	0.50501
1172.2	0.50423
1172.4	0.50345
1172.6	0.50267
1172.8	0.50189
1173.0	0.50122
1173.2	0.5036
1173.4	0.50598
1173.6	0.50838
1173.8	0.51079
1174.0	0.51319
1174.2	0.5131
1174.4	0.51301
1174.6	0.51292
1174.8	0.51284
1175.0	0.51284
1175.2	0.516
1175.4	0.51917
1175.6	0.52236
1175.8	0.52557
1176.0	0.52879
1176.2	0.52969
1176.4	0.53059
1176.6	0.53149
1176.8	0.53239
1177.0	0.53337
1177.2	0.53693
1177.4	0.5405
1177.6	0.5441
1177.8	0.54772
1178.0	0.55136
1178.2	0.55317
1178.4	0.55499
1178.6	0.55681
1178.8	0.55863
1179.0	0.56053
1179.2	0.56452
1179.4	0.56853
1179.6	0.57258
1179.8	0.57665
1180.0	0.58074
1180.2	0.58336
1180.4	0.58599
1180.6	0.58864
1180.8	0.59129
1181.0	0.594
1181.2	0.59806
1181.4	0.60214
1181.6	0.60626
1181.8	0.6104
1182.0	0.61456
1182.2	0.61798
1182.4	0.62141
1182.6	0.62487
1182.8	0.62834
1183.0	0.63183
1183.2	0.63506
1183.4	0.6383
1183.6	0.64156
1183.8	0.64484
1184.0	0.64815
1184.2	0.6524
1184.4	0.65667
1184.6	0.66097
1184.8	0.6653
1185.0	0.66957
1185.2	0.67164
1185.4	0.67371
1185.6	0.67579
1185.8	0.67788
1186.0	0.67999
1186.2	0.68346
1186.4	0.68695
1186.6	0.69046
1186.8	0.69399
1187.0	0.69748
1187.2	0.69972
1187.4	0.70197
1187.6	0.70423
1187.8	0.70649
1188.0	0.70875
1188.2	0.71021
1188.4	0.71168
1188.6	0.71316
1188.8	0.71463
1189.0	0.71612
1189.2	0.71794
1189.4	0.71975
1189.6	0.72157
1189.8	0.7234
1190.0	0.72517
1190.2	0.72451
1190.4	0.72386
1190.6	0.7232
1190.8	0.72255
1191.0	0.7219
1191.2	0.72202
1191.4	0.72214
1191.6	0.72227
1191.8	0.72239
1192.0	0.72247
1192.2	0.72117
1192.4	0.71988
1192.6	0.71859
1192.8	0.7173
1193.0	0.716
1193.2	0.71362
1193.4	0.71124
1193.6	0.70888
1193.8	0.70652
1194.0	0.70419
1194.2	0.7023
1194.4	0.70042
1194.6	0.69855
1194.8	0.69668
1195.0	0.69479
1195.2	0.69127
1195.4	0.68778
1195.6	0.6843
1195.8	0.68084
1196.0	0.67739
1196.2	0.67356
1196.4	0.66976
1196.6	0.66598
1196.8	0.66222
1197.0	0.6585
1197.2	0.65538
1197.4	0.65227
1197.6	0.64918
1197.8	0.64611
1198.0	0.64298
1198.2	0.63857
1198.4	0.6342
1198.6	0.62985
1198.8	0.62553
1199.0	0.62125
1199.2	0.61721
1199.4	0.6132
1199.6	0.60921
1199.8	0.60526
1200.0	0.60132
