Typical Measured Spectrum of Semrock FF01-590/104 Optical Filter	
For wavelengths between 320 and 1120 nm, values near or below 1e-6 (Optical Density 6) are measurement noise limited.
For wavelengths < 320 nm and > 1120 nm, values near or below 3e-6 (Optical Density 5.5) are measurement noise limited. 
Data format:  Wavelength (nm) <tab> Transmission (0 to 1)
250.0	0.00258
250.2	0.00253
250.4	0.00249
250.6	0.00244
250.8	0.00239
251.0	0.00235
251.2	0.00206
251.4	0.00156
251.6	0.00118
251.8	8.9127e-04
252.0	6.7434e-04
252.2	5.1021e-04
252.4	3.8603e-04
252.6	2.9207e-04
252.8	2.2098e-04
253.0	1.672e-04
253.2	1.265e-04
253.4	9.5711e-05
253.6	7.2415e-05
253.8	5.479e-05
254.0	4.1454e-05
254.2	3.5218e-05
254.4	2.992e-05
254.6	2.542e-05
254.8	2.1596e-05
255.0	1.8347e-05
255.2	1.5587e-05
255.4	1.3242e-05
255.6	1.125e-05
255.8	9.558e-06
256.0	8.1202e-06
256.2	6.8987e-06
256.4	5.8609e-06
256.6	4.9793e-06
256.8	4.2302e-06
257.0	3.5939e-06
257.2	3.057e-06
257.4	3.3085e-06
257.6	3.5808e-06
257.8	3.8755e-06
258.0	4.1944e-06
258.2	4.5396e-06
258.4	4.9132e-06
258.6	5.3175e-06
258.8	5.7551e-06
259.0	6.2288e-06
259.2	6.7413e-06
259.4	7.2961e-06
259.6	7.8966e-06
259.8	8.5464e-06
260.0	9.2497e-06
260.2	7.9446e-06
260.4	6.8236e-06
260.6	5.8608e-06
260.8	5.0338e-06
261.0	4.3236e-06
261.2	3.7135e-06
261.4	3.1895e-06
261.6	2.7395e-06
261.8	2.3529e-06
262.0	2.0209e-06
262.2	1.7572e-06
262.4	1.822e-06
262.6	1.8893e-06
262.8	1.959e-06
263.0	2.0313e-06
263.2	2.1063e-06
263.4	2.184e-06
263.6	2.2646e-06
263.8	2.3482e-06
264.0	2.4349e-06
264.2	2.5247e-06
264.4	2.6179e-06
264.6	2.7145e-06
264.8	2.8147e-06
265.0	2.9186e-06
265.2	3.2095e-06
265.4	3.5294e-06
265.6	3.8812e-06
265.8	4.268e-06
266.0	4.6935e-06
266.2	5.1613e-06
266.4	5.6757e-06
266.6	6.2414e-06
266.8	6.8635e-06
267.0	7.5477e-06
267.2	8.3e-06
267.4	9.1272e-06
267.6	1.0037e-05
267.8	1.1037e-05
268.0	1.2138e-05
268.2	1.3347e-05
268.4	1.4678e-05
268.6	1.6141e-05
268.8	1.775e-05
269.0	1.9519e-05
269.2	2.1464e-05
269.4	2.3604e-05
269.6	2.2185e-05
269.8	2.0751e-05
270.0	1.9409e-05
270.2	1.8155e-05
270.4	1.6981e-05
270.6	1.5883e-05
270.8	1.4856e-05
271.0	1.3896e-05
271.2	1.2998e-05
271.4	1.2157e-05
271.6	1.1371e-05
271.8	1.0636e-05
272.0	9.9486e-06
272.2	9.3054e-06
272.4	8.7038e-06
272.6	8.1411e-06
272.8	7.6148e-06
273.0	7.1225e-06
273.2	6.6621e-06
273.4	6.2314e-06
273.6	5.8285e-06
273.8	5.4517e-06
274.0	5.0993e-06
274.2	5.143e-06
274.4	5.3925e-06
274.6	5.6541e-06
274.8	5.9284e-06
275.0	6.216e-06
275.2	6.5158e-06
275.4	6.83e-06
275.6	7.1594e-06
275.8	7.5047e-06
276.0	7.8667e-06
276.2	8.246e-06
276.4	8.6437e-06
276.6	9.0606e-06
276.8	9.4976e-06
277.0	9.9556e-06
277.2	1.0436e-05
277.4	1.0939e-05
277.6	1.1467e-05
277.8	1.202e-05
278.0	1.1333e-05
278.2	9.7814e-06
278.4	8.4421e-06
278.6	7.2863e-06
278.8	6.2887e-06
279.0	5.4277e-06
279.2	4.6845e-06
279.4	4.0431e-06
279.6	3.4896e-06
279.8	3.0118e-06
280.0	2.5994e-06
280.2	2.2435e-06
280.4	1.9363e-06
280.6	1.6712e-06
280.8	1.4424e-06
281.0	1.2449e-06
281.2	1.0745e-06
281.4	9.2736e-07
281.6	8.0039e-07
281.8	6.908e-07
282.0	5.9622e-07
282.2	5.1459e-07
282.4	4.4413e-07
282.6	4.1362e-07
282.8	4.8697e-07
283.0	5.7332e-07
283.2	6.7499e-07
283.4	7.9469e-07
283.6	9.3561e-07
283.8	1.1015e-06
284.0	1.2969e-06
284.2	1.5268e-06
284.4	1.7976e-06
284.6	2.1163e-06
284.8	2.4916e-06
285.0	2.9335e-06
285.2	2.4562e-06
285.4	2.0566e-06
285.6	1.722e-06
285.8	1.4419e-06
286.0	1.2073e-06
286.2	1.0109e-06
286.4	8.4641e-07
286.6	7.0871e-07
286.8	5.9341e-07
287.0	4.9686e-07
287.2	4.1603e-07
287.4	3.4834e-07
287.6	2.9167e-07
287.8	2.4422e-07
288.0	2.2526e-07
288.2	2.2163e-07
288.4	2.1805e-07
288.6	2.1453e-07
288.8	2.1106e-07
289.0	2.0766e-07
289.2	2.043e-07
289.4	2.01e-07
289.6	1.9776e-07
289.8	1.9457e-07
290.0	1.9142e-07
290.2	1.8833e-07
290.4	1.8529e-07
290.6	1.823e-07
290.8	1.7936e-07
291.0	1.7646e-07
291.2	1.7361e-07
291.4	1.7081e-07
291.6	1.6805e-07
291.8	1.6534e-07
292.0	1.6267e-07
292.2	1.6004e-07
292.4	1.5746e-07
292.6	1.543e-07
292.8	1.4988e-07
293.0	1.4559e-07
293.2	1.4142e-07
293.4	1.3736e-07
293.6	1.3343e-07
293.8	1.2961e-07
294.0	1.2589e-07
294.2	1.2229e-07
294.4	1.1878e-07
294.6	1.1538e-07
294.8	1.1207e-07
295.0	1.0886e-07
295.2	1.3029e-07
295.4	1.5593e-07
295.6	1.8662e-07
295.8	2.0954e-07
296.0	2.2073e-07
296.2	2.3253e-07
296.4	2.4495e-07
296.6	2.5804e-07
296.8	2.7183e-07
297.0	2.8635e-07
297.2	3.0165e-07
297.4	3.1776e-07
297.6	3.3474e-07
297.8	3.5263e-07
298.0	3.7147e-07
298.2	3.9131e-07
298.4	4.1222e-07
298.6	4.3425e-07
298.8	4.5745e-07
299.0	4.8189e-07
299.2	5.0764e-07
299.4	5.3476e-07
299.6	5.6333e-07
299.8	5.9343e-07
300.0	6.2513e-07
300.2	6.5853e-07
300.4	6.8411e-07
300.6	6.7537e-07
300.8	6.6676e-07
301.0	6.5825e-07
301.2	6.4985e-07
301.4	6.4155e-07
301.6	6.3337e-07
301.8	6.2528e-07
302.0	6.173e-07
302.2	6.0942e-07
302.4	6.0165e-07
302.6	5.9397e-07
302.8	5.8639e-07
303.0	5.789e-07
303.2	5.7152e-07
303.4	5.6422e-07
303.6	5.5702e-07
303.8	5.4991e-07
304.0	5.429e-07
304.2	5.3597e-07
304.4	5.2913e-07
304.6	5.2237e-07
304.8	5.1571e-07
305.0	5.0913e-07
305.2	5.5208e-07
305.4	5.9866e-07
305.6	6.4918e-07
305.8	7.0395e-07
306.0	7.6334e-07
306.2	8.2775e-07
306.4	8.9759e-07
306.6	9.7332e-07
306.8	1.0554e-06
307.0	1.1445e-06
307.2	1.1197e-06
307.4	1.0659e-06
307.6	1.0146e-06
307.8	9.6587e-07
308.0	9.1944e-07
308.2	8.7524e-07
308.4	8.3317e-07
308.6	7.9312e-07
308.8	7.55e-07
309.0	7.1871e-07
309.2	6.8416e-07
309.4	6.5127e-07
309.6	6.1997e-07
309.8	5.9017e-07
310.0	5.618e-07
310.2	5.3479e-07
310.4	5.0909e-07
310.6	4.8462e-07
310.8	4.6132e-07
311.0	4.3915e-07
311.2	4.1804e-07
311.4	3.9794e-07
311.6	3.7881e-07
311.8	3.5972e-07
312.0	3.4073e-07
312.2	3.2275e-07
312.4	3.0571e-07
312.6	2.8957e-07
312.8	2.7429e-07
313.0	2.5981e-07
313.2	2.461e-07
313.4	2.3311e-07
313.6	2.208e-07
313.8	2.0915e-07
314.0	1.9811e-07
314.2	1.8765e-07
314.4	1.7774e-07
314.6	1.6836e-07
314.8	1.5947e-07
315.0	1.5106e-07
315.2	1.4308e-07
315.4	1.3553e-07
315.6	1.2838e-07
315.8	1.216e-07
316.0	1.1518e-07
316.2	1.091e-07
316.4	1.0684e-07
316.6	1.1907e-07
316.8	1.3269e-07
317.0	1.4787e-07
317.2	1.6479e-07
317.4	1.8364e-07
317.6	2.0465e-07
317.8	2.2806e-07
318.0	2.5415e-07
318.2	2.8322e-07
318.4	3.1562e-07
318.6	3.5173e-07
318.8	3.9197e-07
319.0	4.3681e-07
319.2	4.8678e-07
319.4	5.4247e-07
319.6	6.0453e-07
319.8	6.7369e-07
320.0	7.5077e-07
320.2	8.3665e-07
320.4	9.3237e-07
320.6	1.039e-06
320.8	1.1579e-06
321.0	1.2904e-06
321.2	1.266e-06
321.4	1.2302e-06
321.6	1.1955e-06
321.8	1.1617e-06
322.0	1.1289e-06
322.2	1.097e-06
322.4	1.066e-06
322.6	1.0359e-06
322.8	1.0066e-06
323.0	9.7815e-07
323.2	9.5051e-07
323.4	9.2365e-07
323.6	8.9756e-07
323.8	8.722e-07
324.0	8.4755e-07
324.2	8.2361e-07
324.4	8.0034e-07
324.6	7.7772e-07
324.8	7.5575e-07
325.0	7.344e-07
325.2	7.1365e-07
325.4	6.9348e-07
325.6	6.7389e-07
325.8	6.6134e-07
326.0	6.5219e-07
326.2	6.4316e-07
326.4	6.3426e-07
326.6	6.2548e-07
326.8	6.1682e-07
327.0	6.0829e-07
327.2	5.9987e-07
327.4	5.9157e-07
327.6	5.8338e-07
327.8	5.753e-07
328.0	5.6734e-07
328.2	5.5949e-07
328.4	5.5175e-07
328.6	5.4411e-07
328.8	5.3658e-07
329.0	5.2915e-07
329.2	5.2183e-07
329.4	5.1461e-07
329.6	5.0749e-07
329.8	5.0046e-07
330.0	4.9354e-07
330.2	4.8671e-07
330.4	4.8103e-07
330.6	4.7689e-07
330.8	4.7278e-07
331.0	4.687e-07
331.2	4.6466e-07
331.4	4.6066e-07
331.6	4.5669e-07
331.8	4.5275e-07
332.0	4.4885e-07
332.2	4.4498e-07
332.4	4.4114e-07
332.6	4.3734e-07
332.8	4.3357e-07
333.0	4.2984e-07
333.2	4.2613e-07
333.4	4.2246e-07
333.6	4.1882e-07
333.8	4.1521e-07
334.0	4.1163e-07
334.2	4.0808e-07
334.4	4.0456e-07
334.6	4.0107e-07
334.8	3.9762e-07
335.0	3.9679e-07
335.2	4.2324e-07
335.4	4.5144e-07
335.6	4.8152e-07
335.8	5.1361e-07
336.0	5.4783e-07
336.2	5.8434e-07
336.4	6.2328e-07
336.6	6.6481e-07
336.8	7.0911e-07
337.0	7.5636e-07
337.2	7.4905e-07
337.4	7.3326e-07
337.6	7.178e-07
337.8	7.0267e-07
338.0	6.8785e-07
338.2	6.7335e-07
338.4	6.5916e-07
338.6	6.4526e-07
338.8	6.3166e-07
339.0	6.1834e-07
339.2	6.0531e-07
339.4	5.9255e-07
339.6	5.8006e-07
339.8	5.6783e-07
340.0	5.5586e-07
340.2	5.4414e-07
340.4	5.3267e-07
340.6	5.2144e-07
340.8	5.1045e-07
341.0	4.9969e-07
341.2	4.8915e-07
341.4	4.7884e-07
341.6	4.6875e-07
341.8	4.7262e-07
342.0	4.86e-07
342.2	4.9976e-07
342.4	5.1391e-07
342.6	5.2846e-07
342.8	5.4342e-07
343.0	5.5881e-07
343.2	5.7463e-07
343.4	5.909e-07
343.6	6.0763e-07
343.8	6.2484e-07
344.0	6.4253e-07
344.2	6.6072e-07
344.4	6.7942e-07
344.6	6.9866e-07
344.8	7.1844e-07
345.0	7.3878e-07
345.2	7.597e-07
345.4	7.8121e-07
345.6	8.0333e-07
345.8	8.2607e-07
346.0	8.4946e-07
346.2	8.7351e-07
346.4	8.6971e-07
346.6	8.1554e-07
346.8	7.6474e-07
347.0	7.171e-07
347.2	6.7244e-07
347.4	6.3055e-07
347.6	5.9128e-07
347.8	5.5445e-07
348.0	5.1991e-07
348.2	4.8753e-07
348.4	4.5716e-07
348.6	4.2868e-07
348.8	4.0198e-07
349.0	3.7694e-07
349.2	3.5346e-07
349.4	3.3145e-07
349.6	3.108e-07
349.8	2.9144e-07
350.0	2.7329e-07
350.2	2.5627e-07
350.4	2.403e-07
350.6	2.2534e-07
350.8	2.113e-07
351.0	1.9943e-07
351.2	1.9785e-07
351.4	1.9628e-07
351.6	1.9472e-07
351.8	1.9318e-07
352.0	1.9165e-07
352.2	1.9013e-07
352.4	1.8862e-07
352.6	1.8713e-07
352.8	1.8564e-07
353.0	1.8417e-07
353.2	1.8271e-07
353.4	1.8126e-07
353.6	1.7983e-07
353.8	1.784e-07
354.0	1.7699e-07
354.2	1.7558e-07
354.4	1.7419e-07
354.6	1.7281e-07
354.8	1.7144e-07
355.0	1.7008e-07
355.2	1.6873e-07
355.4	1.674e-07
355.6	1.6607e-07
355.8	1.7222e-07
356.0	1.7959e-07
356.2	1.8727e-07
356.4	1.9527e-07
356.6	2.0362e-07
356.8	2.1233e-07
357.0	2.214e-07
357.2	2.3087e-07
357.4	2.4074e-07
357.6	2.5103e-07
357.8	2.6176e-07
358.0	2.7296e-07
358.2	2.8463e-07
358.4	2.9679e-07
358.6	3.0948e-07
358.8	3.2272e-07
359.0	3.3651e-07
359.2	3.509e-07
359.4	3.659e-07
359.6	3.8155e-07
359.8	3.9786e-07
360.0	4.1487e-07
360.2	4.3261e-07
360.4	4.2123e-07
360.6	3.9684e-07
360.8	3.7386e-07
361.0	3.5222e-07
361.2	3.3182e-07
361.4	3.1261e-07
361.6	2.9451e-07
361.8	2.7746e-07
362.0	2.614e-07
362.2	2.4626e-07
362.4	2.32e-07
362.6	2.1857e-07
362.8	2.0592e-07
363.0	1.9399e-07
363.2	1.8276e-07
363.4	1.7218e-07
363.6	1.6221e-07
363.8	1.5282e-07
364.0	1.4397e-07
364.2	1.3564e-07
364.4	1.2778e-07
364.6	1.2039e-07
364.8	1.1342e-07
365.0	1.0859e-07
365.2	1.0961e-07
365.4	1.1064e-07
365.6	1.1168e-07
365.8	1.1273e-07
366.0	1.1378e-07
366.2	1.1485e-07
366.4	1.1593e-07
366.6	1.1701e-07
366.8	1.1811e-07
367.0	1.1922e-07
367.2	1.2033e-07
367.4	1.2146e-07
367.6	1.226e-07
367.8	1.2375e-07
368.0	1.2491e-07
368.2	1.2608e-07
368.4	1.335e-07
368.6	1.4187e-07
368.8	1.5076e-07
369.0	1.6021e-07
369.2	1.7025e-07
369.4	1.8092e-07
369.6	1.9225e-07
369.8	2.043e-07
370.0	2.171e-07
370.2	2.3071e-07
370.4	2.4517e-07
370.6	2.6053e-07
370.8	2.7686e-07
371.0	2.9421e-07
371.2	3.1264e-07
371.4	3.3224e-07
371.6	3.5213e-07
371.8	3.28e-07
372.0	3.0553e-07
372.2	2.846e-07
372.4	2.651e-07
372.6	2.4694e-07
372.8	2.3002e-07
373.0	2.1426e-07
373.2	1.9958e-07
373.4	1.8591e-07
373.6	1.7317e-07
373.8	1.6131e-07
374.0	1.5025e-07
374.2	1.3996e-07
374.4	1.3037e-07
374.6	1.2144e-07
374.8	1.1312e-07
375.0	1.0615e-07
375.2	1.0545e-07
375.4	1.0476e-07
375.6	1.0407e-07
375.8	1.0338e-07
376.0	1.027e-07
376.2	1.0202e-07
376.4	1.0135e-07
376.6	1.0068e-07
376.8	1.0002e-07
377.0	9.9363e-08
377.2	9.8708e-08
377.4	9.8058e-08
377.6	9.7412e-08
377.8	9.677e-08
378.0	9.6133e-08
378.2	9.5499e-08
378.4	9.6567e-08
378.6	1.0398e-07
378.8	1.1196e-07
379.0	1.2055e-07
379.2	1.2981e-07
379.4	1.3977e-07
379.6	1.505e-07
379.8	1.6205e-07
380.0	1.7449e-07
380.2	1.8788e-07
380.4	2.023e-07
380.6	2.1783e-07
380.8	2.3455e-07
381.0	2.5255e-07
381.2	2.7193e-07
381.4	2.9281e-07
381.6	3.1528e-07
381.8	3.3034e-07
382.0	3.2746e-07
382.2	3.2461e-07
382.4	3.2179e-07
382.6	3.1898e-07
382.8	3.1621e-07
383.0	3.1345e-07
383.2	3.1072e-07
383.4	3.0802e-07
383.6	3.0534e-07
383.8	3.0268e-07
384.0	3.0004e-07
384.2	2.9743e-07
384.4	2.9484e-07
384.6	2.9227e-07
384.8	2.8973e-07
385.0	2.8721e-07
385.2	2.796e-07
385.4	2.6612e-07
385.6	2.5328e-07
385.8	2.4107e-07
386.0	2.2945e-07
386.2	2.1838e-07
386.4	2.0785e-07
386.6	1.9783e-07
386.8	1.8829e-07
387.0	1.7921e-07
387.2	1.7057e-07
387.4	1.6235e-07
387.6	1.5452e-07
387.8	1.4707e-07
388.0	1.3998e-07
388.2	1.3323e-07
388.4	1.268e-07
388.6	1.2086e-07
388.8	1.1533e-07
389.0	1.1004e-07
389.2	1.05e-07
389.4	1.0019e-07
389.6	9.5605e-08
389.8	9.1225e-08
390.0	8.7047e-08
390.2	8.306e-08
390.4	7.9255e-08
390.6	7.5625e-08
390.8	7.2161e-08
391.0	6.8855e-08
391.2	6.5702e-08
391.4	6.2692e-08
391.6	5.982e-08
391.8	5.708e-08
392.0	1.4877e-08
392.2	1.4777e-08
392.4	1.4677e-08
392.6	1.4578e-08
392.8	1.448e-08
393.0	1.4348e-08
393.2	1.419e-08
393.4	1.4035e-08
393.6	1.3881e-08
393.8	1.3728e-08
394.0	1.3578e-08
394.2	1.3429e-08
394.4	1.3281e-08
394.6	1.3136e-08
394.8	1.2992e-08
395.0	1.2849e-08
395.2	1.2708e-08
395.4	1.2569e-08
395.6	1.2431e-08
395.8	1.2294e-08
396.0	1.216e-08
396.2	1.2026e-08
396.4	1.1894e-08
396.6	1.1764e-08
396.8	1.168e-08
397.0	1.1597e-08
397.2	1.1514e-08
397.4	1.1432e-08
397.6	1.135e-08
397.8	1.1269e-08
398.0	1.1188e-08
398.2	1.1108e-08
398.4	1.1029e-08
398.6	1.095e-08
398.8	1.0872e-08
399.0	1.0794e-08
399.2	1.0717e-08
399.4	1.064e-08
399.6	1.0564e-08
399.8	1.0489e-08
400.0	1.0414e-08
400.2	1.034e-08
400.4	1.0911e-08
400.6	1.2334e-08
400.8	1.3943e-08
401.0	1.5762e-08
401.2	1.7818e-08
401.4	2.0142e-08
401.6	2.2769e-08
401.8	2.5739e-08
402.0	2.9096e-08
402.2	3.2891e-08
402.4	3.7181e-08
402.6	4.203e-08
402.8	4.7512e-08
403.0	5.371e-08
403.2	6.0715e-08
403.4	6.8634e-08
403.6	7.7586e-08
403.8	8.7706e-08
404.0	9.9145e-08
404.2	1.0e-07
404.4	1.0e-07
404.6	1.0e-07
404.8	1.0e-07
405.0	1.0e-07
405.2	1.0e-07
405.4	1.0e-07
405.6	1.0e-07
405.8	1.0e-07
406.0	1.0e-07
406.2	1.0e-07
406.4	1.0e-07
406.6	1.0e-07
406.8	1.0e-07
407.0	1.0e-07
407.2	1.0e-07
407.4	1.0e-07
407.6	1.0e-07
407.8	1.0e-07
408.0	1.0e-07
408.2	1.0e-07
408.4	1.0e-07
408.6	1.0e-07
408.8	1.0e-07
409.0	1.0e-07
409.2	1.0e-07
409.4	1.0e-07
409.6	1.0e-07
409.8	1.0e-07
410.0	1.0e-07
410.2	1.0e-07
410.4	1.0e-07
410.6	1.0e-07
410.8	1.0e-07
411.0	1.0e-07
411.2	1.0e-07
411.4	1.0e-07
411.6	1.0e-07
411.8	1.0e-07
412.0	1.0e-07
412.2	1.0e-07
412.4	1.0e-07
412.6	1.0e-07
412.8	1.0e-07
413.0	1.0e-07
413.2	1.0e-07
413.4	1.0e-07
413.6	1.0e-07
413.8	1.0e-07
414.0	1.0e-07
414.2	1.0e-07
414.4	1.0e-07
414.6	1.0e-07
414.8	1.0e-07
415.0	1.0e-07
415.2	1.0e-07
415.4	1.0e-07
415.6	1.0e-07
415.8	1.0e-07
416.0	1.0e-07
416.2	1.0e-07
416.4	1.0e-07
416.6	1.0e-07
416.8	1.0e-07
417.0	1.0e-07
417.2	1.0e-07
417.4	1.0e-07
417.6	1.0e-07
417.8	1.0e-07
418.0	1.0e-07
418.2	1.0e-07
418.4	1.0e-07
418.6	1.0e-07
418.8	1.0e-07
419.0	1.0e-07
419.2	1.0e-07
419.4	1.0e-07
419.6	1.0e-07
419.8	1.0e-07
420.0	1.0e-07
420.2	1.0e-07
420.4	1.0e-07
420.6	1.0e-07
420.8	1.0e-07
421.0	1.0e-07
421.2	1.0e-07
421.4	1.0e-07
421.6	1.0e-07
421.8	1.0e-07
422.0	1.0e-07
422.2	1.0e-07
422.4	1.0e-07
422.6	1.0e-07
422.8	1.0e-07
423.0	1.0e-07
423.2	1.0e-07
423.4	1.0e-07
423.6	1.0e-07
423.8	1.0e-07
424.0	1.0e-07
424.2	1.0e-07
424.4	1.0e-07
424.6	1.0e-07
424.8	1.0e-07
425.0	1.0e-07
425.2	1.0e-07
425.4	1.0e-07
425.6	1.0e-07
425.8	1.0e-07
426.0	1.0e-07
426.2	1.0e-07
426.4	1.0e-07
426.6	1.0e-07
426.8	1.0e-07
427.0	1.0e-07
427.2	1.0e-07
427.4	1.0e-07
427.6	1.0e-07
427.8	1.0e-07
428.0	1.0e-07
428.2	1.0e-07
428.4	1.0e-07
428.6	1.0e-07
428.8	1.0e-07
429.0	1.0e-07
429.2	1.0e-07
429.4	1.0e-07
429.6	1.0e-07
429.8	1.0e-07
430.0	1.0e-07
430.2	9.8771e-08
430.4	8.8266e-08
430.6	7.8879e-08
430.8	7.049e-08
431.0	6.2993e-08
431.2	5.6294e-08
431.4	5.0307e-08
431.6	4.4956e-08
431.8	4.0175e-08
432.0	3.5902e-08
432.2	3.2084e-08
432.4	2.8672e-08
432.6	2.5622e-08
432.8	2.2897e-08
433.0	2.0462e-08
433.2	1.8286e-08
433.4	1.6341e-08
433.6	1.4603e-08
433.8	1.305e-08
434.0	1.2699e-08
434.2	1.3127e-08
434.4	1.357e-08
434.6	1.4027e-08
434.8	1.45e-08
435.0	1.4988e-08
435.2	1.5494e-08
435.4	1.6016e-08
435.6	1.6556e-08
435.8	1.7114e-08
436.0	1.769e-08
436.2	1.8287e-08
436.4	1.8903e-08
436.6	1.954e-08
436.8	2.0199e-08
437.0	2.0879e-08
437.2	2.1583e-08
437.4	2.2311e-08
437.6	2.2949e-08
437.8	2.2112e-08
438.0	2.1305e-08
438.2	2.0528e-08
438.4	1.9779e-08
438.6	1.9057e-08
438.8	1.8362e-08
439.0	1.7692e-08
439.2	1.7046e-08
439.4	1.6424e-08
439.6	1.5825e-08
439.8	1.5247e-08
440.0	1.4691e-08
440.2	1.4155e-08
440.4	1.3638e-08
440.6	1.3141e-08
440.8	1.2661e-08
441.0	1.2199e-08
441.2	1.1754e-08
441.4	1.2089e-08
441.6	1.306e-08
441.8	1.411e-08
442.0	1.5244e-08
442.2	1.6469e-08
442.4	1.7792e-08
442.6	1.9222e-08
442.8	2.0767e-08
443.0	2.2435e-08
443.2	2.4238e-08
443.4	2.6186e-08
443.6	2.8291e-08
443.8	3.0564e-08
444.0	3.302e-08
444.2	3.5674e-08
444.4	3.8541e-08
444.6	4.1638e-08
444.8	4.4984e-08
445.0	4.8461e-08
445.2	5.0406e-08
445.4	5.2429e-08
445.6	5.4533e-08
445.8	5.6721e-08
446.0	5.8998e-08
446.2	6.1366e-08
446.4	6.3828e-08
446.6	6.639e-08
446.8	6.9054e-08
447.0	7.1826e-08
447.2	7.4709e-08
447.4	7.7707e-08
447.6	8.0825e-08
447.8	8.4069e-08
448.0	8.7443e-08
448.2	9.0953e-08
448.4	9.4603e-08
448.6	9.84e-08
448.8	1.0e-07
449.0	1.0e-07
449.2	1.0e-07
449.4	1.0e-07
449.6	1.0e-07
449.8	1.0e-07
450.0	1.0e-07
450.2	1.0e-07
450.4	1.0e-07
450.6	1.0e-07
450.8	1.0e-07
451.0	1.0e-07
451.2	1.0e-07
451.4	1.0e-07
451.6	1.0e-07
451.8	1.0e-07
452.0	1.0e-07
452.2	1.0e-07
452.4	1.0e-07
452.6	1.0e-07
452.8	1.0e-07
453.0	1.0e-07
453.2	1.0e-07
453.4	1.0e-07
453.6	1.0e-07
453.8	1.0e-07
454.0	1.0e-07
454.2	1.0e-07
454.4	1.0e-07
454.6	1.0e-07
454.8	1.0e-07
455.0	1.0e-07
455.2	1.0e-07
455.4	1.0e-07
455.6	1.0e-07
455.8	1.0e-07
456.0	1.0e-07
456.2	1.0e-07
456.4	1.0e-07
456.6	1.0e-07
456.8	1.0e-07
457.0	1.0e-07
457.2	1.0e-07
457.4	1.0e-07
457.6	1.0e-07
457.8	1.0e-07
458.0	1.0e-07
458.2	1.0e-07
458.4	1.0e-07
458.6	1.0e-07
458.8	1.0e-07
459.0	1.0e-07
459.2	1.0e-07
459.4	1.0e-07
459.6	1.0e-07
459.8	1.0e-07
460.0	1.0e-07
460.2	1.0e-07
460.4	1.0e-07
460.6	1.0e-07
460.8	1.0e-07
461.0	1.0e-07
461.2	1.0e-07
461.4	1.0e-07
461.6	1.0e-07
461.8	1.0e-07
462.0	1.0e-07
462.2	1.0e-07
462.4	1.0e-07
462.6	1.0e-07
462.8	1.0e-07
463.0	1.0e-07
463.2	1.0178e-07
463.4	1.0398e-07
463.6	1.0622e-07
463.8	1.0852e-07
464.0	1.1086e-07
464.2	1.1325e-07
464.4	1.157e-07
464.6	1.182e-07
464.8	1.2075e-07
465.0	1.2336e-07
465.2	1.2602e-07
465.4	1.2874e-07
465.6	1.3152e-07
465.8	1.3436e-07
466.0	1.3727e-07
466.2	1.4023e-07
466.4	1.4326e-07
466.6	1.4635e-07
466.8	1.4951e-07
467.0	1.5274e-07
467.2	1.5604e-07
467.4	1.5941e-07
467.6	1.6285e-07
467.8	1.6637e-07
468.0	1.6996e-07
468.2	1.7426e-07
468.4	1.7879e-07
468.6	1.8344e-07
468.8	1.8821e-07
469.0	1.9311e-07
469.2	1.9813e-07
469.4	2.0328e-07
469.6	2.0857e-07
469.8	2.1399e-07
470.0	2.1956e-07
470.2	2.2527e-07
470.4	2.3113e-07
470.6	2.3714e-07
470.8	2.4331e-07
471.0	2.4963e-07
471.2	2.5613e-07
471.4	2.6279e-07
471.6	2.6962e-07
471.8	2.7663e-07
472.0	2.8383e-07
472.2	2.9121e-07
472.4	2.9878e-07
472.6	3.0655e-07
472.8	3.1453e-07
473.0	3.2271e-07
473.2	3.2463e-07
473.4	3.2537e-07
473.6	3.2613e-07
473.8	3.2688e-07
474.0	3.2763e-07
474.2	3.2839e-07
474.4	3.2915e-07
474.6	3.2991e-07
474.8	3.3067e-07
475.0	3.3143e-07
475.2	3.322e-07
475.4	3.3296e-07
475.6	3.3373e-07
475.8	3.345e-07
476.0	3.3527e-07
476.2	3.3605e-07
476.4	3.3682e-07
476.6	3.376e-07
476.8	3.3838e-07
477.0	3.3916e-07
477.2	3.3995e-07
477.4	3.4073e-07
477.6	3.4152e-07
477.8	3.423e-07
478.0	3.4309e-07
478.2	3.3917e-07
478.4	3.3431e-07
478.6	3.2952e-07
478.8	3.2479e-07
479.0	3.2014e-07
479.2	3.1555e-07
479.4	3.1103e-07
479.6	3.0657e-07
479.8	3.0218e-07
480.0	2.9785e-07
480.2	2.9358e-07
480.4	2.8937e-07
480.6	2.8522e-07
480.8	2.8113e-07
481.0	2.7711e-07
481.2	2.7313e-07
481.4	2.6922e-07
481.6	2.6536e-07
481.8	2.6156e-07
482.0	2.5781e-07
482.2	2.5411e-07
482.4	2.5047e-07
482.6	2.4688e-07
482.8	2.4334e-07
483.0	2.3986e-07
483.2	2.4062e-07
483.4	2.4238e-07
483.6	2.4415e-07
483.8	2.4594e-07
484.0	2.4773e-07
484.2	2.4955e-07
484.4	2.5137e-07
484.6	2.5321e-07
484.8	2.5506e-07
485.0	2.5693e-07
485.2	2.5881e-07
485.4	2.607e-07
485.6	2.6261e-07
485.8	2.6453e-07
486.0	2.6647e-07
486.2	2.6842e-07
486.4	2.7038e-07
486.6	2.7236e-07
486.8	2.7435e-07
487.0	2.7636e-07
487.2	2.7838e-07
487.4	2.8042e-07
487.6	2.8247e-07
487.8	2.8454e-07
488.0	2.8662e-07
488.2	2.8445e-07
488.4	2.8137e-07
488.6	2.7833e-07
488.8	2.7532e-07
489.0	2.7235e-07
489.2	2.6941e-07
489.4	2.6649e-07
489.6	2.6361e-07
489.8	2.6077e-07
490.0	2.5795e-07
490.2	2.5516e-07
490.4	2.524e-07
490.6	2.4967e-07
490.8	2.4698e-07
491.0	2.4431e-07
491.2	2.4167e-07
491.4	2.3905e-07
491.6	2.3647e-07
491.8	2.3392e-07
492.0	2.3139e-07
492.2	2.2889e-07
492.4	2.2641e-07
492.6	2.2397e-07
492.8	2.2155e-07
493.0	2.1915e-07
493.2	2.1919e-07
493.4	2.1975e-07
493.6	2.2031e-07
493.8	2.2087e-07
494.0	2.2143e-07
494.2	2.22e-07
494.4	2.2256e-07
494.6	2.2313e-07
494.8	2.237e-07
495.0	2.2427e-07
495.2	2.2484e-07
495.4	2.2541e-07
495.6	2.2598e-07
495.8	2.2656e-07
496.0	2.2714e-07
496.2	2.2771e-07
496.4	2.2829e-07
496.6	2.2887e-07
496.8	2.2946e-07
497.0	2.3004e-07
497.2	2.3063e-07
497.4	2.3121e-07
497.6	2.318e-07
497.8	2.3239e-07
498.0	2.3298e-07
498.2	2.3273e-07
498.4	2.3228e-07
498.6	2.3184e-07
498.8	2.314e-07
499.0	2.3096e-07
499.2	2.3052e-07
499.4	2.3008e-07
499.6	2.2964e-07
499.8	2.2921e-07
500.0	2.2877e-07
500.2	2.2834e-07
500.4	2.279e-07
500.6	2.2747e-07
500.8	2.2703e-07
501.0	2.266e-07
501.2	2.2617e-07
501.4	2.2574e-07
501.6	2.2531e-07
501.8	2.2488e-07
502.0	2.2445e-07
502.2	2.2403e-07
502.4	2.236e-07
502.6	2.2317e-07
502.8	2.2275e-07
503.0	2.2233e-07
503.2	2.2323e-07
503.4	2.2444e-07
503.6	2.2565e-07
503.8	2.2687e-07
504.0	2.281e-07
504.2	2.2934e-07
504.4	2.3058e-07
504.6	2.3183e-07
504.8	2.3308e-07
505.0	2.3435e-07
505.2	2.3562e-07
505.4	2.3689e-07
505.6	2.3817e-07
505.8	2.3946e-07
506.0	2.4076e-07
506.2	2.4207e-07
506.4	2.4338e-07
506.6	2.4469e-07
506.8	2.4602e-07
507.0	2.4735e-07
507.2	2.4869e-07
507.4	2.5004e-07
507.6	2.5139e-07
507.8	2.5275e-07
508.0	2.5412e-07
508.2	2.555e-07
508.4	2.5688e-07
508.6	2.5762e-07
508.8	2.5716e-07
509.0	2.5671e-07
509.2	2.5625e-07
509.4	2.558e-07
509.6	2.5535e-07
509.8	2.549e-07
510.0	2.5445e-07
510.2	2.54e-07
510.4	2.5355e-07
510.6	2.531e-07
510.8	2.5265e-07
511.0	2.5221e-07
511.2	2.5176e-07
511.4	2.5132e-07
511.6	2.5087e-07
511.8	2.5043e-07
512.0	2.4999e-07
512.2	2.4955e-07
512.4	2.491e-07
512.6	2.4866e-07
512.8	2.4822e-07
513.0	2.4779e-07
513.2	2.4989e-07
513.4	2.5256e-07
513.6	2.5526e-07
513.8	2.5799e-07
514.0	2.6075e-07
514.2	2.6353e-07
514.4	2.6635e-07
514.6	2.6919e-07
514.8	2.7207e-07
515.0	2.7498e-07
515.2	2.7792e-07
515.4	2.8089e-07
515.6	2.8389e-07
515.8	2.8692e-07
516.0	2.8999e-07
516.2	2.9309e-07
516.4	2.9622e-07
516.6	2.9938e-07
516.8	2.3983e-07
517.0	1.9144e-07
517.2	1.5281e-07
517.4	1.2198e-07
517.6	9.7368e-08
517.8	7.7722e-08
518.0	6.2041e-08
518.2	6.1238e-08
518.4	6.1245e-08
518.6	8.7275e-08
518.8	2.3428e-07
519.0	1.3469e-07
519.2	6.8602e-08
519.4	4.9438e-08
519.6	2.8143e-08
519.8	4.8631e-08
520.0	7.9936e-08
520.2	7.0917e-08
520.4	6.2915e-08
520.6	1.0834e-07
520.8	5.9238e-08
521.0	5.8884e-08
521.2	8.1302e-08
521.4	7.348e-08
521.6	5.8096e-08
521.8	5.9115e-08
522.0	9.5488e-08
522.2	1.8961e-07
522.4	1.7575e-07
522.6	1.1403e-07
522.8	1.1394e-07
523.0	8.0655e-08
523.2	5.6952e-08
523.4	1.544e-07
523.6	1.8698e-07
523.8	2.2644e-07
524.0	1.3632e-07
524.2	4.8952e-08
524.4	2.2736e-08
524.6	1.1237e-07
524.8	6.7215e-08
525.0	5.5811e-08
525.2	6.3705e-08
525.4	1.1714e-07
525.6	5.5094e-08
525.8	5.4901e-08
526.0	7.447e-08
526.2	9.2587e-08
526.4	1.1511e-07
526.6	7.9854e-08
526.8	3.662e-08
527.0	2.0202e-08
527.2	7.5336e-08
527.4	1.4029e-07
527.6	2.4923e-07
527.8	1.9736e-07
528.0	1.4381e-07
528.2	1.3356e-07
528.4	5.253e-08
528.6	1.9226e-08
528.8	4.3942e-08
529.0	1.0043e-07
529.2	8.4348e-08
529.4	3.6851e-08
529.6	1.9114e-08
529.8	5.6213e-08
530.0	1.1049e-07
530.2	1.6601e-07
530.4	2.3266e-07
530.6	1.5403e-07
530.8	1.0197e-07
531.0	1.0723e-07
531.2	1.5582e-07
531.4	1.854e-07
531.6	2.2059e-07
531.8	1.5207e-07
532.0	7.003e-08
532.2	3.6818e-08
532.4	1.5423e-07
532.6	2.9431e-07
532.8	3.3972e-07
533.0	3.8842e-07
533.2	4.0764e-07
533.4	4.278e-07
533.6	4.3634e-07
533.8	4.4305e-07
534.0	5.2529e-07
534.2	6.228e-07
534.4	8.2605e-07
534.6	1.1884e-06
534.8	1.7627e-06
535.0	3.9278e-06
535.2	7.5544e-06
535.4	1.3032e-05
535.6	2.3126e-05
535.8	6.1695e-05
536.0	1.6459e-04
536.2	0.00116
536.4	0.00192
536.6	0.00421
536.8	0.01207
537.0	0.03665
537.2	0.11015
537.4	0.28409
537.6	0.58725
537.8	0.85649
538.0	0.95421
538.2	0.96017
538.4	0.96467
538.6	0.96891
538.8	0.96949
539.0	0.96539
539.2	0.9654
539.4	0.9703
539.6	0.97635
539.8	0.97953
540.0	0.97619
540.2	0.9703
540.4	0.96531
540.6	0.9667
540.8	0.96999
541.0	0.97344
541.2	0.97351
541.4	0.97246
541.6	0.97137
541.8	0.9707
542.0	0.96769
542.2	0.96641
542.4	0.97403
542.6	0.97791
542.8	0.97815
543.0	0.97647
543.2	0.97522
543.4	0.97431
543.6	0.97262
543.8	0.97006
544.0	0.97105
544.2	0.97079
544.4	0.97281
544.6	0.97132
544.8	0.96831
545.0	0.96035
545.2	0.95494
545.4	0.95282
545.6	0.94817
545.8	0.94469
546.0	0.9496
546.2	0.95302
546.4	0.95337
546.6	0.95089
546.8	0.94104
547.0	0.93055
547.2	0.92446
547.4	0.91585
547.6	0.90849
547.8	0.90714
548.0	0.91386
548.2	0.92205
548.4	0.93021
548.6	0.93899
548.8	0.94724
549.0	0.95282
549.2	0.95394
549.4	0.95435
549.6	0.95119
549.8	0.9476
550.0	0.94667
550.2	0.95105
550.4	0.95486
550.6	0.95996
550.8	0.96403
551.0	0.96766
551.2	0.96587
551.4	0.9646
551.6	0.96053
551.8	0.9548
552.0	0.95148
552.2	0.95141
552.4	0.95435
552.6	0.95491
552.8	0.95893
553.0	0.96364
553.2	0.96628
553.4	0.9689
553.6	0.96695
553.8	0.96608
554.0	0.96013
554.2	0.95713
554.4	0.95357
554.6	0.9542
554.8	0.95498
555.0	0.95692
555.2	0.95729
555.4	0.95835
555.6	0.9633
555.8	0.96369
556.0	0.96322
556.2	0.96273
556.4	0.95908
556.6	0.95821
556.8	0.95795
557.0	0.95898
557.2	0.95912
557.4	0.961
557.6	0.96425
557.8	0.96561
558.0	0.9684
558.2	0.9692
558.4	0.9681
558.6	0.96484
558.8	0.96104
559.0	0.9608
559.2	0.95652
559.4	0.95498
559.6	0.9591
559.8	0.96295
560.0	0.9665
560.2	0.9673
560.4	0.97184
560.6	0.97653
560.8	0.97915
561.0	0.97725
561.2	0.973
561.4	0.9713
561.6	0.97088
561.8	0.96672
562.0	0.96618
562.2	0.9672
562.4	0.96884
562.6	0.97314
562.8	0.97518
563.0	0.97811
563.2	0.9786
563.4	0.97746
563.6	0.97354
563.8	0.96935
564.0	0.96038
564.2	0.95662
564.4	0.95391
564.6	0.95447
564.8	0.95555
565.0	0.95832
565.2	0.96547
565.4	0.97034
565.6	0.97487
565.8	0.98306
566.0	0.98557
566.2	0.98617
566.4	0.97981
566.6	0.97525
566.8	0.96989
567.0	0.96507
567.2	0.96021
567.4	0.95875
567.6	0.95791
567.8	0.95964
568.0	0.96302
568.2	0.9701
568.4	0.97477
568.6	0.97721
568.8	0.98118
569.0	0.97699
569.2	0.97491
569.4	0.97185
569.6	0.96894
569.8	0.96488
570.0	0.96237
570.2	0.95941
570.4	0.95938
570.6	0.96092
570.8	0.96403
571.0	0.96736
571.2	0.97496
571.4	0.976
571.6	0.97841
571.8	0.97682
572.0	0.97541
572.2	0.97248
572.4	0.96786
572.6	0.96275
572.8	0.95831
573.0	0.95315
573.2	0.9552
573.4	0.95578
573.6	0.95922
573.8	0.96123
574.0	0.96913
574.2	0.97434
574.4	0.9744
574.6	0.97467
574.8	0.97715
575.0	0.97804
575.2	0.97655
575.4	0.97152
575.6	0.97032
575.8	0.96886
576.0	0.96512
576.2	0.96721
576.4	0.96856
576.6	0.97089
576.8	0.97001
577.0	0.97302
577.2	0.97678
577.4	0.97568
577.6	0.97538
577.8	0.97122
578.0	0.96922
578.2	0.96925
578.4	0.9676
578.6	0.96584
578.8	0.96455
579.0	0.96311
579.2	0.96551
579.4	0.97019
579.6	0.9736
579.8	0.97546
580.0	0.97636
580.2	0.97662
580.4	0.97693
580.6	0.97454
580.8	0.9718
581.0	0.96377
581.2	0.96274
581.4	0.96242
581.6	0.96182
581.8	0.96188
582.0	0.96213
582.2	0.96541
582.4	0.97065
582.6	0.97313
582.8	0.97005
583.0	0.97226
583.2	0.97385
583.4	0.97578
583.6	0.97077
583.8	0.9675
584.0	0.96391
584.2	0.9619
584.4	0.96606
584.6	0.96504
584.8	0.96522
585.0	0.97102
585.2	0.9735
585.4	0.97773
585.6	0.98098
585.8	0.98608
586.0	0.9854
586.2	0.9861
586.4	0.98467
586.6	0.97928
586.8	0.97821
587.0	0.97241
587.2	0.97027
587.4	0.96444
587.6	0.96385
587.8	0.96473
588.0	0.96464
588.2	0.96527
588.4	0.96952
588.6	0.97074
588.8	0.97754
589.0	0.98012
589.2	0.97853
589.4	0.97802
589.6	0.97705
589.8	0.97655
590.0	0.97344
590.2	0.974
590.4	0.97366
590.6	0.97065
590.8	0.96962
591.0	0.96894
591.2	0.9701
591.4	0.97416
591.6	0.97632
591.8	0.97678
592.0	0.98064
592.2	0.98099
592.4	0.98075
592.6	0.97791
592.8	0.97958
593.0	0.97744
593.2	0.97697
593.4	0.97528
593.6	0.96779
593.8	0.96506
594.0	0.96692
594.2	0.97145
594.4	0.97075
594.6	0.97195
594.8	0.97629
595.0	0.97542
595.2	0.97721
595.4	0.98253
595.6	0.98238
595.8	0.97932
596.0	0.97875
596.2	0.97954
596.4	0.97954
596.6	0.98037
596.8	0.97776
597.0	0.97549
597.2	0.97587
597.4	0.97525
597.6	0.97377
597.8	0.97497
598.0	0.97613
598.2	0.97174
598.4	0.97272
598.6	0.97561
598.8	0.97522
599.0	0.97304
599.2	0.97361
599.4	0.97074
599.6	0.96948
599.8	0.96833
600.0	0.96826
600.2	0.97147
600.4	0.96825
600.6	0.97092
600.8	0.97007
601.0	0.97154
601.2	0.97409
601.4	0.97485
601.6	0.97386
601.8	0.97184
602.0	0.96739
602.2	0.9671
602.4	0.96695
602.6	0.96597
602.8	0.96458
603.0	0.96258
603.2	0.96615
603.4	0.96639
603.6	0.96967
603.8	0.9733
604.0	0.97382
604.2	0.9764
604.4	0.97755
604.6	0.97668
604.8	0.97545
605.0	0.97446
605.2	0.97098
605.4	0.96705
605.6	0.9657
605.8	0.9618
606.0	0.96229
606.2	0.96442
606.4	0.96467
606.6	0.96158
606.8	0.96585
607.0	0.96584
607.2	0.97148
607.4	0.97122
607.6	0.97234
607.8	0.97561
608.0	0.97185
608.2	0.9685
608.4	0.96767
608.6	0.96448
608.8	0.96455
609.0	0.96439
609.2	0.96084
609.4	0.95668
609.6	0.95728
609.8	0.95866
610.0	0.96516
610.2	0.96845
610.4	0.97363
610.6	0.97784
610.8	0.9821
611.0	0.98161
611.2	0.98405
611.4	0.98499
611.6	0.98215
611.8	0.98267
612.0	0.9806
612.2	0.97357
612.4	0.97133
612.6	0.9679
612.8	0.96422
613.0	0.96077
613.2	0.96194
613.4	0.963
613.6	0.96329
613.8	0.96877
614.0	0.97539
614.2	0.97742
614.4	0.97771
614.6	0.97948
614.8	0.97783
615.0	0.97409
615.2	0.96824
615.4	0.966
615.6	0.96416
615.8	0.96232
616.0	0.95739
616.2	0.95635
616.4	0.95916
616.6	0.96062
616.8	0.96364
617.0	0.96763
617.2	0.97338
617.4	0.9781
617.6	0.981
617.8	0.98298
618.0	0.98419
618.2	0.9803
618.4	0.97455
618.6	0.96735
618.8	0.96404
619.0	0.95724
619.2	0.95274
619.4	0.94706
619.6	0.94094
619.8	0.9408
620.0	0.9411
620.2	0.94336
620.4	0.94749
620.6	0.95224
620.8	0.96348
621.0	0.96946
621.2	0.97914
621.4	0.98222
621.6	0.98334
621.8	0.98149
622.0	0.97699
622.2	0.97482
622.4	0.97009
622.6	0.96076
622.8	0.95149
623.0	0.94566
623.2	0.94165
623.4	0.93624
623.6	0.93468
623.8	0.93724
624.0	0.93701
624.2	0.94529
624.4	0.95457
624.6	0.95905
624.8	0.96585
625.0	0.97696
625.2	0.97948
625.4	0.97774
625.6	0.97746
625.8	0.97637
626.0	0.97086
626.2	0.96393
626.4	0.95745
626.6	0.94835
626.8	0.9425
627.0	0.93771
627.2	0.9349
627.4	0.93573
627.6	0.93623
627.8	0.94084
628.0	0.94741
628.2	0.95004
628.4	0.95631
628.6	0.96175
628.8	0.96985
629.0	0.97459
629.2	0.97847
629.4	0.97799
629.6	0.9718
629.8	0.96397
630.0	0.96165
630.2	0.95396
630.4	0.94796
630.6	0.95043
630.8	0.94137
631.0	0.93968
631.2	0.9422
631.4	0.94417
631.6	0.94768
631.8	0.95469
632.0	0.95896
632.2	0.96528
632.4	0.97042
632.6	0.97334
632.8	0.97881
633.0	0.97907
633.2	0.97722
633.4	0.97697
633.6	0.97439
633.8	0.96981
634.0	0.96826
634.2	0.96569
634.4	0.96384
634.6	0.96076
634.8	0.95852
635.0	0.96007
635.2	0.96286
635.4	0.96545
635.6	0.96863
635.8	0.96735
636.0	0.97127
636.2	0.97376
636.4	0.97499
636.6	0.97851
636.8	0.97735
637.0	0.97415
637.2	0.97077
637.4	0.96926
637.6	0.96825
637.8	0.96714
638.0	0.96707
638.2	0.96781
638.4	0.9666
638.6	0.96994
638.8	0.96759
639.0	0.96839
639.2	0.96805
639.4	0.96567
639.6	0.96634
639.8	0.96696
640.0	0.96624
640.2	0.96167
640.4	0.95882
640.6	0.95818
640.8	0.9624
641.0	0.96794
641.2	0.97309
641.4	0.97452
641.6	0.97948
641.8	0.97976
642.0	0.97636
642.2	0.97225
642.4	0.96275
642.6	0.94487
642.8	0.92666
643.0	0.91321
643.2	0.90713
643.4	0.90606
643.6	0.9086
643.8	0.91702
644.0	0.88598
644.2	0.77817
644.4	0.59115
644.6	0.33339
644.8	0.19319
645.0	0.10812
645.2	0.06198
645.4	0.03651
645.6	0.02208
645.8	0.01384
646.0	0.00802
646.2	0.00517
646.4	0.00342
646.6	0.0023
646.8	0.00158
647.0	0.00109
647.2	7.6249e-04
647.4	5.2471e-04
647.6	3.8125e-04
647.8	2.7628e-04
648.0	2.0238e-04
648.2	1.5181e-04
648.4	1.1276e-04
648.6	8.5284e-05
648.8	6.3424e-05
649.0	4.8158e-05
649.2	3.7683e-05
649.4	2.9697e-05
649.6	2.1712e-05
649.8	1.7604e-05
650.0	1.3891e-05
650.2	1.1586e-05
650.4	8.2604e-06
650.6	6.8814e-06
650.8	5.7596e-06
651.0	3.8956e-06
651.2	3.7717e-06
651.4	2.891e-06
651.6	2.7811e-06
651.8	1.9034e-06
652.0	2.1118e-06
652.2	1.1406e-06
652.4	1.3056e-06
652.6	9.6852e-07
652.8	1.1002e-06
653.0	3.8158e-07
653.2	6.161e-07
653.4	6.9697e-07
653.6	2.0444e-07
653.8	1.8735e-07
654.0	3.9645e-07
654.2	5.7433e-07
654.4	2.9051e-07
654.6	2.6656e-07
654.8	2.6353e-07
655.0	3.0076e-07
655.2	1.9626e-07
655.4	3.5809e-07
655.6	1.2604e-07
655.8	1.2604e-07
656.0	1.2624e-07
656.2	1.5853e-07
656.4	2.3812e-07
656.6	1.2596e-07
656.8	3.7805e-07
657.0	1.622e-07
657.2	2.4396e-07
657.4	1.2631e-07
657.6	1.8115e-07
657.8	1.2642e-07
658.0	1.267e-07
658.2	1.2654e-07
658.4	2.4508e-07
658.6	2.315e-07
658.8	1.7731e-07
659.0	1.2724e-07
659.2	1.2714e-07
659.4	1.2736e-07
659.6	3.307e-07
659.8	2.5512e-07
660.0	1.3449e-07
660.2	1.4668e-07
660.4	1.5999e-07
660.6	1.745e-07
660.8	1.9033e-07
661.0	2.076e-07
661.2	2.2643e-07
661.4	2.4697e-07
661.6	2.5685e-07
661.8	2.5565e-07
662.0	2.5445e-07
662.2	2.5326e-07
662.4	2.5208e-07
662.6	2.509e-07
662.8	2.4973e-07
663.0	2.4856e-07
663.2	2.474e-07
663.4	2.4625e-07
663.6	2.451e-07
663.8	2.4395e-07
664.0	2.4281e-07
664.2	2.4168e-07
664.4	2.4055e-07
664.6	2.3942e-07
664.8	2.383e-07
665.0	2.3712e-07
665.2	2.3509e-07
665.4	2.3309e-07
665.6	2.311e-07
665.8	2.2912e-07
666.0	2.2717e-07
666.2	2.2523e-07
666.4	2.2331e-07
666.6	2.214e-07
666.8	2.1951e-07
667.0	2.1764e-07
667.2	2.1578e-07
667.4	2.1394e-07
667.6	2.1212e-07
667.8	2.1031e-07
668.0	2.0851e-07
668.2	2.0673e-07
668.4	2.0497e-07
668.6	2.0322e-07
668.8	2.0148e-07
669.0	1.9976e-07
669.2	1.9806e-07
669.4	1.9637e-07
669.6	1.9469e-07
669.8	1.9303e-07
670.0	1.9165e-07
670.2	1.9078e-07
670.4	1.8992e-07
670.6	1.8906e-07
670.8	1.8821e-07
671.0	1.8736e-07
671.2	1.8651e-07
671.4	1.8567e-07
671.6	1.8483e-07
671.8	1.8399e-07
672.0	1.8316e-07
672.2	1.8233e-07
672.4	1.8151e-07
672.6	1.8069e-07
672.8	1.7987e-07
673.0	1.7906e-07
673.2	1.7825e-07
673.4	1.7744e-07
673.6	1.7664e-07
673.8	1.7584e-07
674.0	1.7505e-07
674.2	1.7426e-07
674.4	1.7347e-07
674.6	1.7269e-07
674.8	1.7191e-07
675.0	1.678e-07
675.2	1.6166e-07
675.4	1.5575e-07
675.6	1.5005e-07
675.8	1.4457e-07
676.0	1.3928e-07
676.2	1.3419e-07
676.4	1.2928e-07
676.6	1.2455e-07
676.8	1.1999e-07
677.0	1.1561e-07
677.2	1.1138e-07
677.4	1.073e-07
677.6	1.0338e-07
677.8	9.9599e-08
678.0	9.5956e-08
678.2	9.2446e-08
678.4	8.9065e-08
678.6	8.5808e-08
678.8	8.267e-08
679.0	7.9646e-08
679.2	7.6733e-08
679.4	7.3927e-08
679.6	7.1223e-08
679.8	6.8618e-08
680.0	6.5869e-08
680.2	6.319e-08
680.4	6.062e-08
680.6	5.8154e-08
680.8	5.5789e-08
681.0	5.3519e-08
681.2	5.1343e-08
681.4	4.9254e-08
681.6	4.7251e-08
681.8	4.5329e-08
682.0	4.3485e-08
682.2	4.1717e-08
682.4	4.002e-08
682.6	3.8392e-08
682.8	3.683e-08
683.0	3.5332e-08
683.2	3.3895e-08
683.4	3.2517e-08
683.6	3.1194e-08
683.8	2.9925e-08
684.0	2.8708e-08
684.2	2.754e-08
684.4	2.642e-08
684.6	2.5345e-08
684.8	2.448e-08
685.0	2.5134e-08
685.2	2.5805e-08
685.4	2.6494e-08
685.6	2.7202e-08
685.8	2.7928e-08
686.0	2.8674e-08
686.2	2.9439e-08
686.4	3.0225e-08
686.6	3.1033e-08
686.8	3.1861e-08
687.0	3.2712e-08
687.2	3.3585e-08
687.4	3.4482e-08
687.6	3.5403e-08
687.8	3.6348e-08
688.0	3.7319e-08
688.2	3.8316e-08
688.4	3.9339e-08
688.6	4.0389e-08
688.8	4.1468e-08
689.0	4.2575e-08
689.2	4.3712e-08
689.4	4.4879e-08
689.6	4.6077e-08
689.8	4.6726e-08
690.0	4.6285e-08
690.2	4.5848e-08
690.4	4.5415e-08
690.6	4.4986e-08
690.8	4.4561e-08
691.0	4.414e-08
691.2	4.3723e-08
691.4	4.331e-08
691.6	4.29e-08
691.8	4.2495e-08
692.0	4.2094e-08
692.2	4.1696e-08
692.4	4.1302e-08
692.6	4.0912e-08
692.8	4.0525e-08
693.0	4.0143e-08
693.2	3.9763e-08
693.4	3.9388e-08
693.6	3.9016e-08
693.8	3.8647e-08
694.0	3.8282e-08
694.2	3.792e-08
694.4	3.7562e-08
694.6	3.7207e-08
694.8	3.7535e-08
695.0	3.8341e-08
695.2	3.9163e-08
695.4	4.0003e-08
695.6	4.0861e-08
695.8	4.1738e-08
696.0	4.2633e-08
696.2	4.3548e-08
696.4	4.4482e-08
696.6	4.5437e-08
696.8	4.6411e-08
697.0	4.7407e-08
697.2	4.8424e-08
697.4	4.9463e-08
697.6	5.0524e-08
697.8	5.1608e-08
698.0	5.2715e-08
698.2	5.3846e-08
698.4	5.5001e-08
698.6	5.6181e-08
698.8	5.7386e-08
699.0	5.8617e-08
699.2	5.9875e-08
699.4	6.1159e-08
699.6	6.2471e-08
699.8	6.334e-08
700.0	6.4134e-08
700.2	6.4937e-08
700.4	6.5751e-08
700.6	6.6575e-08
700.8	6.7409e-08
701.0	6.8254e-08
701.2	6.9109e-08
701.4	6.9975e-08
701.6	7.0852e-08
701.8	7.174e-08
702.0	7.2639e-08
702.2	7.3549e-08
702.4	7.447e-08
702.6	7.5404e-08
702.8	7.6348e-08
703.0	7.7305e-08
703.2	7.8274e-08
703.4	7.9255e-08
703.6	8.0248e-08
703.8	8.1253e-08
704.0	8.2271e-08
704.2	8.3302e-08
704.4	8.4346e-08
704.6	8.5188e-08
704.8	8.3997e-08
705.0	8.2823e-08
705.2	8.1665e-08
705.4	8.0523e-08
705.6	7.9398e-08
705.8	7.8288e-08
706.0	7.7193e-08
706.2	7.6114e-08
706.4	7.505e-08
706.6	7.4001e-08
706.8	7.2966e-08
707.0	7.1946e-08
707.2	7.094e-08
707.4	6.9949e-08
707.6	6.8971e-08
707.8	6.8007e-08
708.0	6.7056e-08
708.2	6.6118e-08
708.4	6.5194e-08
708.6	6.4283e-08
708.8	6.3384e-08
709.0	6.2498e-08
709.2	6.1624e-08
709.4	6.0763e-08
709.6	6.029e-08
709.8	6.0553e-08
710.0	6.0817e-08
710.2	6.1082e-08
710.4	6.1349e-08
710.6	6.1616e-08
710.8	6.1885e-08
711.0	6.2155e-08
711.2	6.2426e-08
711.4	6.2698e-08
711.6	6.2972e-08
711.8	6.3246e-08
712.0	6.3522e-08
712.2	6.3799e-08
712.4	6.4078e-08
712.6	6.4357e-08
712.8	6.4638e-08
713.0	6.492e-08
713.2	6.5203e-08
713.4	6.5487e-08
713.6	6.5773e-08
713.8	6.606e-08
714.0	6.6348e-08
714.2	6.4172e-08
714.4	6.1411e-08
714.6	5.8769e-08
714.8	5.624e-08
715.0	5.382e-08
715.2	5.1505e-08
715.4	4.9289e-08
715.6	4.7168e-08
715.8	4.5139e-08
716.0	4.3197e-08
716.2	4.1338e-08
716.4	3.9559e-08
716.6	3.7857e-08
716.8	3.6229e-08
717.0	3.467e-08
717.2	3.3178e-08
717.4	3.1751e-08
717.6	3.0715e-08
717.8	3.0198e-08
718.0	2.969e-08
718.2	2.919e-08
718.4	2.8699e-08
718.6	2.8216e-08
718.8	2.7741e-08
719.0	2.7274e-08
719.2	2.6816e-08
719.4	2.6364e-08
719.6	2.5921e-08
719.8	2.5485e-08
720.0	2.5056e-08
720.2	2.4634e-08
720.4	2.422e-08
720.6	2.5258e-08
720.8	3.288e-08
721.0	4.2802e-08
721.2	5.5718e-08
721.4	7.2531e-08
721.6	9.4418e-08
721.8	1.2291e-07
722.0	1.6e-07
722.2	2.0828e-07
722.4	2.4365e-07
722.6	2.4518e-07
722.8	2.4671e-07
723.0	2.4825e-07
723.2	2.4981e-07
723.4	2.5137e-07
723.6	2.5294e-07
723.8	2.5452e-07
724.0	2.5611e-07
724.2	2.5779e-07
724.4	2.5963e-07
724.6	2.6148e-07
724.8	2.6334e-07
725.0	2.6521e-07
725.2	2.671e-07
725.4	2.6901e-07
725.6	2.7092e-07
725.8	2.7285e-07
726.0	2.7388e-07
726.2	2.7217e-07
726.4	2.7046e-07
726.6	2.6877e-07
726.8	2.6709e-07
727.0	2.6541e-07
727.2	2.6375e-07
727.4	2.621e-07
727.6	2.6046e-07
727.8	2.5851e-07
728.0	2.5501e-07
728.2	2.5156e-07
728.4	2.4816e-07
728.6	2.448e-07
728.8	2.4149e-07
729.0	2.3822e-07
729.2	2.35e-07
729.4	2.3182e-07
729.6	2.2904e-07
729.8	2.2997e-07
730.0	2.309e-07
730.2	2.3184e-07
730.4	2.3278e-07
730.6	2.3373e-07
730.8	2.3467e-07
731.0	2.3563e-07
731.2	2.3658e-07
731.4	2.3742e-07
731.6	2.3026e-07
731.8	2.2331e-07
732.0	2.1658e-07
732.2	2.1005e-07
732.4	2.0371e-07
732.6	1.9757e-07
732.8	1.9161e-07
733.0	1.8583e-07
733.2	1.8023e-07
733.4	1.854e-07
733.6	1.9138e-07
733.8	1.9755e-07
734.0	2.0392e-07
734.2	2.105e-07
734.4	2.1729e-07
734.6	2.2429e-07
734.8	2.3153e-07
735.0	2.3899e-07
735.2	2.3156e-07
735.4	2.2234e-07
735.6	2.1349e-07
735.8	2.0499e-07
736.0	1.9683e-07
736.2	1.8899e-07
736.4	1.8147e-07
736.6	1.7424e-07
736.8	1.673e-07
737.0	1.7359e-07
737.2	1.8352e-07
737.4	1.9402e-07
737.6	2.0512e-07
737.8	2.1686e-07
738.0	2.2927e-07
738.2	2.393e-07
738.4	2.4977e-07
738.6	2.607e-07
738.8	2.721e-07
739.0	2.8401e-07
739.2	2.9033e-07
739.4	2.8854e-07
739.6	2.8677e-07
739.8	2.8501e-07
740.0	2.8326e-07
740.2	2.8152e-07
740.4	2.7979e-07
740.6	2.7808e-07
740.8	2.7637e-07
741.0	2.7467e-07
741.2	2.7299e-07
741.4	2.7131e-07
741.6	2.6964e-07
741.8	2.6799e-07
742.0	2.6634e-07
742.2	2.6471e-07
742.4	2.6308e-07
742.6	2.6147e-07
742.8	2.5987e-07
743.0	2.5829e-07
743.2	2.5672e-07
743.4	2.5516e-07
743.6	2.5361e-07
743.8	2.5207e-07
744.0	2.5054e-07
744.2	2.4901e-07
744.4	2.475e-07
744.6	2.46e-07
744.8	2.445e-07
745.0	2.4302e-07
745.2	2.4154e-07
745.4	2.4008e-07
745.6	2.3862e-07
745.8	2.3717e-07
746.0	2.3573e-07
746.2	2.3429e-07
746.4	2.3287e-07
746.6	2.3355e-07
746.8	2.3426e-07
747.0	2.3498e-07
747.2	2.3569e-07
747.4	2.3641e-07
747.6	2.3713e-07
747.8	2.3785e-07
748.0	2.3858e-07
748.2	2.3931e-07
748.4	2.4003e-07
748.6	2.4077e-07
748.8	2.415e-07
749.0	2.4224e-07
749.2	2.4298e-07
749.4	2.4372e-07
749.6	2.4446e-07
749.8	2.452e-07
750.0	2.4595e-07
750.2	2.4469e-07
750.4	2.4288e-07
750.6	2.4109e-07
750.8	2.393e-07
751.0	2.3753e-07
751.2	2.3578e-07
751.4	2.3403e-07
751.6	2.323e-07
751.8	2.3058e-07
752.0	2.2888e-07
752.2	2.2718e-07
752.4	2.255e-07
752.6	2.2383e-07
752.8	2.2218e-07
753.0	2.2053e-07
753.2	2.189e-07
753.4	2.1728e-07
753.6	2.1567e-07
753.8	2.1554e-07
754.0	2.1642e-07
754.2	2.173e-07
754.4	2.1819e-07
754.6	2.1908e-07
754.8	2.1997e-07
755.0	2.2087e-07
755.2	2.2177e-07
755.4	2.2268e-07
755.6	2.2359e-07
755.8	2.245e-07
756.0	2.2542e-07
756.2	2.2634e-07
756.4	2.2726e-07
756.6	2.2819e-07
756.8	2.2912e-07
757.0	2.3006e-07
757.2	2.31e-07
757.4	2.3168e-07
757.6	2.3199e-07
757.8	2.323e-07
758.0	2.3261e-07
758.2	2.3291e-07
758.4	2.3322e-07
758.6	2.3353e-07
758.8	2.3384e-07
759.0	2.3415e-07
759.2	2.3446e-07
759.4	2.3477e-07
759.6	2.3508e-07
759.8	2.3539e-07
760.0	2.357e-07
760.2	2.3602e-07
760.4	2.3633e-07
760.6	2.3664e-07
760.8	2.3696e-07
761.0	2.3708e-07
761.2	2.3656e-07
761.4	2.3605e-07
761.6	2.3554e-07
761.8	2.3503e-07
762.0	2.3452e-07
762.2	2.3401e-07
762.4	2.335e-07
762.6	2.3299e-07
762.8	2.3248e-07
763.0	2.3198e-07
763.2	2.3148e-07
763.4	2.3097e-07
763.6	2.3047e-07
763.8	2.2997e-07
764.0	2.2947e-07
764.2	2.2897e-07
764.4	2.2847e-07
764.6	2.2814e-07
764.8	2.3012e-07
765.0	2.3211e-07
765.2	2.3412e-07
765.4	2.3615e-07
765.6	2.382e-07
765.8	2.4026e-07
766.0	2.4235e-07
766.2	2.4445e-07
766.4	2.4657e-07
766.6	2.487e-07
766.8	2.5086e-07
767.0	2.5303e-07
767.2	2.5523e-07
767.4	2.5744e-07
767.6	2.5967e-07
767.8	2.6192e-07
768.0	2.6419e-07
768.2	2.6648e-07
768.4	2.6732e-07
768.6	2.6802e-07
768.8	2.6871e-07
769.0	2.6941e-07
769.2	2.7011e-07
769.4	2.7082e-07
769.6	2.7152e-07
769.8	2.7223e-07
770.0	2.7293e-07
770.2	2.7365e-07
770.4	2.7436e-07
770.6	2.7507e-07
770.8	2.7579e-07
771.0	2.765e-07
771.2	2.7722e-07
771.4	2.7794e-07
771.6	2.7867e-07
771.8	2.7939e-07
772.0	2.7828e-07
772.2	2.7662e-07
772.4	2.7497e-07
772.6	2.7333e-07
772.8	2.717e-07
773.0	2.7007e-07
773.2	2.6846e-07
773.4	2.6686e-07
773.6	2.6527e-07
773.8	2.6369e-07
774.0	2.6212e-07
774.2	2.6055e-07
774.4	2.59e-07
774.6	2.5745e-07
774.8	2.5592e-07
775.0	2.5439e-07
775.2	2.5287e-07
775.4	2.5137e-07
775.6	2.4891e-07
775.8	2.4593e-07
776.0	2.4299e-07
776.2	2.4009e-07
776.4	2.3721e-07
776.6	2.3438e-07
776.8	2.3158e-07
777.0	2.2881e-07
777.2	2.2607e-07
777.4	2.2337e-07
777.6	2.207e-07
777.8	2.1806e-07
778.0	2.1545e-07
778.2	2.1287e-07
778.4	2.1033e-07
778.6	2.0781e-07
778.8	2.0533e-07
779.0	2.0287e-07
779.2	2.008e-07
779.4	1.9908e-07
779.6	1.9737e-07
779.8	1.9569e-07
780.0	1.9401e-07
780.2	1.9235e-07
780.4	1.9071e-07
780.6	1.8907e-07
780.8	1.8746e-07
781.0	1.8585e-07
781.2	1.8426e-07
781.4	1.8269e-07
781.6	1.8112e-07
781.8	1.7957e-07
782.0	1.7804e-07
782.2	1.7651e-07
782.4	1.75e-07
782.6	1.7351e-07
782.8	1.7263e-07
783.0	1.727e-07
783.2	1.7276e-07
783.4	1.7283e-07
783.6	1.7289e-07
783.8	1.7296e-07
784.0	1.7302e-07
784.2	1.7309e-07
784.4	1.7315e-07
784.6	1.7322e-07
784.8	1.7329e-07
785.0	1.7335e-07
785.2	1.7342e-07
785.4	1.7348e-07
785.6	1.7355e-07
785.8	1.7361e-07
786.0	1.7368e-07
786.2	1.7375e-07
786.4	1.7258e-07
786.6	1.6855e-07
786.8	1.6461e-07
787.0	1.6076e-07
787.2	1.5701e-07
787.4	1.5334e-07
787.6	1.4975e-07
787.8	1.4626e-07
788.0	1.4284e-07
788.2	1.395e-07
788.4	1.3624e-07
788.6	1.3306e-07
788.8	1.2995e-07
789.0	1.2691e-07
789.2	1.2394e-07
789.4	1.2105e-07
789.6	1.1822e-07
789.8	1.1545e-07
790.0	1.1405e-07
790.2	1.1792e-07
790.4	1.2193e-07
790.6	1.2607e-07
790.8	1.3035e-07
791.0	1.3478e-07
791.2	1.3936e-07
791.4	1.4409e-07
791.6	1.4899e-07
791.8	1.5405e-07
792.0	1.5928e-07
792.2	1.6469e-07
792.4	1.7029e-07
792.6	1.7607e-07
792.8	1.8205e-07
793.0	1.8824e-07
793.2	1.9463e-07
793.4	2.0124e-07
793.6	2.0414e-07
793.8	1.7876e-07
794.0	1.5653e-07
794.2	1.3707e-07
794.4	1.2003e-07
794.6	1.0511e-07
794.8	9.2041e-08
795.0	8.0598e-08
795.2	7.9785e-08
795.4	7.8981e-08
795.6	7.8185e-08
795.8	7.7397e-08
796.0	7.6617e-08
796.2	7.5845e-08
796.4	7.508e-08
796.6	7.4323e-08
796.8	7.3574e-08
797.0	7.2833e-08
797.2	7.2224e-08
797.4	7.2424e-08
797.6	7.2624e-08
797.8	7.2825e-08
798.0	7.3026e-08
798.2	7.3228e-08
798.4	7.343e-08
798.6	7.3633e-08
798.8	7.3837e-08
799.0	7.4041e-08
799.2	7.4245e-08
799.4	7.445e-08
799.6	7.4656e-08
799.8	7.4863e-08
800.0	7.5069e-08
800.2	7.5277e-08
800.4	7.5485e-08
800.6	7.5694e-08
800.8	7.5829e-08
801.0	7.4987e-08
801.2	7.4155e-08
801.4	7.3332e-08
801.6	7.2518e-08
801.8	7.1713e-08
802.0	7.0917e-08
802.2	7.013e-08
802.4	6.9352e-08
802.6	6.8582e-08
802.8	6.7821e-08
803.0	6.7068e-08
803.2	6.7996e-08
803.4	6.8936e-08
803.6	6.989e-08
803.8	7.0856e-08
804.0	7.1836e-08
804.2	7.283e-08
804.4	7.0997e-08
804.6	6.8637e-08
804.8	6.6356e-08
805.0	6.415e-08
805.2	6.2018e-08
805.4	5.9957e-08
805.6	5.7964e-08
805.8	5.6037e-08
806.0	5.4175e-08
806.2	5.2374e-08
806.4	5.0633e-08
806.6	4.895e-08
806.8	4.7323e-08
807.0	4.575e-08
807.2	4.423e-08
807.4	4.276e-08
807.6	4.1338e-08
807.8	3.9964e-08
808.0	4.0952e-08
808.2	4.3102e-08
808.4	4.5365e-08
808.6	4.7747e-08
808.8	5.0254e-08
809.0	5.2892e-08
809.2	5.5669e-08
809.4	5.8592e-08
809.6	6.1668e-08
809.8	6.4906e-08
810.0	6.8314e-08
810.2	7.1901e-08
810.4	7.5676e-08
810.6	7.9649e-08
810.8	8.3831e-08
811.0	8.8233e-08
811.2	9.2866e-08
811.4	9.7741e-08
811.6	9.9993e-08
811.8	9.9993e-08
812.0	9.9994e-08
812.2	9.9994e-08
812.4	9.9995e-08
812.6	9.9995e-08
812.8	9.9995e-08
813.0	9.9996e-08
813.2	9.9996e-08
813.4	9.9997e-08
813.6	9.9997e-08
813.8	9.9997e-08
814.0	9.9998e-08
814.2	9.9998e-08
814.4	9.9999e-08
814.6	9.9999e-08
814.8	9.9999e-08
815.0	1.0e-07
815.2	9.9075e-08
815.4	9.6958e-08
815.6	9.4886e-08
815.8	9.2859e-08
816.0	9.0875e-08
816.2	8.8933e-08
816.4	8.7032e-08
816.6	8.5173e-08
816.8	8.3353e-08
817.0	8.1571e-08
817.2	7.9828e-08
817.4	7.8123e-08
817.6	7.6453e-08
817.8	7.4819e-08
818.0	7.3221e-08
818.2	7.1656e-08
818.4	7.0125e-08
818.6	6.8626e-08
818.8	6.7098e-08
819.0	6.5476e-08
819.2	6.3892e-08
819.4	6.2347e-08
819.6	6.084e-08
819.8	5.9368e-08
820.0	5.7933e-08
820.2	5.6532e-08
820.4	5.5165e-08
820.6	5.3831e-08
820.8	5.2529e-08
821.0	5.1259e-08
821.2	5.0019e-08
821.4	4.881e-08
821.6	4.763e-08
821.8	4.6478e-08
822.0	4.5354e-08
822.2	4.4257e-08
822.4	4.3698e-08
822.6	4.5039e-08
822.8	4.6421e-08
823.0	4.7846e-08
823.2	4.9314e-08
823.4	5.0828e-08
823.6	5.2388e-08
823.8	5.3995e-08
824.0	5.5653e-08
824.2	5.736e-08
824.4	5.9121e-08
824.6	6.0935e-08
824.8	6.2805e-08
825.0	6.4733e-08
825.2	6.6719e-08
825.4	6.8767e-08
825.6	7.0877e-08
825.8	7.3053e-08
826.0	7.4835e-08
826.2	7.3444e-08
826.4	7.208e-08
826.6	7.074e-08
826.8	6.9426e-08
827.0	6.8136e-08
827.2	6.687e-08
827.4	6.5627e-08
827.6	6.4408e-08
827.8	6.3211e-08
828.0	6.2037e-08
828.2	6.0884e-08
828.4	5.9753e-08
828.6	5.8642e-08
828.8	5.7553e-08
829.0	5.6483e-08
829.2	5.5434e-08
829.4	5.4404e-08
829.6	5.3484e-08
829.8	5.4781e-08
830.0	5.6109e-08
830.2	5.7469e-08
830.4	5.8862e-08
830.6	6.0289e-08
830.8	6.175e-08
831.0	6.3247e-08
831.2	6.478e-08
831.4	6.6351e-08
831.6	6.7959e-08
831.8	6.9606e-08
832.0	7.1294e-08
832.2	7.3022e-08
832.4	7.4792e-08
832.6	7.6605e-08
832.8	7.8462e-08
833.0	8.0364e-08
833.2	8.2312e-08
833.4	8.0991e-08
833.6	7.9576e-08
833.8	7.8185e-08
834.0	7.6818e-08
834.2	7.5476e-08
834.4	7.4156e-08
834.6	7.286e-08
834.8	7.1587e-08
835.0	7.0336e-08
835.2	6.9106e-08
835.4	6.7898e-08
835.6	6.6711e-08
835.8	6.5545e-08
836.0	6.44e-08
836.2	6.3274e-08
836.4	6.2168e-08
836.6	6.1082e-08
836.8	6.0014e-08
837.0	6.247e-08
837.2	6.5423e-08
837.4	6.8515e-08
837.6	7.1753e-08
837.8	7.5145e-08
838.0	7.8696e-08
838.2	8.2415e-08
838.4	8.6311e-08
838.6	9.039e-08
838.8	9.4662e-08
839.0	9.9136e-08
839.2	1.0382e-07
839.4	1.0873e-07
839.6	1.1387e-07
839.8	1.1925e-07
840.0	1.2488e-07
840.2	1.3079e-07
840.4	1.3697e-07
840.6	1.4219e-07
840.8	1.4738e-07
841.0	1.5277e-07
841.2	1.5835e-07
841.4	1.6413e-07
841.6	1.7012e-07
841.8	1.7634e-07
842.0	1.8278e-07
842.2	1.8945e-07
842.4	1.9637e-07
842.6	2.0355e-07
842.8	2.1098e-07
843.0	2.1869e-07
843.2	2.2667e-07
843.4	2.3495e-07
843.6	2.4353e-07
843.8	2.5243e-07
844.0	2.6165e-07
844.2	2.5218e-07
844.4	2.3868e-07
844.6	2.259e-07
844.8	2.1381e-07
845.0	2.0236e-07
845.2	1.9153e-07
845.4	1.8128e-07
845.6	1.7157e-07
845.8	1.6239e-07
846.0	1.5369e-07
846.2	1.4546e-07
846.4	1.3768e-07
846.6	1.3031e-07
846.8	1.2333e-07
847.0	1.1673e-07
847.2	1.1048e-07
847.4	1.0456e-07
847.6	9.8965e-08
847.8	9.6919e-08
848.0	9.5915e-08
848.2	9.4922e-08
848.4	9.3939e-08
848.6	9.2967e-08
848.8	9.2004e-08
849.0	9.1052e-08
849.2	9.0109e-08
849.4	8.9176e-08
849.6	8.8253e-08
849.8	8.7339e-08
850.0	8.6435e-08
850.2	8.554e-08
850.4	8.4654e-08
850.6	8.3778e-08
850.8	8.291e-08
851.0	8.2052e-08
851.2	8.1202e-08
851.4	8.5283e-08
851.6	9.1459e-08
851.8	9.8082e-08
852.0	1.0518e-07
852.2	1.128e-07
852.4	1.2097e-07
852.6	1.2973e-07
852.8	1.3912e-07
853.0	1.492e-07
853.2	1.6e-07
853.4	1.7159e-07
853.6	1.8402e-07
853.8	1.9734e-07
854.0	2.1163e-07
854.2	2.2696e-07
854.4	2.4339e-07
854.6	2.6102e-07
854.8	2.7992e-07
855.0	2.839e-07
855.2	2.8191e-07
855.4	2.7993e-07
855.6	2.7797e-07
855.8	2.7602e-07
856.0	2.7409e-07
856.2	2.7217e-07
856.4	2.7026e-07
856.6	2.6836e-07
856.8	2.6648e-07
857.0	2.6462e-07
857.2	2.6276e-07
857.4	2.6092e-07
857.6	2.5909e-07
857.8	2.5727e-07
858.0	2.5547e-07
858.2	2.5368e-07
858.4	2.519e-07
858.6	2.4137e-07
858.8	2.2802e-07
859.0	2.1541e-07
859.2	2.035e-07
859.4	1.9225e-07
859.6	1.8161e-07
859.8	1.7157e-07
860.0	1.6208e-07
860.2	1.5312e-07
860.4	1.4465e-07
860.6	1.3665e-07
860.8	1.2909e-07
861.0	1.2195e-07
861.2	1.1521e-07
861.4	1.0884e-07
861.6	1.0282e-07
861.8	9.7132e-08
862.0	9.176e-08
862.2	9.0394e-08
862.4	9.0512e-08
862.6	9.0629e-08
862.8	9.0747e-08
863.0	9.0865e-08
863.2	9.0983e-08
863.4	9.1101e-08
863.6	9.122e-08
863.8	9.1338e-08
864.0	9.1457e-08
864.2	9.1576e-08
864.4	9.1695e-08
864.6	9.1814e-08
864.8	9.1933e-08
865.0	9.2053e-08
865.2	9.2173e-08
865.4	9.2292e-08
865.6	9.2412e-08
865.8	9.1262e-08
866.0	8.9666e-08
866.2	8.8098e-08
866.4	8.6557e-08
866.6	8.5043e-08
866.8	8.3556e-08
867.0	8.2095e-08
867.2	8.0659e-08
867.4	7.9249e-08
867.6	7.7863e-08
867.8	7.6501e-08
868.0	7.5163e-08
868.2	6.836e-08
868.4	6.2173e-08
868.6	5.6546e-08
868.8	5.1428e-08
869.0	4.6773e-08
869.2	4.2539e-08
869.4	4.0167e-08
869.6	4.5545e-08
869.8	5.1643e-08
870.0	5.8557e-08
870.2	6.6397e-08
870.4	7.5287e-08
870.6	8.5367e-08
870.8	9.6797e-08
871.0	1.0976e-07
871.2	1.2445e-07
871.4	1.4111e-07
871.6	1.6001e-07
871.8	1.8143e-07
872.0	2.0572e-07
872.2	2.3327e-07
872.4	2.645e-07
872.6	2.9991e-07
872.8	3.4007e-07
873.0	3.8226e-07
873.2	4.005e-07
873.4	4.1962e-07
873.6	4.3964e-07
873.8	4.6062e-07
874.0	4.826e-07
874.2	5.0564e-07
874.4	5.2977e-07
874.6	5.5505e-07
874.8	5.8154e-07
875.0	6.0929e-07
875.2	6.3837e-07
875.4	6.6883e-07
875.6	7.0075e-07
875.8	7.342e-07
876.0	7.6924e-07
876.2	8.0595e-07
876.4	8.4441e-07
876.6	8.7903e-07
876.8	8.2735e-07
877.0	7.787e-07
877.2	7.3292e-07
877.4	6.8983e-07
877.6	6.4927e-07
877.8	6.1109e-07
878.0	5.7516e-07
878.2	5.4134e-07
878.4	5.0952e-07
878.6	4.7956e-07
878.8	4.5136e-07
879.0	4.2482e-07
879.2	3.9985e-07
879.4	3.7634e-07
879.6	3.5421e-07
879.8	3.3338e-07
880.0	3.1378e-07
880.2	2.9558e-07
880.4	2.9013e-07
880.6	2.8478e-07
880.8	2.7953e-07
881.0	2.7437e-07
881.2	2.6932e-07
881.4	2.6435e-07
881.6	2.5948e-07
881.8	2.5469e-07
882.0	2.5e-07
882.2	2.4539e-07
882.4	2.4086e-07
882.6	2.3642e-07
882.8	2.3206e-07
883.0	2.2778e-07
883.2	2.2358e-07
883.4	2.1946e-07
883.6	2.1541e-07
883.8	2.1144e-07
884.0	2.0724e-07
884.2	2.0312e-07
884.4	1.9908e-07
884.6	1.9513e-07
884.8	1.9125e-07
885.0	1.8744e-07
885.2	1.8372e-07
885.4	1.8007e-07
885.6	1.7649e-07
885.8	1.7298e-07
886.0	1.6954e-07
886.2	1.6617e-07
886.4	1.6286e-07
886.6	1.5963e-07
886.8	1.5645e-07
887.0	1.5334e-07
887.2	1.5029e-07
887.4	1.4731e-07
887.6	1.5636e-07
887.8	1.6646e-07
888.0	1.7721e-07
888.2	1.8865e-07
888.4	2.0083e-07
888.6	2.138e-07
888.8	2.2761e-07
889.0	2.423e-07
889.2	2.5795e-07
889.4	2.746e-07
889.6	2.9233e-07
889.8	3.1121e-07
890.0	3.3131e-07
890.2	3.527e-07
890.4	3.7547e-07
890.6	3.9972e-07
890.8	4.2553e-07
891.0	4.53e-07
891.2	4.588e-07
891.4	4.6347e-07
891.6	4.6817e-07
891.8	4.7293e-07
892.0	4.7773e-07
892.2	4.8258e-07
892.4	4.8749e-07
892.6	4.9244e-07
892.8	4.9744e-07
893.0	5.0249e-07
893.2	5.076e-07
893.4	5.1275e-07
893.6	5.1796e-07
893.8	5.2322e-07
894.0	5.2854e-07
894.2	5.3391e-07
894.4	5.3933e-07
894.6	5.4481e-07
894.8	5.6533e-07
895.0	5.8745e-07
895.2	6.1044e-07
895.4	6.3433e-07
895.6	6.5916e-07
895.8	6.8496e-07
896.0	7.1176e-07
896.2	7.3962e-07
896.4	7.6856e-07
896.6	7.9864e-07
896.8	8.2989e-07
897.0	8.6237e-07
897.2	8.9612e-07
897.4	9.3119e-07
897.6	9.6764e-07
897.8	1.0055e-06
898.0	1.0449e-06
898.2	1.0857e-06
898.4	1.1295e-06
898.6	1.1751e-06
898.8	1.2225e-06
899.0	1.2718e-06
899.2	1.3231e-06
899.4	1.3765e-06
899.6	1.432e-06
899.8	1.4898e-06
900.0	1.5499e-06
900.2	1.6124e-06
900.4	1.6774e-06
900.6	1.7451e-06
900.8	1.8155e-06
901.0	1.8888e-06
901.2	1.965e-06
901.4	2.0442e-06
901.6	2.1267e-06
901.8	2.2125e-06
902.0	2.1278e-06
902.2	2.0414e-06
902.4	1.9584e-06
902.6	1.8789e-06
902.8	1.8025e-06
903.0	1.7293e-06
903.2	1.6591e-06
903.4	1.5917e-06
903.6	1.527e-06
903.8	1.465e-06
904.0	1.4055e-06
904.2	1.3484e-06
904.4	1.2936e-06
904.6	1.2411e-06
904.8	1.1906e-06
905.0	1.1423e-06
905.2	1.0959e-06
905.4	1.0514e-06
905.6	1.0211e-06
905.8	9.9175e-07
906.0	9.6326e-07
906.2	9.3558e-07
906.4	9.087e-07
906.6	8.8259e-07
906.8	8.5723e-07
907.0	8.326e-07
907.2	8.0868e-07
907.4	7.8544e-07
907.6	7.6288e-07
907.8	7.4096e-07
908.0	7.1967e-07
908.2	6.9899e-07
908.4	6.7891e-07
908.6	6.594e-07
908.8	6.4045e-07
909.0	6.2232e-07
909.2	6.1326e-07
909.4	6.0433e-07
909.6	5.9553e-07
909.8	5.8685e-07
910.0	5.7831e-07
910.2	5.6988e-07
910.4	5.6158e-07
910.6	5.534e-07
910.8	5.4534e-07
911.0	5.374e-07
911.2	5.2958e-07
911.4	5.2186e-07
911.6	5.1426e-07
911.8	5.0677e-07
912.0	4.9939e-07
912.2	4.9212e-07
912.4	4.8495e-07
912.6	4.774e-07
912.8	4.6405e-07
913.0	4.5107e-07
913.2	4.3845e-07
913.4	4.2619e-07
913.6	4.1427e-07
913.8	4.0269e-07
914.0	3.9143e-07
914.2	3.8048e-07
914.4	3.6984e-07
914.6	3.5949e-07
914.8	3.4944e-07
915.0	3.3967e-07
915.2	3.3017e-07
915.4	3.2093e-07
915.6	3.1196e-07
915.8	3.0323e-07
916.0	2.9475e-07
916.2	2.8775e-07
916.4	2.8918e-07
916.6	2.9062e-07
916.8	2.9206e-07
917.0	2.935e-07
917.2	2.9496e-07
917.4	2.9642e-07
917.6	2.9789e-07
917.8	2.9937e-07
918.0	3.0085e-07
918.2	3.0235e-07
918.4	3.0385e-07
918.6	3.0535e-07
918.8	3.0687e-07
919.0	3.0839e-07
919.2	3.0992e-07
919.4	3.1145e-07
919.6	3.13e-07
919.8	3.1498e-07
920.0	3.1883e-07
920.2	3.2273e-07
920.4	3.2667e-07
920.6	3.3067e-07
920.8	3.3471e-07
921.0	3.388e-07
921.2	3.4294e-07
921.4	3.4713e-07
921.6	3.5138e-07
921.8	3.5567e-07
922.0	3.6002e-07
922.2	3.6442e-07
922.4	3.6887e-07
922.6	3.7338e-07
922.8	3.7795e-07
923.0	3.8257e-07
923.2	3.8724e-07
923.4	3.9139e-07
923.6	3.9397e-07
923.8	3.9656e-07
924.0	3.9916e-07
924.2	4.0179e-07
924.4	4.0443e-07
924.6	4.0709e-07
924.8	4.0976e-07
925.0	4.1246e-07
925.2	4.1517e-07
925.4	4.179e-07
925.6	4.2065e-07
925.8	4.2341e-07
926.0	4.2619e-07
926.2	4.29e-07
926.4	4.3182e-07
926.6	4.3466e-07
926.8	4.3751e-07
927.0	4.4428e-07
927.2	4.5873e-07
927.4	4.7366e-07
927.6	4.8907e-07
927.8	5.0499e-07
928.0	5.2142e-07
928.2	5.3838e-07
928.4	5.559e-07
928.6	5.7399e-07
928.8	5.9267e-07
929.0	6.1196e-07
929.2	6.3187e-07
929.4	6.5243e-07
929.6	6.7366e-07
929.8	6.9558e-07
930.0	7.1821e-07
930.2	7.4158e-07
930.4	7.6571e-07
930.6	7.6894e-07
930.8	7.4477e-07
931.0	7.2136e-07
931.2	6.9869e-07
931.4	6.7673e-07
931.6	6.5545e-07
931.8	6.3485e-07
932.0	6.149e-07
932.2	5.794e-07
932.4	5.4595e-07
932.6	5.1443e-07
932.8	4.8473e-07
933.0	4.5674e-07
933.2	4.3037e-07
933.4	4.0552e-07
933.6	3.8211e-07
933.8	3.6005e-07
934.0	3.3926e-07
934.2	3.1967e-07
934.4	3.0122e-07
934.6	2.8383e-07
934.8	2.8e-07
935.0	2.7838e-07
935.2	2.7677e-07
935.4	2.7518e-07
935.6	2.7359e-07
935.8	2.72e-07
936.0	2.7043e-07
936.2	2.6887e-07
936.4	2.6732e-07
936.6	2.6577e-07
936.8	2.6424e-07
937.0	2.6271e-07
937.2	2.6119e-07
937.4	2.5968e-07
937.6	2.5818e-07
937.8	2.5669e-07
938.0	2.5521e-07
938.2	2.5374e-07
938.4	2.3423e-07
938.6	2.1464e-07
938.8	1.9669e-07
939.0	1.8025e-07
939.2	1.6517e-07
939.4	1.5136e-07
939.6	1.387e-07
939.8	1.271e-07
940.0	1.1647e-07
940.2	1.0673e-07
940.4	9.7809e-08
940.6	8.963e-08
940.8	8.2135e-08
941.0	7.5266e-08
941.2	6.8972e-08
941.4	6.3204e-08
941.6	5.7919e-08
941.8	5.3075e-08
942.0	5.4855e-08
942.2	5.6834e-08
942.4	5.8884e-08
942.6	6.1008e-08
942.8	6.3209e-08
943.0	6.5489e-08
943.2	6.7851e-08
943.4	7.0299e-08
943.6	7.2834e-08
943.8	7.5462e-08
944.0	7.8184e-08
944.2	8.1004e-08
944.4	8.3926e-08
944.6	8.6953e-08
944.8	9.009e-08
945.0	9.334e-08
945.2	9.6707e-08
945.4	9.9529e-08
945.6	9.1343e-08
945.8	8.383e-08
946.0	7.6935e-08
946.2	7.0608e-08
946.4	6.48e-08
946.6	5.9471e-08
946.8	5.4579e-08
947.0	5.009e-08
947.2	4.597e-08
947.4	4.2189e-08
947.6	3.8719e-08
947.8	3.5535e-08
948.0	3.2612e-08
948.2	2.993e-08
948.4	2.7468e-08
948.6	2.5209e-08
948.8	2.3136e-08
949.0	2.1802e-08
949.2	2.4175e-08
949.4	2.6805e-08
949.6	2.9721e-08
949.8	3.2955e-08
950.0	3.654e-08
950.2	4.0516e-08
950.4	4.4924e-08
950.6	4.9812e-08
950.8	5.5231e-08
951.0	6.124e-08
951.2	6.7903e-08
951.4	7.5291e-08
951.6	8.3483e-08
951.8	9.2565e-08
952.0	1.0264e-07
952.2	1.138e-07
952.4	1.2619e-07
952.6	1.3225e-07
952.8	1.1539e-07
953.0	1.0067e-07
953.2	8.7838e-08
953.4	7.6638e-08
953.6	6.6866e-08
953.8	5.834e-08
954.0	5.0901e-08
954.2	4.4411e-08
954.4	3.8748e-08
954.6	3.3807e-08
954.8	2.9496e-08
955.0	2.5735e-08
955.2	2.2454e-08
955.4	1.9591e-08
955.6	1.7093e-08
955.8	1.4913e-08
956.0	1.3012e-08
956.2	1.2369e-08
956.4	1.3941e-08
956.6	1.5712e-08
956.8	1.7709e-08
957.0	1.9959e-08
957.2	2.2495e-08
957.4	2.5353e-08
957.6	2.8575e-08
957.8	3.2205e-08
958.0	3.6297e-08
958.2	4.0909e-08
958.4	4.6107e-08
958.6	5.1966e-08
958.8	5.8569e-08
959.0	6.6011e-08
959.2	7.4398e-08
959.4	8.3851e-08
959.6	9.4506e-08
959.8	1.0007e-07
960.0	9.8197e-08
960.2	9.6353e-08
960.4	9.4545e-08
960.6	9.277e-08
960.8	9.1029e-08
961.0	8.932e-08
961.2	8.7643e-08
961.4	8.5998e-08
961.6	8.4384e-08
961.8	8.28e-08
962.0	8.1246e-08
962.2	7.9721e-08
962.4	7.8224e-08
962.6	7.6756e-08
962.8	7.5315e-08
963.0	7.3902e-08
963.2	7.2514e-08
963.4	7.2686e-08
963.6	7.4039e-08
963.8	7.5418e-08
964.0	7.6822e-08
964.2	7.8252e-08
964.4	7.9709e-08
964.6	8.1193e-08
964.8	8.2704e-08
965.0	8.4244e-08
965.2	8.5812e-08
965.4	8.741e-08
965.6	8.9037e-08
965.8	9.0695e-08
966.0	9.2383e-08
966.2	9.4103e-08
966.4	9.5855e-08
966.6	9.764e-08
966.8	9.9457e-08
967.0	1.0e-07
967.2	1.0e-07
967.4	1.0e-07
967.6	1.0e-07
967.8	1.0e-07
968.0	1.0e-07
968.2	1.0e-07
968.4	1.0e-07
968.6	1.0e-07
968.8	1.0e-07
969.0	1.0e-07
969.2	1.0e-07
969.4	1.0e-07
969.6	1.0e-07
969.8	1.0e-07
970.0	1.0e-07
970.2	1.0e-07
970.4	1.0e-07
970.6	1.0e-07
970.8	1.0e-07
971.0	1.0e-07
971.2	1.0e-07
971.4	1.0e-07
971.6	1.0e-07
971.8	1.0e-07
972.0	1.0e-07
972.2	1.0e-07
972.4	1.0e-07
972.6	1.0e-07
972.8	1.0e-07
973.0	1.0e-07
973.2	1.0e-07
973.4	1.0e-07
973.6	1.0e-07
973.8	1.0e-07
974.0	1.0e-07
974.2	1.0e-07
974.4	1.0e-07
974.6	1.0e-07
974.8	1.0e-07
975.0	1.0e-07
975.2	1.0e-07
975.4	1.0e-07
975.6	1.0e-07
975.8	1.0e-07
976.0	1.0e-07
976.2	1.0e-07
976.4	1.0e-07
976.6	1.0e-07
976.8	1.0e-07
977.0	1.0e-07
977.2	1.0e-07
977.4	1.0e-07
977.6	1.0e-07
977.8	1.0e-07
978.0	1.0e-07
978.2	1.0e-07
978.4	1.0e-07
978.6	1.0e-07
978.8	1.0e-07
979.0	1.0e-07
979.2	1.0e-07
979.4	1.0e-07
979.6	1.0e-07
979.8	1.0e-07
980.0	1.0e-07
980.2	1.0e-07
980.4	1.0e-07
980.6	1.0e-07
980.8	1.0e-07
981.0	1.0e-07
981.2	1.0e-07
981.4	1.0e-07
981.6	1.0e-07
981.8	1.0e-07
982.0	1.0e-07
982.2	1.0e-07
982.4	1.0e-07
982.6	1.0e-07
982.8	1.0e-07
983.0	1.0e-07
983.2	1.0e-07
983.4	1.0e-07
983.6	1.0e-07
983.8	1.0e-07
984.0	1.0e-07
984.2	1.0e-07
984.4	1.0e-07
984.6	1.0e-07
984.8	1.0e-07
985.0	1.0e-07
985.2	1.0e-07
985.4	1.0e-07
985.6	1.0e-07
985.8	1.0e-07
986.0	1.0e-07
986.2	1.0e-07
986.4	1.0e-07
986.6	1.0e-07
986.8	1.0e-07
987.0	1.0e-07
987.2	1.0e-07
987.4	1.0e-07
987.6	1.0e-07
987.8	1.0e-07
988.0	1.0e-07
988.2	1.0e-07
988.4	1.0e-07
988.6	1.0e-07
988.8	1.0e-07
989.0	9.987e-08
989.2	9.9511e-08
989.4	9.9153e-08
989.6	9.8796e-08
989.8	9.8441e-08
990.0	9.8087e-08
990.2	9.7734e-08
990.4	9.7382e-08
990.6	9.7032e-08
990.8	9.6683e-08
991.0	9.6335e-08
991.2	9.5988e-08
991.4	9.5643e-08
991.6	9.5299e-08
991.8	9.4956e-08
992.0	9.4614e-08
992.2	9.4274e-08
992.4	9.3935e-08
992.6	9.6889e-08
992.8	1.0383e-07
993.0	1.1126e-07
993.2	1.1923e-07
993.4	1.2777e-07
993.6	1.3693e-07
993.8	1.4673e-07
994.0	1.5724e-07
994.2	1.685e-07
994.4	1.8057e-07
994.6	1.9351e-07
994.8	2.0736e-07
995.0	2.2222e-07
995.2	2.3813e-07
995.4	2.5519e-07
995.6	2.7347e-07
995.8	2.9305e-07
996.0	3.1404e-07
996.2	3.1178e-07
996.4	2.9384e-07
996.6	2.7693e-07
996.8	2.61e-07
997.0	2.4598e-07
997.2	2.3183e-07
997.4	2.1849e-07
997.6	2.0592e-07
997.8	1.9408e-07
998.0	1.8291e-07
998.2	1.7239e-07
998.4	1.6247e-07
998.6	1.5312e-07
998.8	1.4431e-07
999.0	1.3601e-07
999.2	1.2818e-07
999.4	1.2081e-07
999.6	1.1386e-07
999.8	1.317e-07
1000.0	1.6463e-07
1000.2	1.5017e-07
1000.4	1.3699e-07
1000.6	1.2496e-07
1000.8	1.1399e-07
1001.0	1.0398e-07
1001.2	1.0505e-07
1001.4	1.1444e-07
1001.6	1.2468e-07
1001.8	1.3582e-07
1002.0	1.4797e-07
1002.2	1.612e-07
1002.4	1.7562e-07
1002.6	1.9132e-07
1002.8	2.0843e-07
1003.0	2.2707e-07
1003.2	2.4737e-07
1003.4	2.695e-07
1003.6	2.936e-07
1003.8	3.1985e-07
1004.0	3.4845e-07
1004.2	3.7961e-07
1004.4	4.1356e-07
1004.6	4.5054e-07
1004.8	4.7356e-07
1005.0	4.8943e-07
1005.2	5.0584e-07
1005.4	5.228e-07
1005.6	5.4032e-07
1005.8	5.5843e-07
1006.0	5.7715e-07
1006.2	5.965e-07
1006.4	6.165e-07
1006.6	6.3716e-07
1006.8	6.5852e-07
1007.0	6.806e-07
1007.2	7.0341e-07
1007.4	7.2699e-07
1007.6	7.5136e-07
1007.8	7.7655e-07
1008.0	8.0258e-07
1008.2	8.2948e-07
1008.4	8.1796e-07
1008.6	7.969e-07
1008.8	7.7637e-07
1009.0	7.5638e-07
1009.2	7.3689e-07
1009.4	7.1792e-07
1009.6	6.9942e-07
1009.8	6.8141e-07
1010.0	6.6386e-07
1010.2	6.4676e-07
1010.4	6.301e-07
1010.6	6.1388e-07
1010.8	5.9806e-07
1011.0	5.8266e-07
1011.2	5.6765e-07
1011.4	5.5303e-07
1011.6	5.3879e-07
1011.8	5.2491e-07
1012.0	5.2043e-07
1012.2	5.1683e-07
1012.4	5.1325e-07
1012.6	5.097e-07
1012.8	5.0617e-07
1013.0	5.0267e-07
1013.2	4.9919e-07
1013.4	4.9573e-07
1013.6	4.923e-07
1013.8	4.8889e-07
1014.0	4.8551e-07
1014.2	4.8215e-07
1014.4	4.7881e-07
1014.6	4.755e-07
1014.8	4.7221e-07
1015.0	4.6894e-07
1015.2	4.6569e-07
1015.4	4.6239e-07
1015.6	4.5738e-07
1015.8	4.5244e-07
1016.0	4.4754e-07
1016.2	4.427e-07
1016.4	4.3792e-07
1016.6	4.3318e-07
1016.8	4.2849e-07
1017.0	4.2386e-07
1017.2	4.1927e-07
1017.4	4.1474e-07
1017.6	4.1025e-07
1017.8	4.0582e-07
1018.0	4.0143e-07
1018.2	3.9709e-07
1018.4	3.9279e-07
1018.6	3.8854e-07
1018.8	3.8434e-07
1019.0	3.7902e-07
1019.2	3.6878e-07
1019.4	3.5881e-07
1019.6	3.4911e-07
1019.8	3.3968e-07
1020.0	3.305e-07
1020.2	3.2156e-07
1020.4	3.1287e-07
1020.6	3.0442e-07
1020.8	2.9619e-07
1021.0	2.8818e-07
1021.2	2.804e-07
1021.4	2.7282e-07
1021.6	2.6544e-07
1021.8	2.5827e-07
1022.0	2.5129e-07
1022.2	2.445e-07
1022.4	2.3789e-07
1022.6	2.3453e-07
1022.8	2.3736e-07
1023.0	2.4021e-07
1023.2	2.431e-07
1023.4	2.4603e-07
1023.6	2.4899e-07
1023.8	2.5199e-07
1024.0	2.5502e-07
1024.2	2.581e-07
1024.4	2.612e-07
1024.6	2.6435e-07
1024.8	2.6753e-07
1025.0	2.7075e-07
1025.2	3.1707e-07
1025.4	3.7132e-07
1025.6	4.3484e-07
1025.8	5.0923e-07
1026.0	5.9635e-07
1026.2	6.7175e-07
1026.4	6.8956e-07
1026.6	7.0784e-07
1026.8	7.266e-07
1027.0	7.4586e-07
1027.2	7.6564e-07
1027.4	7.8593e-07
1027.6	8.0676e-07
1027.8	8.2815e-07
1028.0	8.501e-07
1028.2	8.7264e-07
1028.4	8.9577e-07
1028.6	9.1952e-07
1028.8	9.4389e-07
1029.0	9.6891e-07
1029.2	9.946e-07
1029.4	1.021e-06
1029.6	1.048e-06
1029.8	1.07e-06
1030.0	1.0845e-06
1030.2	1.0992e-06
1030.4	1.1141e-06
1030.6	1.1293e-06
1030.8	1.1446e-06
1031.0	1.1601e-06
1031.2	1.1759e-06
1031.4	1.1918e-06
1031.6	1.208e-06
1031.8	1.2244e-06
1032.0	1.2411e-06
1032.2	1.2579e-06
1032.4	1.275e-06
1032.6	1.2923e-06
1032.8	1.3098e-06
1033.0	1.3276e-06
1033.2	1.3456e-06
1033.4	1.3509e-06
1033.6	1.3466e-06
1033.8	1.3423e-06
1034.0	1.338e-06
1034.2	1.3337e-06
1034.4	1.3295e-06
1034.6	1.3252e-06
1034.8	1.321e-06
1035.0	1.3168e-06
1035.2	1.3125e-06
1035.4	1.3084e-06
1035.6	1.3042e-06
1035.8	1.3e-06
1036.0	1.2959e-06
1036.2	1.2917e-06
1036.4	1.2876e-06
1036.6	1.2835e-06
1036.8	1.2794e-06
1037.0	1.2927e-06
1037.2	1.3126e-06
1037.4	1.3329e-06
1037.6	1.3535e-06
1037.8	1.3744e-06
1038.0	1.3957e-06
1038.2	1.4172e-06
1038.4	1.4391e-06
1038.6	1.4614e-06
1038.8	1.4839e-06
1039.0	1.5069e-06
1039.2	1.5302e-06
1039.4	1.5538e-06
1039.6	1.5778e-06
1039.8	1.6022e-06
1040.0	1.6269e-06
1040.2	1.6521e-06
1040.4	1.6776e-06
1040.6	1.7124e-06
1040.8	1.749e-06
1041.0	1.7863e-06
1041.2	1.8245e-06
1041.4	1.8634e-06
1041.6	1.9032e-06
1041.8	1.9439e-06
1042.0	1.9854e-06
1042.2	2.0278e-06
1042.4	2.0711e-06
1042.6	2.1153e-06
1042.8	2.1605e-06
1043.0	2.2066e-06
1043.2	2.2537e-06
1043.4	2.3019e-06
1043.6	2.351e-06
1043.8	2.4012e-06
1044.0	2.4497e-06
1044.2	2.4584e-06
1044.4	2.4672e-06
1044.6	2.476e-06
1044.8	2.4848e-06
1045.0	2.4937e-06
1045.2	2.5083e-06
1045.4	2.5191e-06
1045.6	2.5253e-06
1045.8	2.5316e-06
1046.0	2.538e-06
1046.2	2.5443e-06
1046.4	2.5506e-06
1046.6	2.557e-06
1046.8	2.5634e-06
1047.0	2.5698e-06
1047.2	2.4637e-06
1047.4	2.2789e-06
1047.6	2.1079e-06
1047.8	1.9498e-06
1048.0	1.8036e-06
1048.2	1.6683e-06
1048.4	1.5431e-06
1048.6	1.4274e-06
1048.8	1.3203e-06
1049.0	1.1918e-06
1049.2	1.0607e-06
1049.4	9.4407e-07
1049.6	8.4025e-07
1049.8	7.4785e-07
1050.0	6.6561e-07
1050.2	5.9241e-07
1050.4	5.2727e-07
1050.6	4.6928e-07
1050.8	5.0032e-07
1051.0	5.7219e-07
1051.2	6.5439e-07
1051.4	7.484e-07
1051.6	8.5592e-07
1051.8	9.7888e-07
1052.0	1.1195e-06
1052.2	1.2803e-06
1052.4	1.4643e-06
1052.6	1.5776e-06
1052.8	1.6753e-06
1053.0	1.7791e-06
1053.2	1.8893e-06
1053.4	2.0063e-06
1053.6	2.1306e-06
1053.8	2.2625e-06
1054.0	2.4027e-06
1054.2	2.5515e-06
1054.4	2.4392e-06
1054.6	2.3033e-06
1054.8	2.175e-06
1055.0	2.0538e-06
1055.2	1.9394e-06
1055.4	1.8313e-06
1055.6	1.7293e-06
1055.8	1.633e-06
1056.0	1.542e-06
1056.2	1.5751e-06
1056.4	1.6109e-06
1056.6	1.6475e-06
1056.8	1.6849e-06
1057.0	1.7231e-06
1057.2	1.7622e-06
1057.4	1.8023e-06
1057.6	1.8432e-06
1057.8	1.8711e-06
1058.0	1.7331e-06
1058.2	1.6054e-06
1058.4	1.487e-06
1058.6	1.3774e-06
1058.8	1.2758e-06
1059.0	1.1818e-06
1059.2	1.0946e-06
1059.4	1.0139e-06
1059.6	9.5678e-07
1059.8	9.8537e-07
1060.0	1.0148e-06
1060.2	1.0451e-06
1060.4	1.0763e-06
1060.6	1.1085e-06
1060.8	1.1416e-06
1061.0	1.1757e-06
1061.2	1.2109e-06
1061.4	1.2351e-06
1061.6	1.2276e-06
1061.8	1.2202e-06
1062.0	1.2128e-06
1062.2	1.2055e-06
1062.4	1.1981e-06
1062.6	1.1909e-06
1062.8	1.1837e-06
1063.0	1.1765e-06
1063.2	1.1588e-06
1063.4	1.1238e-06
1063.6	1.0898e-06
1063.8	1.0569e-06
1064.0	1.025e-06
1064.2	9.94e-07
1064.4	9.6397e-07
1064.6	9.3485e-07
1064.8	9.0661e-07
1065.0	9.6917e-07
1065.2	9.9178e-07
1065.4	1.0149e-06
1065.6	1.0386e-06
1065.8	1.0628e-06
1066.0	1.0876e-06
1066.2	1.113e-06
1066.4	1.124e-06
1066.6	1.1304e-06
1066.8	1.1368e-06
1067.0	1.1432e-06
1067.2	1.1497e-06
1067.4	1.1562e-06
1067.6	1.1628e-06
1067.8	1.1694e-06
1068.0	1.176e-06
1068.2	1.1827e-06
1068.4	1.1894e-06
1068.6	1.1961e-06
1068.8	1.2029e-06
1069.0	1.2097e-06
1069.2	1.2166e-06
1069.4	1.2235e-06
1069.6	1.2304e-06
1069.8	1.2374e-06
1070.0	1.0413e-06
1070.2	8.6809e-07
1070.4	7.2369e-07
1070.6	6.0331e-07
1070.8	5.0296e-07
1071.0	4.193e-07
1071.2	3.4955e-07
1071.4	2.9141e-07
1071.6	2.4293e-07
1071.8	2.0252e-07
1072.0	1.6884e-07
1072.2	1.4075e-07
1072.4	1.1734e-07
1072.6	9.7821e-08
1072.8	8.155e-08
1073.0	6.7985e-08
1073.2	5.6676e-08
1073.4	5.0261e-08
1073.6	6.3267e-08
1073.8	7.9638e-08
1074.0	1.0024e-07
1074.2	1.2618e-07
1074.4	1.5884e-07
1074.6	1.9994e-07
1074.8	2.5167e-07
1075.0	3.168e-07
1075.2	3.9877e-07
1075.4	5.0196e-07
1075.6	6.3185e-07
1075.8	7.9534e-07
1076.0	1.0011e-06
1076.2	1.2602e-06
1076.4	1.5863e-06
1076.6	1.7308e-06
1076.8	1.7394e-06
1077.0	1.748e-06
1077.2	1.7568e-06
1077.4	1.7655e-06
1077.6	1.7743e-06
1077.8	1.7832e-06
1078.0	1.792e-06
1078.2	1.801e-06
1078.4	1.8099e-06
1078.6	1.819e-06
1078.8	1.828e-06
1079.0	1.8371e-06
1079.2	1.8463e-06
1079.4	1.8555e-06
1079.6	1.8647e-06
1079.8	1.874e-06
1080.0	1.8728e-06
1080.2	1.8668e-06
1080.4	1.8609e-06
1080.6	1.8549e-06
1080.8	1.8489e-06
1081.0	1.843e-06
1081.2	1.8371e-06
1081.4	1.8312e-06
1081.6	1.8253e-06
1081.8	1.8195e-06
1082.0	1.8136e-06
1082.2	1.8078e-06
1082.4	1.802e-06
1082.6	1.7962e-06
1082.8	1.7905e-06
1083.0	1.7847e-06
1083.2	1.779e-06
1083.4	1.7733e-06
1083.6	1.7676e-06
1083.8	1.762e-06
1084.0	1.7563e-06
1084.2	1.7507e-06
1084.4	1.7451e-06
1084.6	1.7395e-06
1084.8	1.6934e-06
1085.0	1.5979e-06
1085.2	1.5077e-06
1085.4	1.4226e-06
1085.6	1.3423e-06
1085.8	1.2665e-06
1086.0	1.195e-06
1086.2	1.1276e-06
1086.4	1.0639e-06
1086.6	1.0039e-06
1086.8	9.4719e-07
1087.0	8.9373e-07
1087.2	8.4328e-07
1087.4	7.9568e-07
1087.6	7.5077e-07
1087.8	7.0839e-07
1088.0	6.684e-07
1088.2	6.3067e-07
1088.4	5.9507e-07
1088.6	5.6148e-07
1088.8	5.2979e-07
1089.0	4.9989e-07
1089.2	4.7167e-07
1089.4	4.4505e-07
1089.6	4.2558e-07
1089.8	4.3253e-07
1090.0	4.3959e-07
1090.2	4.4677e-07
1090.4	4.5406e-07
1090.6	4.6147e-07
1090.8	4.6901e-07
1091.0	4.7667e-07
1091.2	4.8445e-07
1091.4	4.9236e-07
1091.6	5.004e-07
1091.8	5.0857e-07
1092.0	5.1687e-07
1092.2	5.2531e-07
1092.4	5.3389e-07
1092.6	5.4261e-07
1092.8	5.5146e-07
1093.0	5.6047e-07
1093.2	5.6962e-07
1093.4	5.7892e-07
1093.6	5.8837e-07
1093.8	5.9798e-07
1094.0	6.0774e-07
1094.2	6.1766e-07
1094.4	6.2775e-07
1094.6	6.4658e-07
1094.8	6.6655e-07
1095.0	6.8713e-07
1095.2	7.0835e-07
1095.4	7.3022e-07
1095.6	7.5277e-07
1095.8	7.7601e-07
1096.0	7.9997e-07
1096.2	8.2467e-07
1096.4	8.5014e-07
1096.6	8.7639e-07
1096.8	9.0345e-07
1097.0	9.3135e-07
1097.2	9.601e-07
1097.4	9.8975e-07
1097.6	1.0203e-06
1097.8	1.0518e-06
1098.0	1.0843e-06
1098.2	1.1178e-06
1098.4	1.1523e-06
1098.6	1.1879e-06
1098.8	1.2245e-06
1099.0	1.2624e-06
1099.2	1.3013e-06
1099.4	1.3415e-06
1099.6	1.3829e-06
1099.8	1.4256e-06
1100.0	1.4697e-06
1100.2	1.5151e-06
1100.4	1.5618e-06
1100.6	1.5333e-06
1100.8	1.401e-06
1101.0	1.2802e-06
1101.2	1.1697e-06
1101.4	1.0688e-06
1101.6	9.766e-07
1101.8	8.9235e-07
1102.0	8.1537e-07
1102.2	7.4503e-07
1102.4	6.8075e-07
1102.6	6.2203e-07
1102.8	5.6836e-07
1103.0	5.1933e-07
1103.2	4.7453e-07
1103.4	4.3359e-07
1103.6	3.9619e-07
1103.8	3.6201e-07
1104.0	3.4559e-07
1104.2	3.4561e-07
1104.4	3.4563e-07
1104.6	3.4566e-07
1104.8	3.4568e-07
1105.0	3.4571e-07
1105.2	3.4573e-07
1105.4	3.4575e-07
1105.6	3.4578e-07
1105.8	3.458e-07
1106.0	3.4583e-07
1106.2	3.4585e-07
1106.4	3.4588e-07
1106.6	3.459e-07
1106.8	3.4592e-07
1107.0	3.4595e-07
1107.2	3.4597e-07
1107.4	3.46e-07
1107.6	3.4602e-07
1107.8	3.4605e-07
1108.0	3.4607e-07
1108.2	3.4609e-07
1108.4	3.4612e-07
1108.6	3.4614e-07
1108.8	3.4617e-07
1109.0	3.4619e-07
