327.000	28.925
328.000	29.899
329.000	30.874
330.000	31.848
331.000	32.822
332.000	33.796
333.000	34.770
334.000	35.745
335.000	36.719
336.000	37.693
337.000	38.667
338.000	39.720
339.000	41.411
340.000	43.103
341.000	44.794
342.000	46.485
343.000	48.177
344.000	49.868
345.000	51.559
346.000	53.251
347.000	54.628
348.000	55.710
349.000	56.793
350.000	57.875
351.000	58.958
352.000	60.040
353.000	61.123
354.000	62.205
355.000	64.581
356.000	66.963
357.000	69.344
358.000	71.726
359.000	74.107
360.000	77.114
361.000	80.497
362.000	83.879
363.000	87.262
364.000	89.766
365.000	90.469
366.000	91.173
367.000	91.877
368.000	92.580
369.000	93.284
370.000	93.987
371.000	94.691
372.000	95.395
373.000	96.098
374.000	96.802
375.000	97.365
376.000	97.829
377.000	98.293
378.000	98.757
379.000	99.220
380.000	99.684
381.000	100.148
382.000	100.560
383.000	100.235
384.000	99.910
385.000	99.586
386.000	99.261
387.000	98.936
388.000	98.235
389.000	97.369
390.000	96.503
391.000	95.637
392.000	94.771
393.000	93.016
394.000	89.408
395.000	85.800
396.000	81.981
397.000	76.298
398.000	70.615
399.000	67.942
400.000	65.416
401.000	62.890
402.000	60.727
403.000	58.697
404.000	56.668
405.000	54.638
406.000	52.374
407.000	49.803
408.000	47.232
409.000	44.661
410.000	41.184
411.000	32.400
412.000	29.875
413.000	27.349
414.000	24.823
415.000	22.828
416.000	20.933
417.000	19.039
418.000	17.145
419.000	16.095
420.000	15.757
421.000	15.419
422.000	15.081
423.000	14.742
424.000	14.404
425.000	14.066
426.000	13.728
427.000	13.389
428.000	12.858
429.000	12.317
