300.00	0.000439731986262
301.00	0.0013903999934
302.00	0.00234666001052
303.00	0.00384013005532
304.00	0.00592669984326
305.00	0.00907128956169
306.00	0.0127215003595
307.00	0.0174364000559
308.00	0.0236393008381
309.00	0.0304988995194
310.00	0.0390888005495
311.00	0.0489067994058
312.00	0.0590006001294
313.00	0.0707177966833
314.00	0.0840558037162
315.00	0.0994990989566
316.00	0.115143999457
317.00	0.131420999765
318.00	0.146597996354
319.00	0.163985997438
320.00	0.179839998484
321.00	0.199770003557
322.00	0.21703800559
323.00	0.234859004617
324.00	0.251338005066
325.00	0.265655994415
326.00	0.280808001757
327.00	0.295538008213
328.00	0.311358988285
329.00	0.327859997749
330.00	0.340981006622
331.00	0.355827987194
332.00	0.367974996567
333.00	0.380602002144
334.00	0.392313987017
335.00	0.402312010527
336.00	0.418327003717
337.00	0.428874999285
338.00	0.441451013088
339.00	0.4503659904
340.00	0.46132299304
341.00	0.466066002846
342.00	0.472292989492
343.00	0.481413006783
344.00	0.490732014179
345.00	0.49857199192
346.00	0.504351019859
347.00	0.507636010647
348.00	0.516080021858
349.00	0.515392005444
350.00	0.52179402113
351.00	0.522118985653
352.00	0.521934986115
353.00	0.524266004562
354.00	0.526615023613
355.00	0.527704000473
356.00	0.530304014683
357.00	0.530341029167
358.00	0.528026998043
359.00	0.521620988846
360.00	0.52380502224
361.00	0.514591991901
362.00	0.509543001652
363.00	0.504558026791
364.00	0.496551990509
365.00	0.487466990948
366.00	0.47591099143
367.00	0.466358006001
368.00	0.451101005077
369.00	0.436266988516
370.00	0.41635799408
371.00	0.397731006145
372.00	0.377072989941
373.00	0.354609012604
374.00	0.327675014734
375.00	0.303268998861
376.00	0.274390012026
377.00	0.246070995927
378.00	0.215806007385
379.00	0.186278000474
380.00	0.158176004887
381.00	0.131854996085
382.00	0.107046999037
383.00	0.0845243036747
384.00	0.0653605014086
385.00	0.0490503013134
386.00	0.0354835018516
387.00	0.0247991997749
388.00	0.016848500818
389.00	0.0108522996306
390.00	0.00679233996198
391.00	0.00403532013297
392.00	0.00232248008251
393.00	0.00123726995662
394.00	0.000638530997094
395.00	0.000313291006023
396.00	0.000146709004184
397.00	6.37664998067E-5
398.00	2.75466009043E-5
399.00	9.49999957811E-6
400.00	9.49999957811E-6
401.00	9.49999957811E-6
402.00	9.49999957811E-6
403.00	9.49999957811E-6
404.00	9.49999957811E-6
405.00	9.49999957811E-6
406.00	9.49999957811E-6
407.00	9.49999957811E-6
408.00	9.49999957811E-6
409.00	9.49999957811E-6
410.00	9.49999957811E-6
411.00	9.49999957811E-6
412.00	9.49999957811E-6
413.00	9.49999957811E-6
414.00	9.49999957811E-6
415.00	9.49999957811E-6
416.00	9.49999957811E-6
417.00	9.49999957811E-6
418.00	9.49999957811E-6
419.00	9.49999957811E-6
420.00	9.49999957811E-6
421.00	9.49999957811E-6
422.00	9.49999957811E-6
423.00	9.49999957811E-6
424.00	9.49999957811E-6
425.00	9.49999957811E-6
426.00	9.49999957811E-6
427.00	9.49999957811E-6
428.00	9.49999957811E-6
429.00	9.49999957811E-6
430.00	9.49999957811E-6
431.00	9.49999957811E-6
432.00	9.49999957811E-6
433.00	9.49999957811E-6
434.00	9.49999957811E-6
435.00	9.49999957811E-6
436.00	9.49999957811E-6
437.00	9.49999957811E-6
438.00	9.49999957811E-6
439.00	9.49999957811E-6
440.00	9.49999957811E-6
441.00	9.49999957811E-6
442.00	9.49999957811E-6
443.00	9.49999957811E-6
444.00	9.49999957811E-6
445.00	9.49999957811E-6
446.00	9.49999957811E-6
447.00	9.49999957811E-6
448.00	9.49999957811E-6
449.00	9.49999957811E-6
450.00	9.49999957811E-6
451.00	9.49999957811E-6
452.00	9.49999957811E-6
453.00	9.49999957811E-6
454.00	9.49999957811E-6
455.00	9.49999957811E-6
456.00	9.49999957811E-6
457.00	9.49999957811E-6
458.00	9.49999957811E-6
459.00	9.49999957811E-6
460.00	9.49999957811E-6
461.00	9.49999957811E-6
462.00	9.49999957811E-6
463.00	9.49999957811E-6
464.00	9.49999957811E-6
465.00	9.49999957811E-6
466.00	9.49999957811E-6
467.00	9.49999957811E-6
468.00	9.49999957811E-6
469.00	9.49999957811E-6
470.00	9.49999957811E-6
471.00	9.49999957811E-6
472.00	9.49999957811E-6
473.00	9.49999957811E-6
474.00	9.49999957811E-6
475.00	9.49999957811E-6
476.00	9.49999957811E-6
477.00	9.49999957811E-6
478.00	9.49999957811E-6
479.00	9.49999957811E-6
480.00	9.49999957811E-6
481.00	9.49999957811E-6
482.00	9.49999957811E-6
483.00	9.49999957811E-6
484.00	9.49999957811E-6
485.00	9.49999957811E-6
486.00	9.49999957811E-6
487.00	9.49999957811E-6
488.00	9.49999957811E-6
489.00	9.49999957811E-6
490.00	9.49999957811E-6
491.00	9.49999957811E-6
492.00	9.49999957811E-6
493.00	9.49999957811E-6
494.00	9.49999957811E-6
495.00	9.49999957811E-6
496.00	9.49999957811E-6
497.00	9.49999957811E-6
498.00	9.49999957811E-6
499.00	9.49999957811E-6
500.00	9.49999957811E-6
501.00	9.49999957811E-6
502.00	9.49999957811E-6
503.00	9.49999957811E-6
504.00	9.49999957811E-6
505.00	9.49999957811E-6
506.00	9.49999957811E-6
507.00	9.49999957811E-6
508.00	9.49999957811E-6
509.00	9.49999957811E-6
510.00	9.49999957811E-6
511.00	9.49999957811E-6
512.00	9.49999957811E-6
513.00	9.49999957811E-6
514.00	9.49999957811E-6
515.00	9.49999957811E-6
516.00	9.49999957811E-6
517.00	9.49999957811E-6
518.00	9.49999957811E-6
519.00	9.49999957811E-6
520.00	9.49999957811E-6
521.00	9.49999957811E-6
522.00	9.49999957811E-6
523.00	9.49999957811E-6
524.00	9.49999957811E-6
525.00	9.49999957811E-6
526.00	9.49999957811E-6
527.00	9.49999957811E-6
528.00	9.49999957811E-6
529.00	9.49999957811E-6
530.00	9.49999957811E-6
531.00	9.49999957811E-6
532.00	9.49999957811E-6
533.00	9.49999957811E-6
534.00	9.49999957811E-6
535.00	9.49999957811E-6
536.00	9.49999957811E-6
537.00	9.49999957811E-6
538.00	9.49999957811E-6
539.00	9.49999957811E-6
540.00	9.49999957811E-6
541.00	9.49999957811E-6
542.00	9.49999957811E-6
543.00	9.49999957811E-6
544.00	9.49999957811E-6
545.00	9.49999957811E-6
546.00	9.49999957811E-6
547.00	9.49999957811E-6
548.00	9.49999957811E-6
549.00	9.49999957811E-6
550.00	9.49999957811E-6
551.00	9.49999957811E-6
552.00	9.49999957811E-6
553.00	9.49999957811E-6
554.00	9.49999957811E-6
555.00	9.49999957811E-6
556.00	9.49999957811E-6
557.00	9.49999957811E-6
558.00	9.49999957811E-6
559.00	9.49999957811E-6
560.00	9.49999957811E-6
561.00	9.49999957811E-6
562.00	9.49999957811E-6
563.00	9.49999957811E-6
564.00	9.49999957811E-6
565.00	9.49999957811E-6
566.00	9.49999957811E-6
567.00	9.49999957811E-6
568.00	9.49999957811E-6
569.00	9.49999957811E-6
570.00	9.49999957811E-6
571.00	9.49999957811E-6
572.00	9.49999957811E-6
573.00	9.49999957811E-6
574.00	9.49999957811E-6
575.00	9.49999957811E-6
576.00	9.49999957811E-6
577.00	9.49999957811E-6
578.00	9.49999957811E-6
579.00	9.49999957811E-6
580.00	9.49999957811E-6
581.00	9.49999957811E-6
582.00	9.49999957811E-6
583.00	9.49999957811E-6
584.00	9.49999957811E-6
585.00	9.49999957811E-6
586.00	9.49999957811E-6
587.00	9.49999957811E-6
588.00	9.49999957811E-6
589.00	9.49999957811E-6
590.00	9.49999957811E-6
591.00	9.49999957811E-6
592.00	9.49999957811E-6
593.00	9.49999957811E-6
594.00	9.49999957811E-6
595.00	9.49999957811E-6
596.00	9.49999957811E-6
597.00	9.49999957811E-6
598.00	9.49999957811E-6
599.00	9.49999957811E-6
600.00	9.49999957811E-6
601.00	9.49999957811E-6
602.00	9.49999957811E-6
603.00	9.49999957811E-6
604.00	9.49999957811E-6
605.00	9.49999957811E-6
606.00	9.49999957811E-6
607.00	9.49999957811E-6
608.00	9.49999957811E-6
609.00	9.49999957811E-6
610.00	9.49999957811E-6
611.00	9.49999957811E-6
612.00	9.49999957811E-6
613.00	9.49999957811E-6
614.00	9.49999957811E-6
615.00	9.49999957811E-6
616.00	9.49999957811E-6
617.00	9.49999957811E-6
618.00	9.49999957811E-6
619.00	9.49999957811E-6
620.00	9.49999957811E-6
621.00	9.49999957811E-6
622.00	9.49999957811E-6
623.00	9.49999957811E-6
624.00	9.49999957811E-6
625.00	9.49999957811E-6
626.00	9.49999957811E-6
627.00	9.49999957811E-6
628.00	9.49999957811E-6
629.00	9.49999957811E-6
630.00	9.49999957811E-6
631.00	9.49999957811E-6
632.00	9.49999957811E-6
633.00	9.49999957811E-6
634.00	9.49999957811E-6
635.00	9.49999957811E-6
636.00	9.49999957811E-6
637.00	9.49999957811E-6
638.00	9.49999957811E-6
639.00	9.49999957811E-6
640.00	9.49999957811E-6
641.00	9.49999957811E-6
642.00	9.49999957811E-6
643.00	9.49999957811E-6
644.00	9.49999957811E-6
645.00	9.49999957811E-6
646.00	9.49999957811E-6
647.00	9.49999957811E-6
648.00	9.49999957811E-6
649.00	9.49999957811E-6
650.00	9.49999957811E-6
651.00	9.49999957811E-6
652.00	9.49999957811E-6
653.00	9.49999957811E-6
654.00	9.49999957811E-6
655.00	9.49999957811E-6
656.00	9.49999957811E-6
657.00	9.49999957811E-6
658.00	9.49999957811E-6
659.00	9.49999957811E-6
660.00	9.49999957811E-6
661.00	9.49999957811E-6
662.00	9.49999957811E-6
663.00	9.49999957811E-6
664.00	9.49999957811E-6
665.00	9.49999957811E-6
666.00	9.49999957811E-6
667.00	9.49999957811E-6
668.00	9.49999957811E-6
669.00	9.49999957811E-6
670.00	9.49999957811E-6
671.00	9.49999957811E-6
672.00	9.49999957811E-6
673.00	9.49999957811E-6
674.00	9.49999957811E-6
675.00	9.49999957811E-6
676.00	9.49999957811E-6
677.00	9.49999957811E-6
678.00	9.49999957811E-6
679.00	9.49999957811E-6
680.00	9.49999957811E-6
681.00	9.49999957811E-6
682.00	9.49999957811E-6
683.00	9.49999957811E-6
684.00	9.49999957811E-6
685.00	9.49999957811E-6
686.00	9.49999957811E-6
687.00	9.49999957811E-6
688.00	9.49999957811E-6
689.00	9.49999957811E-6
690.00	9.49999957811E-6
691.00	9.49999957811E-6
692.00	9.49999957811E-6
693.00	9.49999957811E-6
694.00	9.49999957811E-6
695.00	9.49999957811E-6
696.00	1.0993199794E-5
697.00	1.24576999951E-5
698.00	1.3609999769E-5
699.00	1.52063003043E-5
700.00	1.69176000782E-5
701.00	1.70515995706E-5
702.00	1.87318000826E-5
703.00	1.94919994101E-5
704.00	1.99644000531E-5
705.00	2.01596994884E-5
706.00	2.11947008211E-5
707.00	2.21643003897E-5
708.00	2.28491007874E-5
709.00	2.28974004131E-5
710.00	2.43720005528E-5
711.00	2.4680099159E-5
712.00	2.52490008279E-5
713.00	2.49950007856E-5
714.00	2.73950990959E-5
715.00	2.49128006544E-5
716.00	2.47078005486E-5
717.00	2.42121004703E-5
718.00	2.25856001634E-5
719.00	2.44071998168E-5
720.00	2.39363998844E-5
721.00	2.17744000111E-5
722.00	2.32050006161E-5
723.00	2.06652002817E-5
724.00	2.05256001209E-5
725.00	1.84269993042E-5
726.00	1.76266003109E-5
727.00	1.84305008588E-5
728.00	1.66984991665E-5
729.00	2.06900003832E-5
730.00	1.7582300643E-5
731.00	1.59190003615E-5
732.00	1.43618999573E-5
733.00	1.48057997649E-5
734.00	1.58635994012E-5
735.00	1.37643000926E-5
736.00	1.41340997288E-5
737.00	1.48633998833E-5
738.00	1.32219001898E-5
739.00	1.54019999172E-5
740.00	1.37813003676E-5
741.00	1.41234995681E-5
742.00	1.38893001349E-5
743.00	1.34285000968E-5
744.00	1.2710500414E-5
745.00	1.20291997519E-5
746.00	1.17627996588E-5
747.00	1.05414001155E-5
748.00	9.60931993177E-6
749.00	9.99715030048E-6
750.00	1.0555299923E-5
751.00	9.96911967377E-6
752.00	9.49999957811E-6
753.00	9.49999957811E-6
754.00	9.49999957811E-6
755.00	9.49999957811E-6
756.00	9.49999957811E-6
757.00	9.49999957811E-6
758.00	9.49999957811E-6
759.00	9.49999957811E-6
760.00	9.49999957811E-6
761.00	9.49999957811E-6
762.00	9.49999957811E-6
763.00	9.49999957811E-6
764.00	9.49999957811E-6
765.00	9.49999957811E-6
766.00	9.49999957811E-6
767.00	9.49999957811E-6
768.00	9.49999957811E-6
769.00	9.49999957811E-6
770.00	9.49999957811E-6
771.00	9.49999957811E-6
772.00	9.49999957811E-6
773.00	9.49999957811E-6
774.00	9.49999957811E-6
775.00	9.49999957811E-6
776.00	9.49999957811E-6
777.00	9.49999957811E-6
778.00	9.49999957811E-6
779.00	9.49999957811E-6
780.00	9.49999957811E-6
781.00	9.49999957811E-6
782.00	9.49999957811E-6
783.00	9.49999957811E-6
784.00	9.49999957811E-6
785.00	9.49999957811E-6
786.00	9.49999957811E-6
787.00	9.49999957811E-6
788.00	9.49999957811E-6
789.00	9.49999957811E-6
790.00	9.49999957811E-6
791.00	9.49999957811E-6
792.00	9.49999957811E-6
793.00	9.49999957811E-6
794.00	9.49999957811E-6
795.00	9.49999957811E-6
796.00	9.49999957811E-6
797.00	9.49999957811E-6
798.00	9.49999957811E-6
799.00	9.49999957811E-6
800.00	9.49999957811E-6
801.00	9.49999957811E-6
802.00	9.49999957811E-6
803.00	9.49999957811E-6
804.00	9.49999957811E-6
805.00	9.49999957811E-6
806.00	9.49999957811E-6
807.00	9.49999957811E-6
808.00	9.49999957811E-6
809.00	9.49999957811E-6
810.00	9.49999957811E-6
811.00	9.49999957811E-6
812.00	9.49999957811E-6
813.00	9.49999957811E-6
814.00	9.49999957811E-6
815.00	9.49999957811E-6
816.00	9.49999957811E-6
817.00	9.49999957811E-6
818.00	9.49999957811E-6
819.00	9.49999957811E-6
820.00	9.49999957811E-6
821.00	9.49999957811E-6
822.00	9.49999957811E-6
823.00	9.49999957811E-6
824.00	9.49999957811E-6
825.00	9.49999957811E-6
826.00	9.49999957811E-6
827.00	9.49999957811E-6
828.00	9.49999957811E-6
829.00	9.49999957811E-6
830.00	9.49999957811E-6
831.00	9.49999957811E-6
832.00	9.49999957811E-6
833.00	9.49999957811E-6
834.00	9.49999957811E-6
835.00	9.49999957811E-6
836.00	9.49999957811E-6
837.00	9.49999957811E-6
838.00	9.49999957811E-6
839.00	9.49999957811E-6
840.00	1.06991001303E-5
841.00	1.38240002343E-5
842.00	1.58804996317E-5
843.00	1.56200003403E-5
844.00	1.85548997251E-5
845.00	2.00358008442E-5
846.00	1.88647991308E-5
847.00	2.17870001507E-5
848.00	2.23998995352E-5
849.00	2.389509973E-5
850.00	2.16183998418E-5
851.00	1.86678007594E-5
852.00	1.91487997654E-5
853.00	1.84306991287E-5
854.00	1.91055005416E-5
855.00	1.49891002366E-5
856.00	1.44091000038E-5
857.00	1.55502002599E-5
858.00	1.45665999298E-5
859.00	1.21408002087E-5
860.00	1.19138003356E-5
861.00	1.03999000203E-5
862.00	1.09605998659E-5
863.00	1.06095003503E-5
864.00	9.49999957811E-6
865.00	1.07566002043E-5
866.00	9.74573958956E-6
867.00	9.49999957811E-6
868.00	9.49999957811E-6
869.00	1.0022299648E-5
870.00	9.49999957811E-6
871.00	1.03295997178E-5
872.00	9.90282023849E-6
873.00	9.49999957811E-6
874.00	9.49999957811E-6
875.00	1.03105003291E-5
876.00	1.09358998088E-5
877.00	9.49999957811E-6
878.00	9.49999957811E-6
879.00	9.49999957811E-6
880.00	9.49999957811E-6
881.00	9.87959992926E-6
882.00	1.02104004327E-5
883.00	9.90791977529E-6
884.00	9.56005987973E-6
885.00	9.49999957811E-6
886.00	1.3853999917E-5
887.00	1.22163000924E-5
888.00	1.21959001262E-5
889.00	1.12936004371E-5
890.00	1.2214400158E-5
891.00	1.23666995933E-5
892.00	1.33842995638E-5
893.00	1.48967001223E-5
894.00	1.46569000208E-5
895.00	1.36931002999E-5
896.00	1.46031998156E-5
897.00	1.43636998473E-5
898.00	1.63142995007E-5
899.00	1.56638998305E-5
900.00	1.38510004035E-5
901.00	1.43016995935E-5
902.00	1.41631999213E-5
903.00	1.42292001328E-5
904.00	1.4533099602E-5
905.00	1.61401003425E-5
906.00	1.31366996357E-5
907.00	1.44078003359E-5
908.00	1.48076996993E-5
909.00	1.41709997479E-5
910.00	1.49412999235E-5
911.00	1.36813996505E-5
912.00	1.35815998874E-5
913.00	1.54246008606E-5
914.00	1.47615000969E-5
915.00	1.44511996041E-5
916.00	1.38218001666E-5
917.00	1.3062999642E-5
918.00	1.63007007359E-5
919.00	1.4389500393E-5
920.00	1.34073998197E-5
921.00	1.37656998049E-5
922.00	1.53445998876E-5
923.00	1.2560200048E-5
924.00	1.41743003041E-5
925.00	1.37581000672E-5
926.00	1.34417996378E-5
927.00	1.34492001962E-5
928.00	1.37992001328E-5
929.00	1.17146000775E-5
930.00	1.26695003928E-5
931.00	1.27493003674E-5
932.00	1.5579200408E-5
933.00	1.4303500393E-5
934.00	1.51259000631E-5
935.00	1.54699991981E-5
936.00	1.37097003972E-5
937.00	1.53535002028E-5
938.00	1.46270003825E-5
939.00	1.72300005943E-5
940.00	1.42813996717E-5
941.00	1.60431991389E-5
942.00	1.6007999875E-5
943.00	1.68991991814E-5
944.00	1.80739007192E-5
945.00	1.93065006897E-5
946.00	1.84455002454E-5
947.00	1.73919997906E-5
948.00	1.96388991753E-5
949.00	2.16833996092E-5
950.00	2.0822899387E-5
951.00	2.18408004002E-5
952.00	2.09444006032E-5
953.00	1.92070001503E-5
954.00	2.07169996429E-5
955.00	2.12083996303E-5
956.00	2.33466998907E-5
957.00	2.24231007451E-5
958.00	2.36575997405E-5
959.00	2.41521993303E-5
960.00	2.55294999079E-5
961.00	2.42851001531E-5
962.00	2.61625991698E-5
963.00	2.5423900297E-5
964.00	2.58348991338E-5
965.00	2.53109992627E-5
966.00	2.65161997959E-5
967.00	2.62564008153E-5
968.00	2.56106995948E-5
969.00	2.70780001301E-5
970.00	2.4147100703E-5
971.00	2.75351994787E-5
972.00	2.70908003586E-5
973.00	2.67966006504E-5
974.00	2.83933004539E-5
975.00	2.70362997981E-5
976.00	2.76795999525E-5
977.00	2.88319006359E-5
978.00	2.72051001957E-5
979.00	2.93050998152E-5
980.00	2.73596997431E-5
981.00	2.87937000394E-5
982.00	2.79362993751E-5
983.00	2.78422994597E-5
984.00	2.79046998912E-5
985.00	2.93618995784E-5
986.00	2.90219995804E-5
987.00	2.95072004519E-5
988.00	3.10885989165E-5
989.00	2.83848003164E-5
990.00	2.98661998386E-5
991.00	2.90817006317E-5
992.00	3.03553006233E-5
993.00	2.87014008791E-5
994.00	3.01172003674E-5
995.00	3.13985983666E-5
996.00	2.92222994176E-5
997.00	3.08786984533E-5
998.00	3.29629983753E-5
999.00	3.14444005198E-5
1,000.00	3.22429987136E-5
1,001.00	3.00525007333E-5
1,002.00	3.07853988488E-5
1,003.00	3.12301017402E-5
1,004.00	2.88429000648E-5
1,005.00	3.37821984431E-5
1,006.00	3.23275016854E-5
1,007.00	3.23234016832E-5
1,008.00	3.25203000102E-5
1,009.00	3.29463000526E-5
1,010.00	3.24635984725E-5
1,011.00	3.2071100577E-5
1,012.00	3.22956002492E-5
1,013.00	3.2996700611E-5
1,014.00	3.25387991325E-5
1,015.00	3.37070996466E-5
1,016.00	3.59709993063E-5
1,017.00	3.46620981873E-5
1,018.00	3.51406997652E-5
1,019.00	3.50443006027E-5
1,020.00	3.61241000064E-5
1,021.00	3.50976988557E-5
1,022.00	3.67665015801E-5
1,023.00	3.80929013772E-5
1,024.00	3.72182985302E-5
1,025.00	3.84720988222E-5
1,026.00	3.51615999534E-5
1,027.00	3.79765988328E-5
1,028.00	4.06284998462E-5
1,029.00	3.76149000658E-5
1,030.00	3.94849012082E-5
1,031.00	4.05378013966E-5
1,032.00	3.82938014809E-5
1,033.00	4.13611014665E-5
1,034.00	4.1179398977E-5
1,035.00	3.93701993744E-5
1,036.00	4.15176000388E-5
1,037.00	4.1609400796E-5
1,038.00	4.12670015066E-5
1,039.00	4.2825100536E-5
1,040.00	4.28144012403E-5
1,041.00	4.41332012997E-5
1,042.00	4.42039017798E-5
1,043.00	4.4495700422E-5
1,044.00	4.47521997557E-5
1,045.00	4.33427012467E-5
1,046.00	4.55857989436E-5
1,047.00	4.35369001934E-5
1,048.00	4.54176988569E-5
1,049.00	4.42292002845E-5
1,050.00	4.58292997791E-5
1,051.00	4.68813013867E-5
1,052.00	4.77504981973E-5
1,053.00	4.69369988423E-5
1,054.00	4.82333998661E-5
1,055.00	4.63184005639E-5
1,056.00	4.73102991236E-5
1,057.00	4.79076006741E-5
1,058.00	4.74996995763E-5
1,059.00	4.25760008511E-5
1,060.00	4.43700009782E-5
1,061.00	4.66044002678E-5
1,062.00	4.86356002511E-5
1,063.00	4.94529995194E-5
1,064.00	4.74541011499E-5
1,065.00	4.92631988891E-5
1,066.00	4.69908009109E-5
1,067.00	4.66925012006E-5
1,068.00	4.71731000289E-5
1,069.00	4.9121601478E-5
1,070.00	4.81698989461E-5
1,071.00	4.57643982372E-5
1,072.00	4.83904004795E-5
1,073.00	4.36098998762E-5
1,074.00	4.68364996777E-5
1,075.00	5.00665009895E-5
1,076.00	4.75736014778E-5
1,077.00	4.8578298447E-5
1,078.00	4.61585004814E-5
1,079.00	4.6779299737E-5
1,080.00	4.70896011393E-5
1,081.00	4.77473004139E-5
1,082.00	4.84437005071E-5
1,083.00	4.81766983285E-5
1,084.00	4.92891012982E-5
1,085.00	4.60119990748E-5
1,086.00	4.83442017867E-5
1,087.00	4.87764991703E-5
1,088.00	4.61503004772E-5
1,089.00	4.86376011395E-5
1,090.00	5.00673995703E-5
1,091.00	5.16094987688E-5
1,092.00	5.03689989273E-5
1,093.00	5.29173994437E-5
1,094.00	5.27486990904E-5
1,095.00	5.22504014953E-5
1,096.00	5.28868986294E-5
1,097.00	5.30676989001E-5
1,098.00	5.39856009709E-5
1,099.00	5.33445017936E-5
1,100.00	5.34177015652E-5
1,101.00	5.42175985174E-5
1,102.00	5.69902986172E-5
1,103.00	5.62972018088E-5
1,104.00	5.47657000425E-5
1,105.00	5.66218986933E-5
1,106.00	5.957329995E-5
1,107.00	5.81349013373E-5
1,108.00	6.05454006291E-5
1,109.00	5.9385500208E-5
1,110.00	6.23439991614E-5
1,111.00	6.36039985693E-5
1,112.00	6.31986986264E-5
1,113.00	6.40470971121E-5
1,114.00	6.46892003715E-5
1,115.00	6.70282024657E-5
1,116.00	6.75008996041E-5
1,117.00	7.03456971678E-5
1,118.00	7.17392977094E-5
1,119.00	7.195789658E-5
1,120.00	7.46322984924E-5
1,121.00	7.42015035939E-5
1,122.00	7.63610005379E-5
1,123.00	7.70745973568E-5
1,124.00	7.8525103163E-5
1,125.00	8.19076012704E-5
1,126.00	8.33590020193E-5
1,127.00	8.21951034595E-5
1,128.00	8.91539020813E-5
1,129.00	8.60040963744E-5
1,130.00	9.16610006243E-5
1,131.00	9.09779992071E-5
1,132.00	9.53658964136E-5
1,133.00	9.49039022089E-5
1,134.00	9.72761990852E-5
1,135.00	9.91811975837E-5
1,136.00	0.000101880003058
1,137.00	0.000103972000943
1,138.00	0.000107191997813
1,139.00	0.000110396998934
1,140.00	0.000112282003101
1,141.00	0.000115784998343
1,142.00	0.00011573699885
1,143.00	0.000118279996968
1,144.00	0.000121796001622
1,145.00	0.000126995000755
1,146.00	0.000127232997329
1,147.00	0.000132531000418
1,148.00	0.000135288995807
1,149.00	0.000136880000355
1,150.00	0.000138004004839
1,151.00	0.000144139004988
1,152.00	0.000146264006617
1,153.00	0.000150501000462
1,154.00	0.000150420004502
1,155.00	0.000156445996254
1,156.00	0.000161677002325
1,157.00	0.000165111006936
1,158.00	0.000167450998561
1,159.00	0.000171381994733
1,160.00	0.000173638996785
1,161.00	0.000177081004949
1,162.00	0.000183153999387
1,163.00	0.000184402000741
1,164.00	0.000190830003703
1,165.00	0.000192370993318
1,166.00	0.000195742002688
1,167.00	0.000198762005311
1,168.00	0.000205991993425
1,169.00	0.000210715006688
1,170.00	0.000212610000744
1,171.00	0.000217609005631
1,172.00	0.00021997600561
1,173.00	0.000227028998779
1,174.00	0.000230637000641
1,175.00	0.000236876992858
1,176.00	0.000240651002969
1,177.00	0.000241008994635
1,178.00	0.000251391989877
1,179.00	0.000251446996117
1,180.00	0.000258551008301
1,181.00	0.000264320988208
1,182.00	0.00026530798641
1,183.00	0.000269860989647
1,184.00	0.000278029008768
1,185.00	0.000283213012153
1,186.00	0.00028860400198
1,187.00	0.000292634009384
1,188.00	0.000297775986837
1,189.00	0.000303089007502
1,190.00	0.000307365000481
1,191.00	0.000313830008963
1,192.00	0.000318219012115
1,193.00	0.000324327003909
1,194.00	0.000328474998241
1,195.00	0.000334712007316
1,196.00	0.000339811987942
1,197.00	0.000347046996467
1,198.00	0.000350418005837
1,199.00	0.000360114994692
1,200.00	0.000363603990991
