300.00	9.49999957811E-6
300.50	9.49999957811E-6
301.00	9.49999957811E-6
301.50	9.49999957811E-6
302.00	9.49999957811E-6
302.50	9.49999957811E-6
303.00	9.49999957811E-6
303.50	9.49999957811E-6
304.00	9.49999957811E-6
304.50	9.49999957811E-6
305.00	9.49999957811E-6
305.50	9.49999957811E-6
306.00	9.49999957811E-6
306.50	9.49999957811E-6
307.00	9.49999957811E-6
307.50	9.49999957811E-6
308.00	9.49999957811E-6
308.50	9.49999957811E-6
309.00	9.49999957811E-6
309.50	9.49999957811E-6
310.00	9.49999957811E-6
310.50	9.49999957811E-6
311.00	9.49999957811E-6
311.50	9.49999957811E-6
312.00	9.49999957811E-6
312.50	9.49999957811E-6
313.00	9.49999957811E-6
313.50	9.49999957811E-6
314.00	9.49999957811E-6
314.50	9.49999957811E-6
315.00	9.49999957811E-6
315.50	9.49999957811E-6
316.00	9.49999957811E-6
316.50	9.49999957811E-6
317.00	9.49999957811E-6
317.50	9.49999957811E-6
318.00	9.49999957811E-6
318.50	9.49999957811E-6
319.00	9.49999957811E-6
319.50	9.49999957811E-6
320.00	9.49999957811E-6
320.50	9.49999957811E-6
321.00	9.49999957811E-6
321.50	9.49999957811E-6
322.00	9.49999957811E-6
322.50	9.49999957811E-6
323.00	9.49999957811E-6
323.50	9.49999957811E-6
324.00	9.49999957811E-6
324.50	9.49999957811E-6
325.00	9.49999957811E-6
325.50	9.49999957811E-6
326.00	9.49999957811E-6
326.50	9.49999957811E-6
327.00	9.49999957811E-6
327.50	9.49999957811E-6
328.00	9.49999957811E-6
328.50	9.49999957811E-6
329.00	9.49999957811E-6
329.50	9.49999957811E-6
330.00	9.49999957811E-6
330.50	9.49999957811E-6
331.00	9.49999957811E-6
331.50	9.49999957811E-6
332.00	9.49999957811E-6
332.50	9.49999957811E-6
333.00	9.49999957811E-6
333.50	9.49999957811E-6
334.00	9.49999957811E-6
334.50	9.49999957811E-6
335.00	9.49999957811E-6
335.50	9.49999957811E-6
336.00	9.49999957811E-6
336.50	9.49999957811E-6
337.00	9.49999957811E-6
337.50	9.49999957811E-6
338.00	9.49999957811E-6
338.50	9.49999957811E-6
339.00	9.49999957811E-6
339.50	9.49999957811E-6
340.00	9.49999957811E-6
340.50	9.49999957811E-6
341.00	9.49999957811E-6
341.50	9.49999957811E-6
342.00	9.49999957811E-6
342.50	9.49999957811E-6
343.00	9.49999957811E-6
343.50	9.49999957811E-6
344.00	9.49999957811E-6
344.50	9.49999957811E-6
345.00	9.49999957811E-6
345.50	9.49999957811E-6
346.00	9.49999957811E-6
346.50	9.49999957811E-6
347.00	9.49999957811E-6
347.50	9.49999957811E-6
348.00	9.49999957811E-6
348.50	9.49999957811E-6
349.00	9.49999957811E-6
349.50	9.49999957811E-6
350.00	9.49999957811E-6
350.50	9.49999957811E-6
351.00	9.49999957811E-6
351.50	9.49999957811E-6
352.00	9.49999957811E-6
352.50	9.49999957811E-6
353.00	9.49999957811E-6
353.50	9.49999957811E-6
354.00	9.49999957811E-6
354.50	9.49999957811E-6
355.00	9.49999957811E-6
355.50	9.49999957811E-6
356.00	9.49999957811E-6
356.50	9.49999957811E-6
357.00	9.49999957811E-6
357.50	9.49999957811E-6
358.00	9.49999957811E-6
358.50	9.49999957811E-6
359.00	9.49999957811E-6
359.50	9.49999957811E-6
360.00	9.49999957811E-6
360.50	9.49999957811E-6
361.00	9.49999957811E-6
361.50	9.49999957811E-6
362.00	9.49999957811E-6
362.50	9.49999957811E-6
363.00	9.49999957811E-6
363.50	9.49999957811E-6
364.00	9.49999957811E-6
364.50	9.49999957811E-6
365.00	9.49999957811E-6
365.50	9.49999957811E-6
366.00	9.49999957811E-6
366.50	9.49999957811E-6
367.00	9.49999957811E-6
367.50	9.49999957811E-6
368.00	9.49999957811E-6
368.50	9.49999957811E-6
369.00	9.49999957811E-6
369.50	9.49999957811E-6
370.00	9.49999957811E-6
370.50	9.49999957811E-6
371.00	9.49999957811E-6
371.50	9.49999957811E-6
372.00	9.49999957811E-6
372.50	9.49999957811E-6
373.00	9.49999957811E-6
373.50	9.49999957811E-6
374.00	9.49999957811E-6
374.50	9.49999957811E-6
375.00	9.49999957811E-6
375.50	9.49999957811E-6
376.00	9.49999957811E-6
376.50	9.49999957811E-6
377.00	9.49999957811E-6
377.50	9.49999957811E-6
378.00	9.49999957811E-6
378.50	9.49999957811E-6
379.00	9.49999957811E-6
379.50	9.49999957811E-6
380.00	9.49999957811E-6
380.50	9.49999957811E-6
381.00	9.49999957811E-6
381.50	9.49999957811E-6
382.00	9.49999957811E-6
382.50	9.49999957811E-6
383.00	9.49999957811E-6
383.50	9.49999957811E-6
384.00	9.49999957811E-6
384.50	9.49999957811E-6
385.00	9.49999957811E-6
385.50	9.49999957811E-6
386.00	9.49999957811E-6
386.50	9.49999957811E-6
387.00	9.49999957811E-6
387.50	9.49999957811E-6
388.00	9.49999957811E-6
388.50	9.49999957811E-6
389.00	9.49999957811E-6
389.50	9.49999957811E-6
390.00	9.49999957811E-6
390.50	9.49999957811E-6
391.00	9.49999957811E-6
391.50	9.49999957811E-6
392.00	9.49999957811E-6
392.50	9.49999957811E-6
393.00	9.49999957811E-6
393.50	9.49999957811E-6
394.00	9.49999957811E-6
394.50	9.49999957811E-6
395.00	9.49999957811E-6
395.50	9.49999957811E-6
396.00	9.49999957811E-6
396.50	9.49999957811E-6
397.00	9.49999957811E-6
397.50	9.49999957811E-6
398.00	9.49999957811E-6
398.50	9.49999957811E-6
399.00	9.49999957811E-6
399.50	9.49999957811E-6
400.00	9.49999957811E-6
400.50	9.49999957811E-6
401.00	9.49999957811E-6
401.50	9.49999957811E-6
402.00	9.49999957811E-6
402.50	9.49999957811E-6
403.00	9.49999957811E-6
403.50	9.49999957811E-6
404.00	9.49999957811E-6
404.50	9.49999957811E-6
405.00	9.49999957811E-6
405.50	9.49999957811E-6
406.00	9.49999957811E-6
406.50	9.49999957811E-6
407.00	9.49999957811E-6
407.50	9.49999957811E-6
408.00	9.49999957811E-6
408.50	9.49999957811E-6
409.00	9.49999957811E-6
409.50	9.49999957811E-6
410.00	9.49999957811E-6
410.50	9.49999957811E-6
411.00	9.49999957811E-6
411.50	9.49999957811E-6
412.00	9.49999957811E-6
412.50	9.49999957811E-6
413.00	9.49999957811E-6
413.50	9.49999957811E-6
414.00	9.49999957811E-6
414.50	9.49999957811E-6
415.00	9.49999957811E-6
415.50	9.49999957811E-6
416.00	9.49999957811E-6
416.50	9.49999957811E-6
417.00	9.49999957811E-6
417.50	9.49999957811E-6
418.00	9.49999957811E-6
418.50	9.49999957811E-6
419.00	9.49999957811E-6
419.50	9.49999957811E-6
420.00	9.49999957811E-6
420.50	9.49999957811E-6
421.00	9.49999957811E-6
421.50	9.49999957811E-6
422.00	9.49999957811E-6
422.50	9.49999957811E-6
423.00	9.49999957811E-6
423.50	9.49999957811E-6
424.00	9.49999957811E-6
424.50	9.49999957811E-6
425.00	9.49999957811E-6
425.50	9.49999957811E-6
426.00	9.49999957811E-6
426.50	9.49999957811E-6
427.00	9.49999957811E-6
427.50	9.49999957811E-6
428.00	9.49999957811E-6
428.50	9.49999957811E-6
429.00	9.49999957811E-6
429.50	9.49999957811E-6
430.00	9.49999957811E-6
430.50	9.49999957811E-6
431.00	9.49999957811E-6
431.50	9.49999957811E-6
432.00	9.49999957811E-6
432.50	9.49999957811E-6
433.00	9.49999957811E-6
433.50	9.49999957811E-6
434.00	9.49999957811E-6
434.50	9.49999957811E-6
435.00	9.49999957811E-6
435.50	9.49999957811E-6
436.00	9.49999957811E-6
436.50	9.49999957811E-6
437.00	9.49999957811E-6
437.50	9.49999957811E-6
438.00	9.49999957811E-6
438.50	9.49999957811E-6
439.00	9.49999957811E-6
439.50	9.49999957811E-6
440.00	9.49999957811E-6
440.50	9.49999957811E-6
441.00	9.49999957811E-6
441.50	9.49999957811E-6
442.00	9.49999957811E-6
442.50	9.49999957811E-6
443.00	9.49999957811E-6
443.50	9.49999957811E-6
444.00	9.49999957811E-6
444.50	9.49999957811E-6
445.00	9.49999957811E-6
445.50	9.49999957811E-6
446.00	9.49999957811E-6
446.50	9.49999957811E-6
447.00	9.49999957811E-6
447.50	9.49999957811E-6
448.00	9.49999957811E-6
448.50	9.49999957811E-6
449.00	9.49999957811E-6
449.50	9.49999957811E-6
450.00	9.49999957811E-6
450.50	9.49999957811E-6
451.00	9.49999957811E-6
451.50	9.49999957811E-6
452.00	9.49999957811E-6
452.50	9.49999957811E-6
453.00	9.49999957811E-6
453.50	9.49999957811E-6
454.00	9.49999957811E-6
454.50	9.49999957811E-6
455.00	9.49999957811E-6
455.50	9.49999957811E-6
456.00	9.49999957811E-6
456.50	9.49999957811E-6
457.00	9.49999957811E-6
457.50	9.49999957811E-6
458.00	9.49999957811E-6
458.50	9.49999957811E-6
459.00	9.49999957811E-6
459.50	9.49999957811E-6
460.00	9.49999957811E-6
460.50	9.49999957811E-6
461.00	9.49999957811E-6
461.50	9.49999957811E-6
462.00	9.49999957811E-6
462.50	9.49999957811E-6
463.00	9.49999957811E-6
463.50	9.49999957811E-6
464.00	9.49999957811E-6
464.50	9.49999957811E-6
465.00	9.49999957811E-6
465.50	9.49999957811E-6
466.00	9.49999957811E-6
466.50	9.49999957811E-6
467.00	9.49999957811E-6
467.50	9.49999957811E-6
468.00	9.49999957811E-6
468.50	9.49999957811E-6
469.00	9.49999957811E-6
469.50	9.49999957811E-6
470.00	9.49999957811E-6
470.50	9.49999957811E-6
471.00	9.49999957811E-6
471.50	9.49999957811E-6
472.00	9.49999957811E-6
472.50	9.49999957811E-6
473.00	9.49999957811E-6
473.50	9.49999957811E-6
474.00	9.49999957811E-6
474.50	9.49999957811E-6
475.00	9.49999957811E-6
475.50	9.49999957811E-6
476.00	9.49999957811E-6
476.50	9.49999957811E-6
477.00	9.49999957811E-6
477.50	9.49999957811E-6
478.00	9.49999957811E-6
478.50	9.49999957811E-6
479.00	2.03930994758E-5
479.50	5.67893985135E-5
480.00	0.000158002003445
480.50	0.000443238008302
481.00	0.00127844000235
481.50	0.00369484000839
482.00	0.0117359003052
482.50	0.0404256992042
483.00	0.129469007254
483.50	0.306208014488
484.00	0.507269024849
484.50	0.639222025871
485.00	0.688529014587
485.50	0.715193986893
486.00	0.736288011074
486.50	0.745473980904
487.00	0.74742102623
487.50	0.751082003117
488.00	0.755254983902
488.50	0.762169003487
489.00	0.765622973442
489.50	0.767446994781
490.00	0.767455995083
490.50	0.765648007393
491.00	0.76473402977
491.50	0.766898989677
492.00	0.771333992481
492.50	0.776714026928
493.00	0.783852994442
493.50	0.789569020271
494.00	0.794452011585
494.50	0.797801017761
495.00	0.797707021236
495.50	0.794086992741
496.00	0.789846003056
496.50	0.78338098526
497.00	0.777140021324
497.50	0.776341974735
498.00	0.775152027607
498.50	0.775626003742
499.00	0.769403994083
499.50	0.755600988865
500.00	0.740195989609
500.50	0.725049972534
501.00	0.687121987343
501.50	0.573635995388
502.00	0.357995986938
502.50	0.174311995506
503.00	0.0364746004343
503.50	0.0211963001639
504.00	0.00761382980272
504.50	0.00297727994621
505.00	0.00125460000709
505.50	0.000533948012162
506.00	0.000238181994064
506.50	0.000108574997284
507.00	4.73994005006E-5
507.50	2.09905992961E-5
508.00	9.49999957811E-6
508.50	9.49999957811E-6
509.00	9.49999957811E-6
509.50	9.49999957811E-6
510.00	9.49999957811E-6
510.50	9.49999957811E-6
511.00	9.49999957811E-6
511.50	9.49999957811E-6
512.00	9.49999957811E-6
512.50	9.49999957811E-6
513.00	9.49999957811E-6
513.50	9.49999957811E-6
514.00	9.49999957811E-6
514.50	9.49999957811E-6
515.00	9.49999957811E-6
515.50	9.49999957811E-6
516.00	9.49999957811E-6
516.50	9.49999957811E-6
517.00	9.49999957811E-6
517.50	9.49999957811E-6
518.00	9.49999957811E-6
518.50	9.49999957811E-6
519.00	9.49999957811E-6
519.50	9.49999957811E-6
520.00	9.49999957811E-6
520.50	9.49999957811E-6
521.00	9.49999957811E-6
521.50	9.49999957811E-6
522.00	9.49999957811E-6
522.50	9.49999957811E-6
523.00	9.49999957811E-6
523.50	9.49999957811E-6
524.00	9.49999957811E-6
524.50	9.49999957811E-6
525.00	9.49999957811E-6
525.50	9.49999957811E-6
526.00	9.49999957811E-6
526.50	9.49999957811E-6
527.00	9.49999957811E-6
527.50	9.49999957811E-6
528.00	9.49999957811E-6
528.50	9.49999957811E-6
529.00	9.49999957811E-6
529.50	9.49999957811E-6
530.00	9.49999957811E-6
530.50	9.49999957811E-6
531.00	9.49999957811E-6
531.50	9.49999957811E-6
532.00	9.49999957811E-6
532.50	9.49999957811E-6
533.00	9.49999957811E-6
533.50	9.49999957811E-6
534.00	9.49999957811E-6
534.50	9.49999957811E-6
535.00	9.49999957811E-6
535.50	9.49999957811E-6
536.00	9.49999957811E-6
536.50	9.49999957811E-6
537.00	9.49999957811E-6
537.50	9.49999957811E-6
538.00	9.49999957811E-6
538.50	9.49999957811E-6
539.00	9.49999957811E-6
539.50	9.49999957811E-6
540.00	9.49999957811E-6
540.50	9.49999957811E-6
541.00	9.49999957811E-6
541.50	9.49999957811E-6
542.00	9.49999957811E-6
542.50	9.49999957811E-6
543.00	9.49999957811E-6
543.50	9.49999957811E-6
544.00	9.49999957811E-6
544.50	9.49999957811E-6
545.00	9.49999957811E-6
545.50	9.49999957811E-6
546.00	9.49999957811E-6
546.50	9.49999957811E-6
547.00	9.49999957811E-6
547.50	9.49999957811E-6
548.00	9.49999957811E-6
548.50	9.49999957811E-6
549.00	9.49999957811E-6
549.50	9.49999957811E-6
550.00	9.49999957811E-6
550.50	9.49999957811E-6
551.00	9.49999957811E-6
551.50	9.49999957811E-6
552.00	9.49999957811E-6
552.50	9.49999957811E-6
553.00	9.49999957811E-6
553.50	9.49999957811E-6
554.00	9.49999957811E-6
554.50	9.49999957811E-6
555.00	9.49999957811E-6
555.50	9.49999957811E-6
556.00	9.49999957811E-6
556.50	9.49999957811E-6
557.00	9.49999957811E-6
557.50	9.49999957811E-6
558.00	9.49999957811E-6
558.50	9.49999957811E-6
559.00	9.49999957811E-6
559.50	9.49999957811E-6
560.00	9.49999957811E-6
560.50	9.49999957811E-6
561.00	9.49999957811E-6
561.50	9.49999957811E-6
562.00	9.49999957811E-6
562.50	9.49999957811E-6
563.00	9.49999957811E-6
563.50	9.49999957811E-6
564.00	9.49999957811E-6
564.50	9.49999957811E-6
565.00	9.49999957811E-6
565.50	9.49999957811E-6
566.00	9.49999957811E-6
566.50	9.49999957811E-6
567.00	9.49999957811E-6
567.50	9.49999957811E-6
568.00	9.49999957811E-6
568.50	9.49999957811E-6
569.00	9.49999957811E-6
569.50	9.49999957811E-6
570.00	9.49999957811E-6
570.50	9.49999957811E-6
571.00	9.49999957811E-6
571.50	9.49999957811E-6
572.00	9.49999957811E-6
572.50	9.49999957811E-6
573.00	9.49999957811E-6
573.50	9.49999957811E-6
574.00	9.49999957811E-6
574.50	9.49999957811E-6
575.00	9.49999957811E-6
575.50	9.49999957811E-6
576.00	9.49999957811E-6
576.50	9.49999957811E-6
577.00	9.49999957811E-6
577.50	9.49999957811E-6
578.00	9.49999957811E-6
578.50	9.49999957811E-6
579.00	9.49999957811E-6
579.50	9.49999957811E-6
580.00	9.49999957811E-6
580.50	9.49999957811E-6
581.00	9.49999957811E-6
581.50	9.49999957811E-6
582.00	9.49999957811E-6
582.50	9.49999957811E-6
583.00	9.49999957811E-6
583.50	9.49999957811E-6
584.00	9.49999957811E-6
584.50	9.49999957811E-6
585.00	9.49999957811E-6
585.50	9.49999957811E-6
586.00	9.49999957811E-6
586.50	9.49999957811E-6
587.00	9.49999957811E-6
587.50	9.49999957811E-6
588.00	9.49999957811E-6
588.50	9.49999957811E-6
589.00	9.49999957811E-6
589.50	9.49999957811E-6
590.00	9.49999957811E-6
590.50	9.49999957811E-6
591.00	9.49999957811E-6
591.50	9.49999957811E-6
592.00	9.49999957811E-6
592.50	9.49999957811E-6
593.00	9.49999957811E-6
593.50	9.49999957811E-6
594.00	9.49999957811E-6
594.50	9.49999957811E-6
595.00	9.49999957811E-6
595.50	9.49999957811E-6
596.00	9.49999957811E-6
596.50	9.49999957811E-6
597.00	9.49999957811E-6
597.50	9.49999957811E-6
598.00	9.49999957811E-6
598.50	9.49999957811E-6
599.00	9.49999957811E-6
599.50	9.49999957811E-6
600.00	9.49999957811E-6
600.50	9.49999957811E-6
601.00	9.49999957811E-6
601.50	9.49999957811E-6
602.00	9.49999957811E-6
602.50	9.49999957811E-6
603.00	9.49999957811E-6
603.50	9.49999957811E-6
604.00	9.49999957811E-6
604.50	9.49999957811E-6
605.00	9.49999957811E-6
605.50	9.49999957811E-6
606.00	9.49999957811E-6
606.50	9.49999957811E-6
607.00	9.49999957811E-6
607.50	9.49999957811E-6
608.00	9.49999957811E-6
608.50	9.49999957811E-6
609.00	9.49999957811E-6
609.50	9.49999957811E-6
610.00	9.49999957811E-6
610.50	9.49999957811E-6
611.00	9.49999957811E-6
611.50	9.49999957811E-6
612.00	9.49999957811E-6
612.50	9.49999957811E-6
613.00	9.49999957811E-6
613.50	9.49999957811E-6
614.00	9.49999957811E-6
614.50	9.49999957811E-6
615.00	9.49999957811E-6
615.50	9.49999957811E-6
616.00	9.49999957811E-6
616.50	9.49999957811E-6
617.00	9.49999957811E-6
617.50	9.49999957811E-6
618.00	9.49999957811E-6
618.50	9.49999957811E-6
619.00	9.49999957811E-6
619.50	9.49999957811E-6
620.00	9.49999957811E-6
620.50	9.49999957811E-6
621.00	9.49999957811E-6
621.50	9.49999957811E-6
622.00	9.49999957811E-6
622.50	9.49999957811E-6
623.00	9.49999957811E-6
623.50	9.49999957811E-6
624.00	9.49999957811E-6
624.50	9.49999957811E-6
625.00	9.49999957811E-6
625.50	9.49999957811E-6
626.00	9.49999957811E-6
626.50	9.49999957811E-6
627.00	9.49999957811E-6
627.50	9.49999957811E-6
628.00	9.49999957811E-6
628.50	9.49999957811E-6
629.00	9.49999957811E-6
629.50	9.49999957811E-6
630.00	9.49999957811E-6
630.50	9.49999957811E-6
631.00	9.49999957811E-6
631.50	9.49999957811E-6
632.00	9.49999957811E-6
632.50	9.49999957811E-6
633.00	9.49999957811E-6
633.50	9.49999957811E-6
634.00	9.49999957811E-6
634.50	9.49999957811E-6
635.00	9.49999957811E-6
635.50	9.49999957811E-6
636.00	9.49999957811E-6
636.50	9.49999957811E-6
637.00	9.49999957811E-6
637.50	9.49999957811E-6
638.00	9.49999957811E-6
638.50	9.49999957811E-6
639.00	9.49999957811E-6
639.50	9.49999957811E-6
640.00	9.49999957811E-6
640.50	9.49999957811E-6
641.00	9.49999957811E-6
641.50	9.49999957811E-6
642.00	9.49999957811E-6
642.50	9.49999957811E-6
643.00	9.49999957811E-6
643.50	9.49999957811E-6
644.00	9.49999957811E-6
644.50	9.49999957811E-6
645.00	9.49999957811E-6
645.50	9.49999957811E-6
646.00	9.49999957811E-6
646.50	9.49999957811E-6
647.00	9.49999957811E-6
647.50	9.49999957811E-6
648.00	9.49999957811E-6
648.50	9.49999957811E-6
649.00	9.49999957811E-6
649.50	9.49999957811E-6
650.00	9.49999957811E-6
650.50	9.49999957811E-6
651.00	9.49999957811E-6
651.50	9.49999957811E-6
652.00	9.49999957811E-6
652.50	9.49999957811E-6
653.00	9.49999957811E-6
653.50	9.49999957811E-6
654.00	9.49999957811E-6
654.50	9.49999957811E-6
655.00	9.49999957811E-6
655.50	9.49999957811E-6
656.00	9.49999957811E-6
656.50	9.49999957811E-6
657.00	9.49999957811E-6
657.50	9.49999957811E-6
658.00	9.49999957811E-6
658.50	9.49999957811E-6
659.00	9.49999957811E-6
659.50	9.49999957811E-6
660.00	9.49999957811E-6
660.50	9.49999957811E-6
661.00	9.49999957811E-6
661.50	9.49999957811E-6
662.00	9.49999957811E-6
662.50	9.49999957811E-6
663.00	9.49999957811E-6
663.50	9.49999957811E-6
664.00	9.49999957811E-6
664.50	9.49999957811E-6
665.00	9.49999957811E-6
665.50	9.49999957811E-6
666.00	9.49999957811E-6
666.50	9.49999957811E-6
667.00	9.49999957811E-6
667.50	9.49999957811E-6
668.00	9.49999957811E-6
668.50	9.49999957811E-6
669.00	9.49999957811E-6
669.50	9.49999957811E-6
670.00	9.49999957811E-6
670.50	9.49999957811E-6
671.00	9.49999957811E-6
671.50	9.49999957811E-6
672.00	9.49999957811E-6
672.50	9.49999957811E-6
673.00	9.49999957811E-6
673.50	9.49999957811E-6
674.00	9.49999957811E-6
674.50	9.49999957811E-6
675.00	9.49999957811E-6
675.50	9.49999957811E-6
676.00	9.49999957811E-6
676.50	9.49999957811E-6
677.00	9.49999957811E-6
677.50	9.49999957811E-6
678.00	9.49999957811E-6
678.50	9.49999957811E-6
679.00	9.49999957811E-6
679.50	9.49999957811E-6
680.00	9.49999957811E-6
680.50	9.49999957811E-6
681.00	9.49999957811E-6
681.50	9.49999957811E-6
682.00	9.49999957811E-6
682.50	9.49999957811E-6
683.00	9.49999957811E-6
683.50	9.49999957811E-6
684.00	9.49999957811E-6
684.50	9.49999957811E-6
685.00	9.49999957811E-6
685.50	9.49999957811E-6
686.00	9.49999957811E-6
686.50	9.49999957811E-6
687.00	9.49999957811E-6
687.50	9.49999957811E-6
688.00	9.49999957811E-6
688.50	9.49999957811E-6
689.00	9.49999957811E-6
689.50	9.49999957811E-6
690.00	9.49999957811E-6
690.50	9.49999957811E-6
691.00	9.49999957811E-6
691.50	9.49999957811E-6
692.00	9.49999957811E-6
692.50	9.49999957811E-6
693.00	9.49999957811E-6
693.50	9.49999957811E-6
694.00	9.49999957811E-6
694.50	9.49999957811E-6
695.00	9.49999957811E-6
695.50	9.49999957811E-6
696.00	9.49999957811E-6
696.50	9.49999957811E-6
697.00	9.49999957811E-6
697.50	9.49999957811E-6
698.00	9.49999957811E-6
698.50	9.49999957811E-6
699.00	9.49999957811E-6
699.50	9.49999957811E-6
700.00	9.49999957811E-6
700.50	9.49999957811E-6
701.00	9.49999957811E-6
701.50	9.49999957811E-6
702.00	9.49999957811E-6
702.50	9.49999957811E-6
703.00	9.49999957811E-6
703.50	9.49999957811E-6
704.00	9.49999957811E-6
704.50	9.49999957811E-6
705.00	9.49999957811E-6
705.50	9.49999957811E-6
706.00	9.49999957811E-6
706.50	9.49999957811E-6
707.00	9.49999957811E-6
707.50	9.49999957811E-6
708.00	9.49999957811E-6
708.50	9.49999957811E-6
709.00	9.49999957811E-6
709.50	9.49999957811E-6
710.00	9.49999957811E-6
710.50	9.49999957811E-6
711.00	9.49999957811E-6
711.50	9.49999957811E-6
712.00	9.49999957811E-6
712.50	9.49999957811E-6
713.00	9.49999957811E-6
713.50	9.49999957811E-6
714.00	9.49999957811E-6
714.50	9.49999957811E-6
715.00	9.49999957811E-6
715.50	9.49999957811E-6
716.00	9.49999957811E-6
716.50	9.49999957811E-6
717.00	9.49999957811E-6
717.50	9.49999957811E-6
718.00	9.49999957811E-6
718.50	9.49999957811E-6
719.00	9.49999957811E-6
719.50	9.49999957811E-6
720.00	9.49999957811E-6
720.50	9.49999957811E-6
721.00	9.49999957811E-6
721.50	9.49999957811E-6
722.00	9.49999957811E-6
722.50	9.49999957811E-6
723.00	9.49999957811E-6
723.50	9.49999957811E-6
724.00	9.49999957811E-6
724.50	9.49999957811E-6
725.00	9.49999957811E-6
725.50	9.49999957811E-6
726.00	9.49999957811E-6
726.50	9.49999957811E-6
727.00	9.49999957811E-6
727.50	9.49999957811E-6
728.00	9.49999957811E-6
728.50	9.49999957811E-6
729.00	9.49999957811E-6
729.50	9.49999957811E-6
730.00	9.49999957811E-6
730.50	9.49999957811E-6
731.00	9.49999957811E-6
731.50	9.49999957811E-6
732.00	9.49999957811E-6
732.50	9.49999957811E-6
733.00	9.49999957811E-6
733.50	9.49999957811E-6
734.00	9.49999957811E-6
734.50	9.49999957811E-6
735.00	9.49999957811E-6
735.50	9.49999957811E-6
736.00	9.49999957811E-6
736.50	9.49999957811E-6
737.00	9.49999957811E-6
737.50	9.49999957811E-6
738.00	9.49999957811E-6
738.50	9.49999957811E-6
739.00	9.49999957811E-6
739.50	9.49999957811E-6
740.00	9.49999957811E-6
740.50	9.49999957811E-6
741.00	9.49999957811E-6
741.50	9.49999957811E-6
742.00	9.49999957811E-6
742.50	9.49999957811E-6
743.00	9.49999957811E-6
743.50	9.49999957811E-6
744.00	9.49999957811E-6
744.50	9.49999957811E-6
745.00	9.49999957811E-6
745.50	9.49999957811E-6
746.00	9.49999957811E-6
746.50	9.49999957811E-6
747.00	9.49999957811E-6
747.50	9.49999957811E-6
748.00	9.49999957811E-6
748.50	9.49999957811E-6
749.00	9.49999957811E-6
749.50	9.49999957811E-6
750.00	9.49999957811E-6
750.50	9.49999957811E-6
751.00	9.49999957811E-6
751.50	9.49999957811E-6
752.00	9.49999957811E-6
752.50	9.49999957811E-6
753.00	9.49999957811E-6
753.50	9.49999957811E-6
754.00	9.49999957811E-6
754.50	9.49999957811E-6
755.00	9.49999957811E-6
755.50	9.49999957811E-6
756.00	9.49999957811E-6
756.50	9.49999957811E-6
757.00	9.49999957811E-6
757.50	9.49999957811E-6
758.00	9.49999957811E-6
758.50	9.49999957811E-6
759.00	9.49999957811E-6
759.50	9.49999957811E-6
760.00	9.49999957811E-6
760.50	9.49999957811E-6
761.00	9.49999957811E-6
761.50	9.49999957811E-6
762.00	9.49999957811E-6
762.50	9.49999957811E-6
763.00	9.49999957811E-6
763.50	9.49999957811E-6
764.00	9.49999957811E-6
764.50	9.49999957811E-6
765.00	9.49999957811E-6
765.50	9.49999957811E-6
766.00	9.49999957811E-6
766.50	9.49999957811E-6
767.00	9.49999957811E-6
767.50	9.49999957811E-6
768.00	9.49999957811E-6
768.50	9.49999957811E-6
769.00	9.49999957811E-6
769.50	9.49999957811E-6
770.00	9.49999957811E-6
770.50	9.49999957811E-6
771.00	9.49999957811E-6
771.50	9.49999957811E-6
772.00	9.49999957811E-6
772.50	9.49999957811E-6
773.00	9.49999957811E-6
773.50	9.49999957811E-6
774.00	9.49999957811E-6
774.50	9.49999957811E-6
775.00	9.49999957811E-6
775.50	9.49999957811E-6
776.00	9.49999957811E-6
776.50	9.49999957811E-6
777.00	9.49999957811E-6
777.50	9.49999957811E-6
778.00	9.49999957811E-6
778.50	9.49999957811E-6
779.00	9.49999957811E-6
779.50	9.49999957811E-6
780.00	9.49999957811E-6
780.50	9.49999957811E-6
781.00	9.49999957811E-6
781.50	9.49999957811E-6
782.00	9.49999957811E-6
782.50	9.49999957811E-6
783.00	9.49999957811E-6
783.50	9.49999957811E-6
784.00	9.49999957811E-6
784.50	9.49999957811E-6
785.00	9.49999957811E-6
785.50	9.49999957811E-6
786.00	9.49999957811E-6
786.50	9.49999957811E-6
787.00	9.49999957811E-6
787.50	9.49999957811E-6
788.00	9.49999957811E-6
788.50	9.49999957811E-6
789.00	9.49999957811E-6
789.50	9.49999957811E-6
790.00	9.49999957811E-6
790.50	9.49999957811E-6
791.00	9.49999957811E-6
791.50	9.49999957811E-6
792.00	9.49999957811E-6
792.50	9.49999957811E-6
793.00	9.49999957811E-6
793.50	9.49999957811E-6
794.00	9.49999957811E-6
794.50	9.49999957811E-6
795.00	9.49999957811E-6
795.50	9.49999957811E-6
796.00	9.49999957811E-6
796.50	9.49999957811E-6
797.00	9.49999957811E-6
797.50	9.49999957811E-6
798.00	9.49999957811E-6
798.50	9.49999957811E-6
799.00	9.49999957811E-6
799.50	9.49999957811E-6
800.00	9.49999957811E-6
800.50	9.49999957811E-6
801.00	9.49999957811E-6
801.50	9.49999957811E-6
802.00	9.49999957811E-6
802.50	9.49999957811E-6
803.00	9.49999957811E-6
803.50	9.49999957811E-6
804.00	9.49999957811E-6
804.50	9.49999957811E-6
805.00	9.49999957811E-6
805.50	9.49999957811E-6
806.00	9.49999957811E-6
806.50	9.49999957811E-6
807.00	9.49999957811E-6
807.50	9.49999957811E-6
808.00	9.49999957811E-6
808.50	9.49999957811E-6
809.00	9.49999957811E-6
809.50	9.49999957811E-6
810.00	9.49999957811E-6
810.50	9.49999957811E-6
811.00	9.49999957811E-6
811.50	9.49999957811E-6
812.00	9.49999957811E-6
812.50	9.49999957811E-6
813.00	9.49999957811E-6
813.50	9.49999957811E-6
814.00	9.49999957811E-6
814.50	9.49999957811E-6
815.00	9.49999957811E-6
815.50	9.49999957811E-6
816.00	9.49999957811E-6
816.50	9.49999957811E-6
817.00	9.49999957811E-6
817.50	9.49999957811E-6
818.00	9.49999957811E-6
818.50	9.49999957811E-6
819.00	9.49999957811E-6
819.50	9.49999957811E-6
820.00	9.49999957811E-6
820.50	9.49999957811E-6
821.00	9.49999957811E-6
821.50	9.49999957811E-6
822.00	9.49999957811E-6
822.50	9.49999957811E-6
823.00	9.49999957811E-6
823.50	9.49999957811E-6
824.00	9.49999957811E-6
824.50	9.49999957811E-6
825.00	9.49999957811E-6
825.50	9.49999957811E-6
826.00	9.49999957811E-6
826.50	9.49999957811E-6
827.00	9.49999957811E-6
827.50	9.49999957811E-6
828.00	9.49999957811E-6
828.50	9.49999957811E-6
829.00	9.49999957811E-6
829.50	9.49999957811E-6
830.00	9.49999957811E-6
830.50	9.49999957811E-6
831.00	9.49999957811E-6
831.50	9.49999957811E-6
832.00	9.49999957811E-6
832.50	9.49999957811E-6
833.00	9.49999957811E-6
833.50	9.49999957811E-6
834.00	9.49999957811E-6
834.50	9.49999957811E-6
835.00	9.49999957811E-6
835.50	9.49999957811E-6
836.00	9.49999957811E-6
836.50	9.49999957811E-6
837.00	9.49999957811E-6
837.50	9.49999957811E-6
838.00	9.49999957811E-6
838.50	9.49999957811E-6
839.00	9.49999957811E-6
839.50	9.49999957811E-6
840.00	9.49999957811E-6
840.50	9.49999957811E-6
841.00	9.49999957811E-6
841.50	9.49999957811E-6
842.00	9.49999957811E-6
842.50	9.49999957811E-6
843.00	9.49999957811E-6
843.50	9.49999957811E-6
844.00	9.49999957811E-6
844.50	9.49999957811E-6
845.00	9.49999957811E-6
845.50	9.49999957811E-6
846.00	9.49999957811E-6
846.50	9.49999957811E-6
847.00	9.49999957811E-6
847.50	9.49999957811E-6
848.00	9.49999957811E-6
848.50	9.49999957811E-6
849.00	9.49999957811E-6
849.50	9.49999957811E-6
850.00	9.49999957811E-6
850.50	9.49999957811E-6
851.00	9.49999957811E-6
851.50	9.49999957811E-6
852.00	9.49999957811E-6
852.50	9.49999957811E-6
853.00	9.49999957811E-6
853.50	9.49999957811E-6
854.00	9.49999957811E-6
854.50	9.49999957811E-6
855.00	9.49999957811E-6
855.50	9.49999957811E-6
856.00	9.49999957811E-6
856.50	9.49999957811E-6
857.00	9.49999957811E-6
857.50	9.49999957811E-6
858.00	9.49999957811E-6
858.50	9.49999957811E-6
859.00	9.49999957811E-6
859.50	9.49999957811E-6
860.00	9.49999957811E-6
860.50	9.49999957811E-6
861.00	9.49999957811E-6
861.50	9.49999957811E-6
862.00	9.49999957811E-6
862.50	9.49999957811E-6
863.00	9.49999957811E-6
863.50	9.49999957811E-6
864.00	9.49999957811E-6
864.50	9.49999957811E-6
865.00	9.49999957811E-6
865.50	9.49999957811E-6
866.00	9.49999957811E-6
866.50	9.49999957811E-6
867.00	9.49999957811E-6
867.50	9.49999957811E-6
868.00	9.49999957811E-6
868.50	9.49999957811E-6
869.00	9.49999957811E-6
869.50	9.49999957811E-6
870.00	9.49999957811E-6
870.50	9.49999957811E-6
871.00	9.49999957811E-6
871.50	9.49999957811E-6
872.00	9.49999957811E-6
872.50	9.49999957811E-6
873.00	9.49999957811E-6
873.50	9.49999957811E-6
874.00	9.49999957811E-6
874.50	9.49999957811E-6
875.00	9.49999957811E-6
875.50	9.49999957811E-6
876.00	9.49999957811E-6
876.50	9.49999957811E-6
877.00	9.49999957811E-6
877.50	9.49999957811E-6
878.00	9.49999957811E-6
878.50	9.49999957811E-6
879.00	9.49999957811E-6
879.50	9.49999957811E-6
880.00	9.49999957811E-6
880.50	9.49999957811E-6
881.00	9.49999957811E-6
881.50	9.49999957811E-6
882.00	9.49999957811E-6
882.50	9.49999957811E-6
883.00	9.49999957811E-6
883.50	9.49999957811E-6
884.00	9.49999957811E-6
884.50	9.49999957811E-6
885.00	9.49999957811E-6
885.50	9.49999957811E-6
886.00	9.49999957811E-6
886.50	9.49999957811E-6
887.00	9.49999957811E-6
887.50	9.49999957811E-6
888.00	9.49999957811E-6
888.50	9.49999957811E-6
889.00	9.49999957811E-6
889.50	9.49999957811E-6
890.00	9.49999957811E-6
890.50	9.49999957811E-6
891.00	9.49999957811E-6
891.50	9.49999957811E-6
892.00	9.49999957811E-6
892.50	9.49999957811E-6
893.00	9.49999957811E-6
893.50	9.49999957811E-6
894.00	9.49999957811E-6
894.50	9.49999957811E-6
895.00	9.49999957811E-6
895.50	9.49999957811E-6
896.00	9.49999957811E-6
896.50	9.49999957811E-6
897.00	9.49999957811E-6
897.50	9.49999957811E-6
898.00	9.49999957811E-6
898.50	9.49999957811E-6
899.00	9.49999957811E-6
899.50	9.49999957811E-6
900.00	9.49999957811E-6
900.50	9.49999957811E-6
901.00	9.49999957811E-6
901.50	9.49999957811E-6
902.00	9.49999957811E-6
902.50	9.49999957811E-6
903.00	9.49999957811E-6
903.50	9.49999957811E-6
904.00	9.49999957811E-6
904.50	9.49999957811E-6
905.00	9.49999957811E-6
905.50	9.49999957811E-6
906.00	9.49999957811E-6
906.50	9.49999957811E-6
907.00	9.49999957811E-6
907.50	9.49999957811E-6
908.00	9.49999957811E-6
908.50	9.49999957811E-6
909.00	9.49999957811E-6
909.50	9.49999957811E-6
910.00	9.49999957811E-6
910.50	9.49999957811E-6
911.00	9.49999957811E-6
911.50	9.49999957811E-6
912.00	9.49999957811E-6
912.50	9.49999957811E-6
913.00	9.49999957811E-6
913.50	9.49999957811E-6
914.00	9.49999957811E-6
914.50	9.49999957811E-6
915.00	9.49999957811E-6
915.50	9.49999957811E-6
916.00	9.49999957811E-6
916.50	9.49999957811E-6
917.00	9.49999957811E-6
917.50	9.49999957811E-6
918.00	9.49999957811E-6
918.50	9.49999957811E-6
919.00	9.49999957811E-6
919.50	9.49999957811E-6
920.00	9.49999957811E-6
920.50	9.49999957811E-6
921.00	9.49999957811E-6
921.50	9.49999957811E-6
922.00	9.49999957811E-6
922.50	9.49999957811E-6
923.00	9.49999957811E-6
923.50	9.49999957811E-6
924.00	9.49999957811E-6
924.50	9.49999957811E-6
925.00	9.49999957811E-6
925.50	9.49999957811E-6
926.00	9.49999957811E-6
926.50	9.49999957811E-6
927.00	9.49999957811E-6
927.50	9.49999957811E-6
928.00	9.49999957811E-6
928.50	9.49999957811E-6
929.00	9.49999957811E-6
929.50	9.49999957811E-6
930.00	9.49999957811E-6
930.50	9.49999957811E-6
931.00	9.49999957811E-6
931.50	9.49999957811E-6
932.00	9.49999957811E-6
932.50	9.49999957811E-6
933.00	9.49999957811E-6
933.50	9.49999957811E-6
934.00	9.49999957811E-6
934.50	9.49999957811E-6
935.00	9.49999957811E-6
935.50	9.49999957811E-6
936.00	9.49999957811E-6
936.50	9.49999957811E-6
937.00	9.49999957811E-6
937.50	9.49999957811E-6
938.00	9.49999957811E-6
938.50	9.49999957811E-6
939.00	9.49999957811E-6
939.50	9.49999957811E-6
940.00	9.49999957811E-6
940.50	9.49999957811E-6
941.00	9.49999957811E-6
941.50	9.49999957811E-6
942.00	9.49999957811E-6
942.50	9.49999957811E-6
943.00	9.49999957811E-6
943.50	9.49999957811E-6
944.00	9.49999957811E-6
944.50	9.49999957811E-6
945.00	9.49999957811E-6
945.50	9.49999957811E-6
946.00	9.49999957811E-6
946.50	9.49999957811E-6
947.00	9.49999957811E-6
947.50	9.49999957811E-6
948.00	9.49999957811E-6
948.50	9.49999957811E-6
949.00	9.49999957811E-6
949.50	9.49999957811E-6
950.00	9.49999957811E-6
950.50	9.49999957811E-6
951.00	9.49999957811E-6
951.50	9.49999957811E-6
952.00	9.49999957811E-6
952.50	9.49999957811E-6
953.00	9.49999957811E-6
953.50	9.49999957811E-6
954.00	9.49999957811E-6
954.50	9.49999957811E-6
955.00	9.49999957811E-6
955.50	9.49999957811E-6
956.00	9.49999957811E-6
956.50	9.49999957811E-6
957.00	9.49999957811E-6
957.50	9.49999957811E-6
958.00	9.49999957811E-6
958.50	9.49999957811E-6
959.00	9.49999957811E-6
959.50	9.49999957811E-6
960.00	9.49999957811E-6
960.50	9.49999957811E-6
961.00	9.49999957811E-6
961.50	9.49999957811E-6
962.00	9.49999957811E-6
962.50	9.49999957811E-6
963.00	9.49999957811E-6
963.50	9.49999957811E-6
964.00	9.49999957811E-6
964.50	9.49999957811E-6
965.00	9.49999957811E-6
965.50	9.49999957811E-6
966.00	9.49999957811E-6
966.50	9.49999957811E-6
967.00	9.49999957811E-6
967.50	9.49999957811E-6
968.00	9.49999957811E-6
968.50	9.49999957811E-6
969.00	9.49999957811E-6
969.50	9.49999957811E-6
970.00	9.49999957811E-6
970.50	9.49999957811E-6
971.00	9.49999957811E-6
971.50	9.49999957811E-6
972.00	9.49999957811E-6
972.50	9.49999957811E-6
973.00	9.49999957811E-6
973.50	9.49999957811E-6
974.00	9.49999957811E-6
974.50	9.49999957811E-6
975.00	9.49999957811E-6
975.50	9.49999957811E-6
976.00	9.49999957811E-6
976.50	9.49999957811E-6
977.00	9.49999957811E-6
977.50	9.49999957811E-6
978.00	9.49999957811E-6
978.50	9.49999957811E-6
979.00	9.49999957811E-6
979.50	9.49999957811E-6
980.00	9.49999957811E-6
980.50	9.49999957811E-6
981.00	9.49999957811E-6
981.50	9.49999957811E-6
982.00	9.49999957811E-6
982.50	9.49999957811E-6
983.00	9.49999957811E-6
983.50	9.49999957811E-6
984.00	9.49999957811E-6
984.50	9.49999957811E-6
985.00	9.49999957811E-6
985.50	9.49999957811E-6
986.00	9.49999957811E-6
986.50	9.49999957811E-6
987.00	9.49999957811E-6
987.50	9.49999957811E-6
988.00	9.49999957811E-6
988.50	9.49999957811E-6
989.00	9.49999957811E-6
989.50	9.49999957811E-6
990.00	9.49999957811E-6
990.50	9.49999957811E-6
991.00	9.49999957811E-6
991.50	9.49999957811E-6
992.00	9.49999957811E-6
992.50	9.49999957811E-6
993.00	9.49999957811E-6
993.50	9.49999957811E-6
994.00	9.49999957811E-6
994.50	9.49999957811E-6
995.00	9.49999957811E-6
995.50	9.49999957811E-6
996.00	9.49999957811E-6
996.50	9.49999957811E-6
997.00	9.49999957811E-6
997.50	9.49999957811E-6
998.00	9.49999957811E-6
998.50	9.49999957811E-6
999.00	9.49999957811E-6
999.50	9.49999957811E-6
1,000.00	9.49999957811E-6
1,000.50	9.49999957811E-6
1,001.00	9.49999957811E-6
1,001.50	9.49999957811E-6
1,002.00	9.49999957811E-6
1,002.50	9.49999957811E-6
1,003.00	9.49999957811E-6
1,003.50	9.49999957811E-6
1,004.00	9.49999957811E-6
1,004.50	9.49999957811E-6
1,005.00	9.49999957811E-6
1,005.50	9.49999957811E-6
1,006.00	9.49999957811E-6
1,006.50	9.49999957811E-6
1,007.00	9.49999957811E-6
1,007.50	9.49999957811E-6
1,008.00	9.49999957811E-6
1,008.50	9.49999957811E-6
1,009.00	9.49999957811E-6
1,009.50	9.49999957811E-6
1,010.00	9.49999957811E-6
1,010.50	9.49999957811E-6
1,011.00	9.49999957811E-6
1,011.50	9.49999957811E-6
1,012.00	9.49999957811E-6
1,012.50	9.49999957811E-6
1,013.00	9.49999957811E-6
1,013.50	9.49999957811E-6
1,014.00	9.49999957811E-6
1,014.50	9.49999957811E-6
1,015.00	9.49999957811E-6
1,015.50	9.49999957811E-6
1,016.00	9.49999957811E-6
1,016.50	9.49999957811E-6
1,017.00	9.49999957811E-6
1,017.50	9.49999957811E-6
1,018.00	9.49999957811E-6
1,018.50	9.49999957811E-6
1,019.00	9.49999957811E-6
1,019.50	9.49999957811E-6
1,020.00	9.49999957811E-6
1,020.50	9.49999957811E-6
1,021.00	9.49999957811E-6
1,021.50	9.49999957811E-6
1,022.00	9.49999957811E-6
1,022.50	9.49999957811E-6
1,023.00	9.49999957811E-6
1,023.50	9.49999957811E-6
1,024.00	9.49999957811E-6
1,024.50	9.49999957811E-6
1,025.00	9.49999957811E-6
1,025.50	9.49999957811E-6
1,026.00	9.49999957811E-6
1,026.50	9.49999957811E-6
1,027.00	9.49999957811E-6
1,027.50	9.49999957811E-6
1,028.00	9.49999957811E-6
1,028.50	9.49999957811E-6
1,029.00	9.49999957811E-6
1,029.50	9.49999957811E-6
1,030.00	9.49999957811E-6
1,030.50	9.49999957811E-6
1,031.00	9.49999957811E-6
1,031.50	9.49999957811E-6
1,032.00	9.49999957811E-6
1,032.50	9.49999957811E-6
1,033.00	9.49999957811E-6
1,033.50	9.49999957811E-6
1,034.00	9.49999957811E-6
1,034.50	9.49999957811E-6
1,035.00	9.49999957811E-6
1,035.50	9.49999957811E-6
1,036.00	9.49999957811E-6
1,036.50	9.49999957811E-6
1,037.00	9.49999957811E-6
1,037.50	9.49999957811E-6
1,038.00	9.49999957811E-6
1,038.50	9.49999957811E-6
1,039.00	9.49999957811E-6
1,039.50	9.49999957811E-6
1,040.00	9.49999957811E-6
1,040.50	9.49999957811E-6
1,041.00	9.49999957811E-6
1,041.50	9.49999957811E-6
1,042.00	9.49999957811E-6
1,042.50	9.49999957811E-6
1,043.00	9.49999957811E-6
1,043.50	9.49999957811E-6
1,044.00	9.49999957811E-6
1,044.50	9.49999957811E-6
1,045.00	9.49999957811E-6
1,045.50	9.49999957811E-6
1,046.00	9.49999957811E-6
1,046.50	9.49999957811E-6
1,047.00	9.49999957811E-6
1,047.50	9.49999957811E-6
1,048.00	9.49999957811E-6
1,048.50	9.49999957811E-6
1,049.00	9.49999957811E-6
1,049.50	9.49999957811E-6
1,050.00	9.49999957811E-6
1,050.50	9.49999957811E-6
1,051.00	9.49999957811E-6
1,051.50	9.49999957811E-6
1,052.00	9.49999957811E-6
1,052.50	9.49999957811E-6
1,053.00	9.49999957811E-6
1,053.50	9.49999957811E-6
1,054.00	9.49999957811E-6
1,054.50	9.49999957811E-6
1,055.00	9.49999957811E-6
1,055.50	9.49999957811E-6
1,056.00	9.49999957811E-6
1,056.50	9.49999957811E-6
1,057.00	9.49999957811E-6
1,057.50	9.49999957811E-6
1,058.00	9.49999957811E-6
1,058.50	9.49999957811E-6
1,059.00	9.49999957811E-6
1,059.50	9.49999957811E-6
1,060.00	9.49999957811E-6
1,060.50	9.49999957811E-6
1,061.00	9.49999957811E-6
1,061.50	9.49999957811E-6
1,062.00	9.49999957811E-6
1,062.50	9.49999957811E-6
1,063.00	9.49999957811E-6
1,063.50	9.49999957811E-6
1,064.00	9.49999957811E-6
1,064.50	9.49999957811E-6
1,065.00	9.49999957811E-6
1,065.50	9.49999957811E-6
1,066.00	9.49999957811E-6
1,066.50	9.49999957811E-6
1,067.00	9.49999957811E-6
1,067.50	9.49999957811E-6
1,068.00	9.49999957811E-6
1,068.50	9.49999957811E-6
1,069.00	9.49999957811E-6
1,069.50	9.49999957811E-6
1,070.00	9.49999957811E-6
1,070.50	9.49999957811E-6
1,071.00	9.49999957811E-6
1,071.50	9.49999957811E-6
1,072.00	9.49999957811E-6
1,072.50	9.49999957811E-6
1,073.00	9.49999957811E-6
1,073.50	9.49999957811E-6
1,074.00	9.49999957811E-6
1,074.50	9.49999957811E-6
1,075.00	9.49999957811E-6
1,075.50	9.49999957811E-6
1,076.00	9.49999957811E-6
1,076.50	9.49999957811E-6
1,077.00	9.49999957811E-6
1,077.50	9.49999957811E-6
1,078.00	9.49999957811E-6
1,078.50	9.49999957811E-6
1,079.00	9.49999957811E-6
1,079.50	9.49999957811E-6
1,080.00	9.49999957811E-6
1,080.50	9.49999957811E-6
1,081.00	9.49999957811E-6
1,081.50	9.49999957811E-6
1,082.00	9.49999957811E-6
1,082.50	9.49999957811E-6
1,083.00	9.49999957811E-6
1,083.50	9.49999957811E-6
1,084.00	9.49999957811E-6
1,084.50	9.49999957811E-6
1,085.00	9.49999957811E-6
1,085.50	9.49999957811E-6
1,086.00	9.49999957811E-6
1,086.50	9.49999957811E-6
1,087.00	9.49999957811E-6
1,087.50	9.49999957811E-6
1,088.00	9.49999957811E-6
1,088.50	9.49999957811E-6
1,089.00	9.49999957811E-6
1,089.50	9.49999957811E-6
1,090.00	9.49999957811E-6
1,090.50	9.49999957811E-6
1,091.00	9.49999957811E-6
1,091.50	9.49999957811E-6
1,092.00	9.49999957811E-6
1,092.50	9.49999957811E-6
1,093.00	9.49999957811E-6
1,093.50	9.49999957811E-6
1,094.00	9.49999957811E-6
1,094.50	9.49999957811E-6
1,095.00	9.49999957811E-6
1,095.50	9.49999957811E-6
1,096.00	9.49999957811E-6
1,096.50	9.49999957811E-6
1,097.00	9.49999957811E-6
1,097.50	9.49999957811E-6
1,098.00	9.49999957811E-6
1,098.50	9.49999957811E-6
1,099.00	9.49999957811E-6
1,099.50	9.49999957811E-6
1,100.00	9.49999957811E-6
1,100.50	9.49999957811E-6
1,101.00	9.49999957811E-6
1,101.50	9.49999957811E-6
1,102.00	9.49999957811E-6
1,102.50	9.49999957811E-6
1,103.00	9.49999957811E-6
1,103.50	9.49999957811E-6
1,104.00	9.49999957811E-6
1,104.50	9.49999957811E-6
1,105.00	9.49999957811E-6
1,105.50	9.49999957811E-6
1,106.00	9.49999957811E-6
1,106.50	9.49999957811E-6
1,107.00	9.49999957811E-6
1,107.50	9.49999957811E-6
1,108.00	9.49999957811E-6
1,108.50	9.49999957811E-6
1,109.00	9.49999957811E-6
1,109.50	9.49999957811E-6
1,110.00	9.49999957811E-6
1,110.50	9.49999957811E-6
1,111.00	9.49999957811E-6
1,111.50	9.49999957811E-6
1,112.00	9.49999957811E-6
1,112.50	9.49999957811E-6
1,113.00	9.49999957811E-6
1,113.50	9.49999957811E-6
1,114.00	9.49999957811E-6
1,114.50	9.49999957811E-6
1,115.00	9.49999957811E-6
1,115.50	9.49999957811E-6
1,116.00	9.49999957811E-6
1,116.50	9.49999957811E-6
1,117.00	9.49999957811E-6
1,117.50	9.49999957811E-6
1,118.00	9.49999957811E-6
1,118.50	9.49999957811E-6
1,119.00	9.49999957811E-6
1,119.50	9.49999957811E-6
1,120.00	9.49999957811E-6
1,120.50	9.49999957811E-6
1,121.00	9.49999957811E-6
1,121.50	9.49999957811E-6
1,122.00	9.49999957811E-6
1,122.50	9.49999957811E-6
1,123.00	9.49999957811E-6
1,123.50	9.49999957811E-6
1,124.00	9.49999957811E-6
1,124.50	9.49999957811E-6
1,125.00	9.49999957811E-6
1,125.50	9.49999957811E-6
1,126.00	9.49999957811E-6
1,126.50	9.49999957811E-6
1,127.00	9.49999957811E-6
1,127.50	9.49999957811E-6
1,128.00	9.49999957811E-6
1,128.50	9.49999957811E-6
1,129.00	9.49999957811E-6
1,129.50	9.49999957811E-6
1,130.00	9.49999957811E-6
1,130.50	9.49999957811E-6
1,131.00	9.49999957811E-6
1,131.50	9.49999957811E-6
1,132.00	9.49999957811E-6
1,132.50	9.49999957811E-6
1,133.00	9.49999957811E-6
1,133.50	9.49999957811E-6
1,134.00	9.49999957811E-6
1,134.50	9.49999957811E-6
1,135.00	9.49999957811E-6
1,135.50	9.49999957811E-6
1,136.00	9.49999957811E-6
1,136.50	9.49999957811E-6
1,137.00	9.49999957811E-6
1,137.50	9.49999957811E-6
1,138.00	9.49999957811E-6
1,138.50	9.49999957811E-6
1,139.00	9.49999957811E-6
1,139.50	9.49999957811E-6
1,140.00	9.49999957811E-6
1,140.50	9.49999957811E-6
1,141.00	9.49999957811E-6
1,141.50	9.49999957811E-6
1,142.00	9.49999957811E-6
1,142.50	9.49999957811E-6
1,143.00	9.49999957811E-6
1,143.50	9.49999957811E-6
1,144.00	9.49999957811E-6
1,144.50	9.49999957811E-6
1,145.00	9.49999957811E-6
1,145.50	9.49999957811E-6
1,146.00	9.49999957811E-6
1,146.50	9.49999957811E-6
1,147.00	9.49999957811E-6
1,147.50	9.49999957811E-6
1,148.00	9.49999957811E-6
1,148.50	9.49999957811E-6
1,149.00	9.49999957811E-6
1,149.50	9.49999957811E-6
1,150.00	9.49999957811E-6
1,150.50	9.49999957811E-6
1,151.00	9.49999957811E-6
1,151.50	9.49999957811E-6
1,152.00	9.49999957811E-6
1,152.50	9.49999957811E-6
1,153.00	9.49999957811E-6
1,153.50	9.49999957811E-6
1,154.00	9.49999957811E-6
1,154.50	9.49999957811E-6
1,155.00	9.49999957811E-6
1,155.50	9.49999957811E-6
1,156.00	9.49999957811E-6
1,156.50	9.49999957811E-6
1,157.00	9.49999957811E-6
1,157.50	9.49999957811E-6
1,158.00	9.49999957811E-6
1,158.50	9.49999957811E-6
1,159.00	9.49999957811E-6
1,159.50	9.49999957811E-6
1,160.00	9.49999957811E-6
1,160.50	9.49999957811E-6
1,161.00	9.49999957811E-6
1,161.50	9.49999957811E-6
1,162.00	9.49999957811E-6
1,162.50	9.49999957811E-6
1,163.00	9.49999957811E-6
1,163.50	9.49999957811E-6
1,164.00	9.49999957811E-6
1,164.50	9.49999957811E-6
1,165.00	9.49999957811E-6
1,165.50	9.49999957811E-6
1,166.00	9.49999957811E-6
1,166.50	9.49999957811E-6
1,167.00	9.49999957811E-6
1,167.50	9.49999957811E-6
1,168.00	9.49999957811E-6
1,168.50	9.49999957811E-6
1,169.00	9.49999957811E-6
1,169.50	9.49999957811E-6
1,170.00	9.49999957811E-6
1,170.50	9.49999957811E-6
1,171.00	9.49999957811E-6
1,171.50	9.49999957811E-6
1,172.00	9.49999957811E-6
1,172.50	9.49999957811E-6
1,173.00	9.49999957811E-6
1,173.50	9.49999957811E-6
1,174.00	9.49999957811E-6
1,174.50	9.49999957811E-6
1,175.00	9.49999957811E-6
1,175.50	9.49999957811E-6
1,176.00	9.49999957811E-6
1,176.50	9.49999957811E-6
1,177.00	9.49999957811E-6
1,177.50	9.49999957811E-6
1,178.00	9.49999957811E-6
1,178.50	9.49999957811E-6
1,179.00	9.49999957811E-6
1,179.50	9.49999957811E-6
1,180.00	9.49999957811E-6
1,180.50	9.49999957811E-6
1,181.00	9.49999957811E-6
1,181.50	9.49999957811E-6
1,182.00	9.49999957811E-6
1,182.50	9.49999957811E-6
1,183.00	9.49999957811E-6
1,183.50	9.49999957811E-6
1,184.00	9.49999957811E-6
1,184.50	9.49999957811E-6
1,185.00	9.49999957811E-6
1,185.50	9.49999957811E-6
1,186.00	9.49999957811E-6
1,186.50	9.49999957811E-6
1,187.00	9.49999957811E-6
1,187.50	9.49999957811E-6
1,188.00	9.49999957811E-6
1,188.50	9.49999957811E-6
1,189.00	9.49999957811E-6
1,189.50	9.49999957811E-6
1,190.00	9.49999957811E-6
1,190.50	9.49999957811E-6
1,191.00	9.49999957811E-6
1,191.50	9.49999957811E-6
1,192.00	9.49999957811E-6
1,192.50	9.49999957811E-6
1,193.00	9.49999957811E-6
1,193.50	9.49999957811E-6
1,194.00	9.49999957811E-6
1,194.50	9.49999957811E-6
1,195.00	9.49999957811E-6
1,195.50	9.49999957811E-6
1,196.00	9.49999957811E-6
1,196.50	9.49999957811E-6
1,197.00	9.49999957811E-6
1,197.50	9.49999957811E-6
1,198.00	9.49999957811E-6
1,198.50	9.49999957811E-6
1,199.00	9.49999957811E-6
1,199.50	9.49999957811E-6
1,200.00	9.49999957811E-6
