250	0.290538
251	0.267398
252	0.248237
253	0.232181
254	0.219413
255	0.208477
256	0.20032
257	0.193667
258	0.187878
259	0.18311
260	0.179012
261	0.174428
262	0.170002
263	0.164618
264	0.158294
265	0.152059
266	0.146074
267	0.140051
268	0.134812
269	0.130935
270	0.126691
271	0.123654
272	0.12182
273	0.120366
274	0.120196
275	0.120682
276	0.121453
277	0.122541
278	0.124138
279	0.126169
280	0.128721
281	0.131617
282	0.13468
283	0.137627
284	0.140613
285	0.142014
286	0.143546
287	0.144594
288	0.143127
289	0.140534
290	0.137602
291	0.133044
292	0.12719
293	0.122068
294	0.115861
295	0.109393
296	0.103747
297	0.0971084
298	0.0906768
299	0.0855444
300	0.0798476
301	0.0749483
302	0.0708099
303	0.0668548
304	0.0634367
305	0.0611593
306	0.0592459
307	0.0577399
308	0.0567197
309	0.0559077
310	0.0566005
311	0.0573221
312	0.0583436
313	0.0601496
314	0.0630058
315	0.0647594
316	0.0676406
317	0.0715564
318	0.0749483
319	0.0778438
320	0.0822429
321	0.0844692
322	0.0871801
323	0.0905341
324	0.0914508
325	0.0920925
326	0.0924068
327	0.0904542
328	0.0892624
329	0.0842335
330	0.0817727
331	0.0783415
332	0.0751591
333	0.0711766
334	0.0678632
335	0.0641308
336	0.059758
337	0.0555266
338	0.0518872
339	0.047788
340	0.0442128
341	0.0407279
342	0.0371264
343	0.0340226
344	0.0309712
345	0.0280901
346	0.0254708
347	0.0236242
348	0.0213324
349	0.0191977
350	0.0179536
351	0.016331
352	0.0155583
353	0.0143011
354	0.0133581
355	0.0129914
356	0.0123746
357	0.0123091
358	0.0121664
359	0.0119568
360	0.0117342
361	0.0118914
362	0.0122829
363	0.0120341
364	0.0127151
365	0.0126234
366	0.0129639
367	0.0128343
368	0.0134354
369	0.0134891
370	0.0140378
371	0.0143927
372	0.01447
373	0.0149297
374	0.0158333
375	0.0157154
376	0.0161738
377	0.016513
378	0.0165654
379	0.0165012
380	0.0166846
381	0.0165274
382	0.0166453
383	0.0165929
384	0.0161869
385	0.017194
386	0.0167762
387	0.0169452
388	0.0167618
389	0.0166453
390	0.0166047
391	0.0166702
392	0.0163441
393	0.016513
394	0.0165785
395	0.0164881
396	0.016513
397	0.0166191
398	0.0163166
399	0.016513
400	0.0168417
401	0.0166846
402	0.0169334
403	0.0171285
404	0.0172595
405	0.0174311
406	0.0176393
407	0.0178763
408	0.0181251
409	0.0187917
410	0.0191597
411	0.0195775
412	0.0205348
413	0.0212407
414	0.021961
415	0.0231266
416	0.02386
417	0.0251565
418	0.0265853
419	0.0282485
420	0.0298593
421	0.03185
422	0.0341667
423	0.0365253
424	0.0383575
425	0.0409112
426	0.0437151
427	0.0460973
428	0.0493334
429	0.052136
430	0.0555528
431	0.0591949
432	0.0626653
433	0.0663048
434	0.0700647
435	0.0739805
436	0.0778831
437	0.0821774
438	0.0866445
439	0.091202
440	0.0963344
441	0.10249
442	0.107571
443	0.114474
444	0.121716
445	0.129548
446	0.138204
447	0.147698
448	0.157482
449	0.167735
450	0.179038
451	0.190627
452	0.203292
453	0.216114
454	0.228948
455	0.242475
456	0.256031
457	0.269532
458	0.282773
459	0.296014
460	0.30873
461	0.320947
462	0.332433
463	0.343669
464	0.353806
465	0.364284
466	0.373766
467	0.383745
468	0.393671
469	0.404619
470	0.416524
471	0.42932
472	0.443778
473	0.460358
474	0.479294
475	0.499764
476	0.52339
477	0.549032
478	0.577148
479	0.607008
480	0.639316
481	0.673248
482	0.708084
483	0.744688
484	0.780834
485	0.817281
486	0.85272
487	0.887175
488	0.918278
489	0.946319
490	0.968307
491	0.986051
492	0.996699
493	1
494	0.995731
495	0.983406
496	0.961745
497	0.933693
498	0.89836
499	0.856282
500	0.808323
501	0.757915
502	0.702898
503	0.646991
504	0.589578
505	0.532857
506	0.477527
507	0.423792
508	0.374316
509	0.327733
510	0.285614
511	0.246469
512	0.212434
513	0.181316
514	0.154848
515	0.130686
516	0.110257
517	0.091883
518	0.0762448
519	0.06362
520	0.0525158
521	0.0434388
522	0.03553
523	0.0291391
524	0.0238469
525	0.0195919
526	0.0158333
527	0.012795
528	0.0102268
529	0.00842086
530	0.00640273
531	0.00547421
532	0.00391445
533	0.00320857
534	0.00272401
535	0.00197622
536	0.00157154
537	0.0010346
538	0.000797559
539	0.000352288
540	0.000260615
541	2.49E-05
542	6.42E-05
543	-0.000471463
544	-0.000602425
545	-0.000641714
546	-0.000602425
547	-0.000915425
548	-0.000614212
549	-0.000785772
550	-0.000785772
551	-0.00120485
552	-0.0010071
553	-0.0010071
554	-0.00124414
555	-0.00125593
556	-0.00112496
557	-0.00128343
558	-0.00104639
559	-0.00117735
560	-0.000995312
561	-0.00112496
562	-0.00108567
563	-0.000982215
564	-0.00107389
565	-0.00111318
566	-0.00119175
567	-0.00104639
568	-0.00124414
569	-0.00111318
570	-0.00113806
571	-0.00109877
572	-0.000956023
573	-0.00116556
574	-0.00105948
575	-0.0013882
576	-0.00125593
577	-0.00132272
578	-0.0013345
579	-0.00146677
580	-0.00157154
581	-0.00136201
582	-0.00157154
583	-0.00162393
584	-0.00132272
585	-0.00153095
586	-0.00151785
587	-0.00151785
588	-0.0013882
589	-0.00141308
590	-0.00136201
591	-0.00134891
592	-0.0013882
593	-0.00124414
594	-0.00129521
595	-0.00154535
596	-0.0013345
597	-0.00145237
598	-0.00107389
599	-0.00115247
600	-0.00107389
601	-0.00109877
602	-0.000825061
603	-0.00107389
604	-0.0010071
605	-0.000851253
606	-0.000876136
607	-0.000995312
608	-0.000915425
609	-0.000825061
610	-0.00075827
611	-0.00065481
612	-0.000536944
613	-0.000903638
614	-0.00065481
615	-0.000561827
616	-0.00058802
617	-0.000536944
618	-0.00048325
619	-0.000366694
620	-0.000417769
621	-0.000405982
622	-0.000273711
623	-0.000352288
624	-0.000144058
625	-0.000443961
626	-0.000170251
627	-0.000392886
628	-0.000366694
629	-0.000312999
630	-0.000273711
631	-0.000340501
632	-5.11E-05
633	-0.000352288
634	-0.000273711
635	-0.000273711
636	-0.00010346
637	-0.000443961
638	-0.00020823
639	-0.000248828
640	-0.000352288
641	-0.000288116
642	-0.000221326
643	-0.000745174
644	-0.000522539
645	-0.000405982
646	-0.000301213
647	-0.000392886
648	-0.000312999
649	-0.000170251
650	-0.000273711
