478	0.837274
479	0.84008
480	0.842884
481	0.845688
482	0.848483
483	0.851254
484	0.853986
485	0.856665
486	0.859277
487	0.861807
488	0.86424
489	0.866564
490	0.868762
491	0.870827
492	0.872782
493	0.874655
494	0.876474
495	0.878268
496	0.880065
497	0.881895
498	0.883785
499	0.885764
500	0.887862
501	0.890094
502	0.892433
503	0.894836
504	0.897263
505	0.899673
506	0.902026
507	0.90428
508	0.906395
509	0.908329
510	0.910043
511	0.911506
512	0.912731
513	0.913741
514	0.914562
515	0.915216
516	0.915727
517	0.916119
518	0.916416
519	0.916642
520	0.916821
521	0.916972
522	0.917105
523	0.917224
524	0.917333
525	0.917437
526	0.917542
527	0.917651
528	0.917769
529	0.917902
530	0.918053
531	0.918225
532	0.918412
533	0.918603
534	0.91879
535	0.918963
536	0.919112
537	0.919228
538	0.919302
539	0.919324
540	0.919285
541	0.919179
542	0.919013
543	0.918799
544	0.918545
545	0.918264
546	0.917967
547	0.917663
548	0.917363
549	0.917079
550	0.916821
551	0.916597
552	0.91641
553	0.91626
554	0.916145
555	0.916066
556	0.916023
557	0.916016
558	0.916044
559	0.916107
560	0.916205
561	0.916336
562	0.916496
563	0.916679
564	0.916877
565	0.917085
566	0.917297
567	0.917506
568	0.917705
569	0.91789
570	0.918053
571	0.91819
572	0.918307
573	0.918409
574	0.918503
575	0.918597
576	0.918696
577	0.918808
578	0.918939
579	0.919096
580	0.919285
581	0.919511
582	0.919763
583	0.920027
584	0.920292
585	0.920543
586	0.920767
587	0.920952
588	0.921083
589	0.921148
590	0.921134
591	0.921031
592	0.920848
593	0.920598
594	0.920294
595	0.919949
596	0.919575
597	0.919186
598	0.918794
599	0.918412
600	0.918053
601	0.917727
602	0.917436
603	0.917179
604	0.916953
605	0.916758
606	0.916593
607	0.916456
608	0.916347
609	0.916263
610	0.916205
611	0.916169
612	0.916152
613	0.91615
614	0.91616
615	0.916175
616	0.916194
617	0.91621
618	0.91622
619	0.916219
620	0.916205
621	0.916171
622	0.916119
623	0.916047
624	0.915956
625	0.915844
626	0.915712
627	0.915559
628	0.915385
629	0.91519
630	0.914972
631	0.914733
632	0.914474
633	0.914196
634	0.913902
635	0.913593
636	0.913271
637	0.912938
638	0.912596
639	0.912247
640	0.911892
641	0.911533
642	0.911175
643	0.910822
644	0.910477
645	0.910144
646	0.909828
647	0.909533
648	0.909262
649	0.90902
650	0.908811
651	0.908636
652	0.908488
653	0.908355
654	0.908226
655	0.908092
656	0.907942
657	0.907764
658	0.907549
659	0.907285
660	0.906962
