570	0.00888802
571	0.00995334
572	0.0103515
573	0.0133375
574	0.0146454
575	0.0184572
576	0.0218351
577	0.0238569
578	0.0295179
579	0.0334121
580	0.0395241
581	0.0476267
582	0.0566594
583	0.0673344
584	0.0784199
585	0.0943204
586	0.109213
587	0.126381
588	0.146652
589	0.169845
590	0.196096
591	0.228398
592	0.257994
593	0.293422
594	0.335941
595	0.374557
596	0.425785
597	0.464417
598	0.518585
599	0.560358
600	0.610964
601	0.654432
602	0.701244
603	0.737356
604	0.795692
605	0.829331
606	0.877978
607	0.906314
608	0.932333
609	0.949254
610	0.965754
611	0.982644
612	0.996719
613	1
614	0.988196
615	0.98339
616	0.976081
617	0.959596
618	0.940575
619	0.917869
620	0.895303
621	0.857201
622	0.840513
623	0.808507
624	0.791711
625	0.756376
626	0.728787
627	0.698056
628	0.675661
629	0.648554
630	0.622146
631	0.589829
632	0.572442
633	0.539984
634	0.521151
635	0.491991
636	0.472722
637	0.4586
638	0.433064
639	0.419611
640	0.403282
641	0.388663
642	0.369922
643	0.361275
644	0.342395
645	0.328507
646	0.315941
647	0.306314
648	0.296905
649	0.286827
650	0.278943
651	0.273079
652	0.263064
653	0.257061
654	0.252644
655	0.247947
656	0.244432
657	0.243048
658	0.237185
659	0.233079
660	0.230249
661	0.223561
662	0.223888
663	0.222208
664	0.217481
665	0.213795
666	0.215723
667	0.217341
668	0.214635
669	0.213686
670	0.208289
671	0.206859
672	0.204432
673	0.201524
674	0.200498
675	0.195117
676	0.195848
677	0.19325
678	0.187496
679	0.18367
680	0.178367
681	0.178274
682	0.170591
683	0.165614
684	0.162302
685	0.156719
686	0.153882
687	0.147299
688	0.145498
689	0.138112
690	0.138464
691	0.128305
692	0.128271
693	0.123733
694	0.118367
695	0.116902
696	0.113708
697	0.103421
698	0.10417
699	0.100678
700	0.0962286
701	0.0938196
702	0.0900249
703	0.0889051
704	0.0791726
705	0.0762208
706	0.077465
707	0.0764168
708	0.0702162
709	0.0683282
710	0.0656734
711	0.058818
712	0.0627947
713	0.0586672
714	0.0582271
715	0.0549238
716	0.0556019
717	0.0530218
718	0.0494945
719	0.0485039
720	0.0432084
721	0.0464106
722	0.0431244
723	0.0447201
724	0.0425505
725	0.0418911
726	0.0394899
727	0.0364479
728	0.0375241
729	0.034367
730	0.0353266
731	0.0369984
732	0.0331726
733	0.0360809
734	0.031493
735	0.0344324
736	0.0309798
737	0.031353
738	0.0277605
739	0.030762
740	0.0291571
741	0.0274339
742	0.031283
743	0.0281182
744	0.0277792
745	0.0259222
746	0.0268725
747	0.0262582
748	0.0234401
749	0.0272177
