350	35
351	35.6
352	36.2
353	36.8
354	37.4
355	38
356	38.6
357	39.2
358	39.8
359	40.4
360	41
361	41.6
362	42.2
363	42.8
364	43.4
365	44
366	44.6
367	45.2
368	45.8
369	46.4
370	47
371	47.6
372	48.2
373	48.8
374	49.4
375	50
376	50.6
377	51.2
378	51.8
379	52.4
380	53
381	53.6
382	54.2
383	54.8
384	55.4
385	56
386	56.6
387	57.2
388	57.8
389	58.4
390	59
391	59.6
392	60.2
393	60.8
394	61.4
395	62
396	62.6
397	63.2
398	63.8
399	64.4
400	65
401	65.3
402	65.6
403	65.9
404	66.2
405	66.5
406	66.8
407	67.1
408	67.4
409	67.7
410	68
411	68.3
412	68.6
413	68.9
414	69.2
415	69.5
416	69.8
417	70.1
418	70.4
419	70.7
420	71
421	71.3
422	71.6
423	71.9
424	72.2
425	72.5
426	72.8
427	73.1
428	73.4
429	73.7
430	74
431	74.3
432	74.6
433	74.9
434	75.2
435	75.5
436	75.8
437	76.1
438	76.4
439	76.7
440	77
441	77.3
442	77.6
443	77.9
444	78.2
445	78.5
446	78.8
447	79.1
448	79.4
449	79.7
450	80
451	80.06
452	80.12
453	80.18
454	80.24
455	80.3
456	80.36
457	80.42
458	80.48
459	80.54
460	80.6
461	80.66
462	80.72
463	80.78
464	80.84
465	80.9
466	80.96
467	81.02
468	81.08
469	81.14
470	81.2
471	81.26
472	81.32
473	81.38
474	81.44
475	81.5
476	81.56
477	81.62
478	81.68
479	81.74
480	81.8
481	81.86
482	81.92
483	81.98
484	82.04
485	82.1
486	82.16
487	82.22
488	82.28
489	82.34
490	82.4
491	82.46
492	82.52
493	82.58
494	82.64
495	82.7
496	82.76
497	82.82
498	82.88
499	82.94
500	83
501	83.02
502	83.04
503	83.06
504	83.08
505	83.1
506	83.12
507	83.14
508	83.16
509	83.18
510	83.2
511	83.22
512	83.24
513	83.26
514	83.28
515	83.3
516	83.32
517	83.34
518	83.36
519	83.38
520	83.4
521	83.42
522	83.44
523	83.46
524	83.48
525	83.5
526	83.52
527	83.54
528	83.56
529	83.58
530	83.6
531	83.62
532	83.64
533	83.66
534	83.68
535	83.7
536	83.72
537	83.74
538	83.76
539	83.78
540	83.8
541	83.82
542	83.84
543	83.86
544	83.88
545	83.9
546	83.92
547	83.94
548	83.96
549	83.98
550	84
551	84.02
552	84.04
553	84.06
554	84.08
555	84.1
556	84.12
557	84.14
558	84.16
559	84.18
560	84.2
561	84.22
562	84.24
563	84.26
564	84.28
565	84.3
566	84.32
567	84.34
568	84.36
569	84.38
570	84.4
571	84.42
572	84.44
573	84.46
574	84.48
575	84.5
576	84.52
577	84.54
578	84.56
579	84.58
580	84.6
581	84.62
582	84.64
583	84.66
584	84.68
585	84.7
586	84.72
587	84.74
588	84.76
589	84.78
590	84.8
591	84.82
592	84.84
593	84.86
594	84.88
595	84.9
596	84.92
597	84.94
598	84.96
599	84.98
600	85
601	84.9
602	84.8
603	84.7
604	84.6
605	84.5
606	84.4
607	84.3
608	84.2
609	84.1
610	84
611	83.9
612	83.8
613	83.7
614	83.6
615	83.5
616	83.4
617	83.3
618	83.2
619	83.1
620	83
621	82.9
622	82.8
623	82.7
624	82.6
625	82.5
626	82.4
627	82.3
628	82.2
629	82.1
630	82
631	81.9
632	81.8
633	81.7
634	81.6
635	81.5
636	81.4
637	81.3
638	81.2
639	81.1
640	81
641	80.9
642	80.8
643	80.7
644	80.6
645	80.5
646	80.4
647	80.3
648	80.2
649	80.1
650	80
651	79.9
652	79.8
653	79.7
654	79.6
655	79.5
656	79.4
657	79.3
658	79.2
659	79.1
660	79
661	78.9
662	78.8
663	78.7
664	78.6
665	78.5
666	78.4
667	78.3
668	78.2
669	78.1
670	78
671	77.9
672	77.8
673	77.7
674	77.6
675	77.5
676	77.4
677	77.3
678	77.2
679	77.1
680	77
681	76.9
682	76.8
683	76.7
684	76.6
685	76.5
686	76.4
687	76.3
688	76.2
689	76.1
690	76
691	75.9
692	75.8
693	75.7
694	75.6
695	75.5
696	75.4
697	75.3
698	75.2
699	75.1
700	75
701	74.78
702	74.56
703	74.34
704	74.12
705	73.9
706	73.68
707	73.46
708	73.24
709	73.02
710	72.8
711	72.58
712	72.36
713	72.14
714	71.92
715	71.7
716	71.48
717	71.26
718	71.04
719	70.82
720	70.6
721	70.38
722	70.16
723	69.94
724	69.72
725	69.5
726	69.28
727	69.06
728	68.84
729	68.62
730	68.4
731	68.18
732	67.96
733	67.74
734	67.52
735	67.3
736	67.08
737	66.86
738	66.64
739	66.42
740	66.2
741	65.98
742	65.76
743	65.54
744	65.32
745	65.1
746	64.88
747	64.66
748	64.44
749	64.22
750	64
751	63.84
752	63.68
753	63.52
754	63.36
755	63.2
756	63.04
757	62.88
758	62.72
759	62.56
760	62.4
761	62.24
762	62.08
763	61.92
764	61.76
765	61.6
766	61.44
767	61.28
768	61.12
769	60.96
770	60.8
771	60.64
772	60.48
773	60.32
774	60.16
775	60
776	59.84
777	59.68
778	59.52
779	59.36
780	59.2
781	59.04
782	58.88
783	58.72
784	58.56
785	58.4
786	58.24
787	58.08
788	57.92
789	57.76
790	57.6
791	57.44
792	57.28
793	57.12
794	56.96
795	56.8
796	56.64
797	56.48
798	56.32
799	56.16
800	56
801	55.82
802	55.64
803	55.46
804	55.28
805	55.1
806	54.92
807	54.74
808	54.56
809	54.38
810	54.2
811	54.02
812	53.84
813	53.66
814	53.48
815	53.3
816	53.12
817	52.94
818	52.76
819	52.58
820	52.4
821	52.22
822	52.04
823	51.86
824	51.68
825	51.5
826	51.32
827	51.14
828	50.96
829	50.78
830	50.6
831	50.42
832	50.24
833	50.06
834	49.88
835	49.7
836	49.52
837	49.34
838	49.16
839	48.98
840	48.8
841	48.62
842	48.44
843	48.26
844	48.08
845	47.9
846	47.72
847	47.54
848	47.36
849	47.18
850	47
851	46.82
852	46.64
853	46.46
854	46.28
855	46.1
856	45.92
857	45.74
858	45.56
859	45.38
860	45.2
861	45.02
862	44.84
863	44.66
864	44.48
865	44.3
866	44.12
867	43.94
868	43.76
869	43.58
870	43.4
871	43.22
872	43.04
873	42.86
874	42.68
875	42.5
876	42.32
877	42.14
878	41.96
879	41.78
880	41.6
881	41.42
882	41.24
883	41.06
884	40.88
885	40.7
886	40.52
887	40.34
888	40.16
889	39.98
890	39.8
891	39.62
892	39.44
893	39.26
894	39.08
895	38.9
896	38.72
897	38.54
898	38.36
899	38.18
900	38
