Typical Measured Spectrum of Semrock BLP01-635R Optical Filter	
For wavelengths between 320 and 1120 nm, values near or below 3e-7 (Optical Density 6.5) are measurement noise limited.
For wavelengths < 320 nm and > 1120 nm, values near or below 3e-6 (Optical Density 5.5) are measurement noise limited. 
Data format:  Wavelength (nm) <tab> Transmission (0 to 1)
250.0	0.08058
250.2	0.07703
250.4	0.07588
250.6	0.07488
250.8	0.07388
251.0	0.07226
251.2	0.07015
251.4	0.06811
251.6	0.06596
251.8	0.06295
252.0	0.06008
252.2	0.05735
252.4	0.05555
252.6	0.05409
252.8	0.05266
253.0	0.05133
253.2	0.05014
253.4	0.04898
253.6	0.04785
253.8	0.01225
254.0	0.0029
254.2	0.00247
254.4	0.00293
254.6	0.00145
254.8	7.8631e-04
255.0	0.00201
255.2	0.00183
255.4	4.4938e-04
255.6	5.8466e-04
255.8	0.00136
256.0	0.00279
256.2	0.00371
256.4	0.00212
256.6	0.00175
256.8	0.00178
257.0	0.00108
257.2	5.5553e-04
257.4	1.8708e-04
257.6	2.906e-04
257.8	0.0017
258.0	0.0022
258.2	0.00192
258.4	9.3416e-04
258.6	7.8439e-04
258.8	0.00134
259.0	0.00141
259.2	0.00124
259.4	7.5781e-04
259.6	5.5606e-04
259.8	5.8947e-04
260.0	6.2489e-04
260.2	5.6725e-04
260.4	5.1492e-04
260.6	4.8379e-04
260.8	4.5871e-04
261.0	4.3493e-04
261.2	4.1239e-04
261.4	3.9101e-04
261.6	3.7075e-04
261.8	3.5153e-04
262.0	3.3331e-04
262.2	3.1603e-04
262.4	2.9965e-04
262.6	2.8412e-04
262.8	2.6939e-04
263.0	2.5543e-04
263.2	2.4219e-04
263.4	2.2963e-04
263.6	2.1328e-04
263.8	1.9388e-04
264.0	1.7625e-04
264.2	1.6022e-04
264.4	1.4564e-04
264.6	1.324e-04
264.8	1.2035e-04
265.0	1.0941e-04
265.2	1.1118e-04
265.4	1.1298e-04
265.6	1.1481e-04
265.8	1.1667e-04
266.0	1.1856e-04
266.2	1.2048e-04
266.4	1.1676e-04
266.6	1.1305e-04
266.8	1.0945e-04
267.0	1.0598e-04
267.2	1.0261e-04
267.4	9.9345e-05
267.6	9.6188e-05
267.8	9.313e-05
268.0	9.017e-05
268.2	8.7304e-05
268.4	8.4529e-05
268.6	8.1842e-05
268.8	7.924e-05
269.0	7.6722e-05
269.2	7.4283e-05
269.4	6.9076e-05
269.6	6.2999e-05
269.8	5.7456e-05
270.0	5.2401e-05
270.2	4.779e-05
270.4	4.3585e-05
270.6	3.975e-05
270.8	3.6253e-05
271.0	3.3063e-05
271.2	3.0154e-05
271.4	2.7501e-05
271.6	2.5081e-05
271.8	2.2875e-05
272.0	2.0862e-05
272.2	1.9026e-05
272.4	1.8346e-05
272.6	1.9371e-05
272.8	2.0454e-05
273.0	2.1598e-05
273.2	2.2805e-05
273.4	2.408e-05
273.6	2.5426e-05
273.8	2.6847e-05
274.0	2.8348e-05
274.2	2.9933e-05
274.4	3.1606e-05
274.6	3.3373e-05
274.8	3.5239e-05
275.0	3.7209e-05
275.2	2.7983e-05
275.4	2.1044e-05
275.6	1.8403e-05
275.8	1.8772e-05
276.0	1.9148e-05
276.2	1.9532e-05
276.4	1.9923e-05
276.6	2.0322e-05
276.8	2.0729e-05
277.0	2.1145e-05
277.2	2.1568e-05
277.4	2.2001e-05
277.6	2.2441e-05
277.8	2.2891e-05
278.0	2.335e-05
278.2	2.3818e-05
278.4	2.4295e-05
278.6	2.4619e-05
278.8	2.4255e-05
279.0	2.3897e-05
279.2	2.3544e-05
279.4	2.3196e-05
279.6	2.2853e-05
279.8	2.2516e-05
280.0	2.2183e-05
280.2	2.1855e-05
280.4	2.1532e-05
280.6	2.1214e-05
280.8	2.0901e-05
281.0	2.0592e-05
281.2	2.0288e-05
281.4	1.9988e-05
281.6	1.9693e-05
281.8	1.9008e-05
282.0	1.83e-05
282.2	1.7619e-05
282.4	1.6963e-05
282.6	1.6331e-05
282.8	1.5723e-05
283.0	1.5137e-05
283.2	1.4574e-05
283.4	1.4031e-05
283.6	1.3509e-05
283.8	1.3006e-05
284.0	1.2521e-05
284.2	1.2055e-05
284.4	1.1606e-05
284.6	1.1174e-05
284.8	1.0496e-05
285.0	9.6961e-06
285.2	8.9568e-06
285.4	8.2739e-06
285.6	7.6431e-06
285.8	7.0603e-06
286.0	6.522e-06
286.2	6.0248e-06
286.4	5.5654e-06
286.6	5.1411e-06
286.8	4.7491e-06
287.0	4.387e-06
287.2	4.0526e-06
287.4	3.7436e-06
287.6	3.4581e-06
287.8	3.3458e-06
288.0	3.597e-06
288.2	3.8671e-06
288.4	4.1575e-06
288.6	4.4696e-06
288.8	4.8052e-06
289.0	5.166e-06
289.2	5.5539e-06
289.4	5.971e-06
289.6	6.4193e-06
289.8	6.9013e-06
290.0	7.4195e-06
290.2	7.9766e-06
290.4	8.5756e-06
290.6	9.2195e-06
290.8	9.8969e-06
291.0	9.8731e-06
291.2	9.8493e-06
291.4	9.8256e-06
291.6	9.8019e-06
291.8	9.7783e-06
292.0	9.7548e-06
292.2	9.7313e-06
292.4	9.7079e-06
292.6	9.6845e-06
292.8	9.6612e-06
293.0	9.6379e-06
293.2	9.6147e-06
293.4	9.5916e-06
293.6	9.5685e-06
293.8	9.5454e-06
294.0	9.5237e-06
294.2	9.5025e-06
294.4	9.4813e-06
294.6	9.4601e-06
294.8	9.439e-06
295.0	9.418e-06
295.2	9.2247e-06
295.4	9.0353e-06
295.6	8.8499e-06
295.8	8.6683e-06
296.0	8.4904e-06
296.2	8.3161e-06
296.4	8.1454e-06
296.6	7.9782e-06
296.8	7.8145e-06
297.0	7.6541e-06
297.2	7.4749e-06
297.4	7.1987e-06
297.6	6.9327e-06
297.8	6.6765e-06
298.0	6.4298e-06
298.2	6.1922e-06
298.4	5.9634e-06
298.6	5.7431e-06
298.8	5.5308e-06
299.0	5.3265e-06
299.2	5.1297e-06
299.4	4.9401e-06
299.6	4.7576e-06
299.8	4.5818e-06
300.0	4.4125e-06
300.2	4.2494e-06
300.4	4.2522e-06
300.6	4.2752e-06
300.8	4.2983e-06
301.0	4.3215e-06
301.2	4.3448e-06
301.4	4.3683e-06
301.6	4.3919e-06
301.8	4.4156e-06
302.0	4.4395e-06
302.2	4.4634e-06
302.4	4.4876e-06
302.6	4.5118e-06
302.8	4.5362e-06
303.0	4.5607e-06
303.2	4.5853e-06
303.4	4.8e-06
303.6	5.1534e-06
303.8	5.5329e-06
304.0	5.9403e-06
304.2	6.3776e-06
304.4	6.8472e-06
304.6	7.3514e-06
304.8	7.8927e-06
305.0	8.4738e-06
305.2	1.2669e-05
305.4	1.2507e-05
305.6	1.2346e-05
305.8	1.2188e-05
306.0	1.2032e-05
306.2	1.1878e-05
306.4	1.1726e-05
306.6	1.1576e-05
306.8	1.1427e-05
307.0	1.1281e-05
307.2	1.1136e-05
307.4	1.0994e-05
307.6	1.0853e-05
307.8	1.0714e-05
308.0	1.0577e-05
308.2	1.0456e-05
308.4	1.0589e-05
308.6	1.0724e-05
308.8	1.086e-05
309.0	1.0998e-05
309.2	1.1138e-05
309.4	1.128e-05
309.6	1.1424e-05
309.8	1.1569e-05
310.0	1.1717e-05
310.2	1.1866e-05
310.4	1.2017e-05
310.6	1.217e-05
310.8	1.2325e-05
311.0	1.2482e-05
311.2	1.2641e-05
311.4	1.2696e-05
311.6	1.2713e-05
311.8	1.273e-05
312.0	1.2747e-05
312.2	1.2764e-05
312.4	1.2781e-05
312.6	1.2798e-05
312.8	1.2816e-05
313.0	1.2833e-05
313.2	1.285e-05
313.4	1.2867e-05
313.6	1.2885e-05
313.8	1.2902e-05
314.0	1.2919e-05
314.2	1.2937e-05
314.4	1.3079e-05
314.6	1.3399e-05
314.8	1.3727e-05
315.0	1.4064e-05
315.2	1.4408e-05
315.4	1.4761e-05
315.6	1.5122e-05
315.8	1.5492e-05
316.0	1.5872e-05
316.2	1.626e-05
316.4	1.6658e-05
316.6	1.7066e-05
316.8	1.7484e-05
317.0	1.7912e-05
317.2	1.8351e-05
317.4	1.8804e-05
317.6	1.9305e-05
317.8	1.9818e-05
318.0	2.0346e-05
318.2	2.0887e-05
318.4	2.1443e-05
318.6	2.2013e-05
318.8	2.2599e-05
319.0	2.3201e-05
319.2	2.3818e-05
319.4	2.4452e-05
319.6	2.5102e-05
319.8	2.577e-05
320.0	2.6456e-05
320.2	2.716e-05
320.4	2.7883e-05
320.6	2.8842e-05
320.8	2.9888e-05
321.0	3.0973e-05
321.2	3.2097e-05
321.4	3.3261e-05
321.6	3.4468e-05
321.8	3.5719e-05
322.0	3.7015e-05
322.2	3.8358e-05
322.4	3.975e-05
322.6	4.1192e-05
322.8	4.2687e-05
323.0	4.4236e-05
323.2	4.5841e-05
323.4	4.7505e-05
323.6	4.8068e-05
323.8	4.7514e-05
324.0	4.6966e-05
324.2	4.6424e-05
324.4	4.5888e-05
324.6	4.5359e-05
324.8	4.4836e-05
325.0	4.4319e-05
325.2	4.3808e-05
325.4	4.3302e-05
325.6	4.2803e-05
325.8	4.2309e-05
326.0	4.1821e-05
326.2	4.1339e-05
326.4	4.0862e-05
326.6	3.9938e-05
326.8	3.7412e-05
327.0	3.5046e-05
327.2	3.283e-05
327.4	3.0753e-05
327.6	2.8808e-05
327.8	2.6987e-05
328.0	2.528e-05
328.2	2.3681e-05
328.4	2.2183e-05
328.6	2.0781e-05
328.8	1.9466e-05
329.0	1.8235e-05
329.2	1.7082e-05
329.4	1.6002e-05
329.6	1.499e-05
329.8	1.4303e-05
330.0	1.367e-05
330.2	1.3065e-05
330.4	1.2487e-05
330.6	1.1934e-05
330.8	1.1406e-05
331.0	1.0901e-05
331.2	1.0418e-05
331.4	9.957e-06
331.6	9.5162e-06
331.8	9.0949e-06
332.0	8.6923e-06
332.2	8.3076e-06
332.4	7.9398e-06
332.6	7.5883e-06
332.8	7.4206e-06
333.0	7.3529e-06
333.2	7.2858e-06
333.4	7.2193e-06
333.6	7.1534e-06
333.8	7.0881e-06
334.0	7.0234e-06
334.2	6.9593e-06
334.4	6.8958e-06
334.6	6.8329e-06
334.8	6.7705e-06
335.0	6.7087e-06
335.2	6.6475e-06
335.4	6.5868e-06
335.6	6.5267e-06
335.8	6.4333e-06
336.0	6.2823e-06
336.2	6.1349e-06
336.4	5.9909e-06
336.6	5.8503e-06
336.8	5.7131e-06
337.0	5.579e-06
337.2	5.4481e-06
337.4	5.3202e-06
337.6	5.1954e-06
337.8	5.0735e-06
338.0	4.9544e-06
338.2	4.8381e-06
338.4	4.7246e-06
338.6	4.6137e-06
338.8	4.5119e-06
339.0	4.4801e-06
339.2	4.4485e-06
339.4	4.4172e-06
339.6	4.3861e-06
339.8	4.3552e-06
340.0	4.3245e-06
340.2	4.2941e-06
340.4	4.2638e-06
340.6	4.2338e-06
340.8	4.204e-06
341.0	4.1744e-06
341.2	4.145e-06
341.4	4.1158e-06
341.6	4.0868e-06
341.8	4.058e-06
342.0	4.0109e-06
342.2	3.9601e-06
342.4	3.91e-06
342.6	3.8605e-06
342.8	3.8117e-06
343.0	3.7634e-06
343.2	3.7158e-06
343.4	3.6688e-06
343.6	3.6224e-06
343.8	3.5765e-06
344.0	3.5313e-06
344.2	3.4866e-06
344.4	3.4425e-06
344.6	3.3989e-06
344.8	3.3559e-06
345.0	3.3408e-06
345.2	3.3478e-06
345.4	3.3549e-06
345.6	3.362e-06
345.8	3.369e-06
346.0	3.3761e-06
346.2	3.3832e-06
346.4	3.3903e-06
346.6	3.3975e-06
346.8	3.4046e-06
347.0	3.4118e-06
347.2	3.419e-06
347.4	3.4262e-06
347.6	3.4334e-06
347.8	3.4406e-06
348.0	3.4361e-06
348.2	3.4035e-06
348.4	3.3713e-06
348.6	3.3394e-06
348.8	3.3078e-06
349.0	3.2765e-06
349.2	3.2455e-06
349.4	3.2148e-06
349.6	3.1844e-06
349.8	3.1542e-06
350.0	3.1244e-06
350.2	3.0948e-06
350.4	3.0655e-06
350.6	3.0365e-06
350.8	3.0078e-06
351.0	2.9798e-06
351.2	2.9635e-06
351.4	2.9472e-06
351.6	2.931e-06
351.8	2.9149e-06
352.0	2.8989e-06
352.2	2.8829e-06
352.4	2.8671e-06
352.6	2.8514e-06
352.8	2.8357e-06
353.0	2.8201e-06
353.2	2.8046e-06
353.4	2.7892e-06
353.6	2.7739e-06
353.8	2.7587e-06
354.0	2.7435e-06
354.2	2.7481e-06
354.4	2.7578e-06
354.6	2.7675e-06
354.8	2.7773e-06
355.0	2.7871e-06
355.2	2.797e-06
355.4	2.8069e-06
355.6	2.8168e-06
355.8	2.8267e-06
356.0	2.8367e-06
356.2	2.8467e-06
356.4	2.8568e-06
356.6	2.8669e-06
356.8	2.877e-06
357.0	2.8872e-06
357.2	2.8852e-06
357.4	2.8736e-06
357.6	2.8619e-06
357.8	2.8504e-06
358.0	2.8388e-06
358.2	2.8274e-06
358.4	2.8159e-06
358.6	2.8046e-06
358.8	2.7932e-06
359.0	2.7819e-06
359.2	2.7707e-06
359.4	2.7595e-06
359.6	2.7483e-06
359.8	2.7372e-06
360.0	2.7261e-06
360.2	2.7408e-06
360.4	2.811e-06
360.6	2.8831e-06
360.8	2.957e-06
361.0	3.0328e-06
361.2	3.1105e-06
361.4	3.1903e-06
361.6	3.2721e-06
361.8	3.356e-06
362.0	3.442e-06
362.2	3.5302e-06
362.4	3.6207e-06
362.6	3.7136e-06
362.8	3.8088e-06
363.0	3.9064e-06
363.2	4.0761e-06
363.4	5.062e-06
363.6	6.2864e-06
363.8	7.8068e-06
364.0	9.695e-06
364.2	1.204e-05
364.4	1.4952e-05
364.6	1.8568e-05
364.8	2.306e-05
365.0	2.8637e-05
365.2	2.9653e-05
365.4	3.0705e-05
365.6	3.1794e-05
365.8	3.2922e-05
366.0	3.409e-05
366.2	3.204e-05
366.4	2.9347e-05
366.6	2.688e-05
366.8	2.4621e-05
367.0	2.2551e-05
367.2	2.0656e-05
367.4	1.8919e-05
367.6	1.7329e-05
367.8	1.5873e-05
368.0	1.4538e-05
368.2	1.3316e-05
368.4	1.2197e-05
368.6	1.1172e-05
368.8	1.0233e-05
369.0	9.3728e-06
369.2	8.8336e-06
369.4	8.5666e-06
369.6	8.3077e-06
369.8	8.0566e-06
370.0	7.813e-06
370.2	7.5769e-06
370.4	7.3479e-06
370.6	7.1258e-06
370.8	6.9104e-06
371.0	6.7015e-06
371.2	6.4989e-06
371.4	6.3025e-06
371.6	6.112e-06
371.8	5.9273e-06
372.0	5.7481e-06
372.2	5.5956e-06
372.4	5.521e-06
372.6	5.4474e-06
372.8	5.3747e-06
373.0	5.3031e-06
373.2	5.2324e-06
373.4	5.1626e-06
373.6	5.0938e-06
373.8	5.0258e-06
374.0	4.9588e-06
374.2	4.8927e-06
374.4	4.8275e-06
374.6	4.7631e-06
374.8	4.6996e-06
375.0	4.637e-06
375.2	4.5751e-06
375.4	4.6118e-06
375.6	4.6552e-06
375.8	4.6989e-06
376.0	4.7431e-06
376.2	4.7877e-06
376.4	4.8327e-06
376.6	4.8781e-06
376.8	4.924e-06
377.0	4.9703e-06
377.2	5.017e-06
377.4	5.0641e-06
377.6	5.1117e-06
377.8	5.1598e-06
378.0	5.2083e-06
378.2	5.2572e-06
378.4	5.291e-06
378.6	5.3173e-06
378.8	5.3437e-06
379.0	5.3702e-06
379.2	5.3969e-06
379.4	5.4237e-06
379.6	5.4506e-06
379.8	5.4777e-06
380.0	5.5049e-06
380.2	5.5322e-06
380.4	5.5597e-06
380.6	5.5873e-06
380.8	5.615e-06
381.0	5.6429e-06
381.2	5.6709e-06
381.4	5.6399e-06
381.6	5.5218e-06
381.8	5.4062e-06
382.0	5.2931e-06
382.2	5.1823e-06
382.4	5.0738e-06
382.6	4.9676e-06
382.8	4.8636e-06
383.0	4.7618e-06
383.2	4.6621e-06
383.4	4.5645e-06
383.6	4.469e-06
383.8	4.3754e-06
384.0	4.2838e-06
384.2	4.1942e-06
384.4	4.1214e-06
384.6	4.1417e-06
384.8	4.1621e-06
385.0	4.1826e-06
385.2	4.2032e-06
385.4	4.2239e-06
385.6	4.2447e-06
385.8	4.2656e-06
386.0	4.2866e-06
386.2	4.3077e-06
386.4	4.3289e-06
386.6	4.3503e-06
386.8	4.3717e-06
387.0	4.3932e-06
387.2	4.4149e-06
387.4	4.4366e-06
387.6	4.4337e-06
387.8	4.4277e-06
388.0	4.4216e-06
388.2	4.4156e-06
388.4	4.4095e-06
388.6	4.4035e-06
388.8	4.3975e-06
389.0	4.3915e-06
389.2	4.3854e-06
389.4	4.3794e-06
389.6	4.3735e-06
389.8	4.3675e-06
390.0	4.3615e-06
390.2	4.3555e-06
390.4	4.3496e-06
390.6	4.3187e-06
390.8	4.274e-06
391.0	4.2297e-06
391.2	4.1859e-06
391.4	4.1425e-06
391.6	4.0996e-06
391.8	4.0571e-06
392.0	4.015e-06
392.2	3.9734e-06
392.4	3.9323e-06
392.6	3.8915e-06
392.8	3.8512e-06
393.0	3.8113e-06
393.2	3.7718e-06
393.4	3.7327e-06
393.6	3.6899e-06
393.8	3.641e-06
394.0	3.5928e-06
394.2	3.5452e-06
394.4	3.4983e-06
394.6	3.452e-06
394.8	3.4062e-06
395.0	3.3611e-06
395.2	3.3166e-06
395.4	3.2727e-06
395.6	3.2294e-06
395.8	3.1866e-06
396.0	3.1444e-06
396.2	3.1028e-06
396.4	3.0617e-06
396.6	3.0136e-06
396.8	2.9227e-06
397.0	2.8346e-06
397.2	2.7491e-06
397.4	2.6662e-06
397.6	2.5858e-06
397.8	2.5078e-06
398.0	2.4322e-06
398.2	2.3588e-06
398.4	2.2877e-06
398.6	2.2187e-06
398.8	2.1518e-06
399.0	2.0869e-06
399.2	2.024e-06
399.4	1.963e-06
399.6	1.9038e-06
399.8	1.8738e-06
400.0	1.8469e-06
400.2	1.8205e-06
400.4	1.7944e-06
400.6	1.7687e-06
400.8	1.7434e-06
401.0	1.7184e-06
401.2	1.6938e-06
401.4	1.6695e-06
401.6	1.6456e-06
401.8	1.6221e-06
402.0	1.5988e-06
402.2	1.5759e-06
402.4	1.5534e-06
402.6	1.5311e-06
402.8	1.5062e-06
403.0	1.4803e-06
403.2	1.4548e-06
403.4	1.4298e-06
403.6	1.4052e-06
403.8	1.381e-06
404.0	1.3573e-06
404.2	1.3339e-06
404.4	1.311e-06
404.6	1.2884e-06
404.8	1.2662e-06
405.0	1.2445e-06
405.2	1.223e-06
405.4	1.202e-06
405.6	1.1813e-06
405.8	1.1532e-06
406.0	1.1168e-06
406.2	1.0814e-06
406.4	1.0472e-06
406.6	1.0141e-06
406.8	9.8206e-07
407.0	9.5101e-07
407.2	9.2094e-07
407.4	8.9182e-07
407.6	8.6362e-07
407.8	8.3631e-07
408.0	8.0986e-07
408.2	7.8425e-07
408.4	7.5946e-07
408.6	7.3544e-07
408.8	7.1884e-07
409.0	7.2423e-07
409.2	7.2966e-07
409.4	7.3514e-07
409.6	7.4065e-07
409.8	7.462e-07
410.0	7.518e-07
410.2	7.5743e-07
410.4	7.6311e-07
410.6	7.6883e-07
410.8	7.746e-07
411.0	7.8041e-07
411.2	7.8626e-07
411.4	7.9215e-07
411.6	7.9809e-07
411.8	8.0406e-07
412.0	8.0903e-07
412.2	8.1404e-07
412.4	8.1908e-07
412.6	8.2416e-07
412.8	8.2926e-07
413.0	8.3439e-07
413.2	8.3956e-07
413.4	8.4476e-07
413.6	8.4999e-07
413.8	8.5525e-07
414.0	8.6055e-07
414.2	8.6587e-07
414.4	8.7123e-07
414.6	8.7663e-07
414.8	8.8206e-07
415.0	8.9146e-07
415.2	9.0191e-07
415.4	9.1248e-07
415.6	9.2317e-07
415.8	9.3399e-07
416.0	9.4493e-07
416.2	9.56e-07
416.4	9.672e-07
416.6	9.7854e-07
416.8	9.9e-07
417.0	1.0016e-06
417.2	1.0133e-06
417.4	1.0252e-06
417.6	1.0372e-06
417.8	1.0494e-06
418.0	1.0615e-06
418.2	1.0736e-06
418.4	1.0859e-06
418.6	1.0983e-06
418.8	1.1108e-06
419.0	1.1235e-06
419.2	1.1363e-06
419.4	1.1493e-06
419.6	1.1624e-06
419.8	1.1757e-06
420.0	1.1892e-06
420.2	1.2027e-06
420.4	1.2165e-06
420.6	1.2304e-06
420.8	1.2444e-06
421.0	1.2427e-06
421.2	1.2185e-06
421.4	1.1947e-06
421.6	1.1714e-06
421.8	1.1486e-06
422.0	1.1262e-06
422.2	1.1042e-06
422.4	1.0827e-06
422.6	1.0616e-06
422.8	1.0409e-06
423.0	1.0206e-06
423.2	1.0843e-06
423.4	1.152e-06
423.6	1.2239e-06
423.8	1.3002e-06
424.0	1.3814e-06
424.2	1.4676e-06
424.4	1.5592e-06
424.6	1.6565e-06
424.8	1.7599e-06
425.0	1.8697e-06
425.2	1.9864e-06
425.4	2.1103e-06
425.6	2.242e-06
425.8	2.382e-06
426.0	2.5306e-06
426.2	2.5221e-06
426.4	2.5034e-06
426.6	2.4848e-06
426.8	2.4663e-06
427.0	2.448e-06
427.2	2.4298e-06
427.4	2.4118e-06
427.6	2.3939e-06
427.8	2.3761e-06
428.0	2.3585e-06
428.2	2.3409e-06
428.4	2.3236e-06
428.6	2.3063e-06
428.8	2.2892e-06
429.0	2.2722e-06
429.2	2.2553e-06
429.4	2.2386e-06
429.6	2.2219e-06
429.8	2.2054e-06
430.0	2.1891e-06
430.2	2.117e-06
430.4	2.0223e-06
430.6	1.9319e-06
430.8	1.8455e-06
431.0	1.763e-06
431.2	1.6841e-06
431.4	1.6088e-06
431.6	1.5369e-06
431.8	1.4682e-06
432.0	1.4025e-06
432.2	1.3398e-06
432.4	1.2799e-06
432.6	1.2227e-06
432.8	1.168e-06
433.0	1.1158e-06
433.2	1.004e-06
433.4	9.0343e-07
433.6	8.1294e-07
433.8	7.3151e-07
434.0	6.5823e-07
434.2	5.923e-07
434.4	5.3297e-07
434.6	4.7959e-07
434.8	4.3155e-07
435.0	3.8832e-07
435.2	3.4942e-07
435.4	3.1442e-07
435.6	2.8293e-07
435.8	2.5459e-07
436.0	2.2909e-07
436.2	2.1454e-07
436.4	2.0124e-07
436.6	1.8877e-07
436.8	1.7708e-07
437.0	1.661e-07
437.2	1.5581e-07
437.4	1.4616e-07
437.6	1.371e-07
437.8	1.2861e-07
438.0	1.2064e-07
438.2	1.1316e-07
438.4	1.0615e-07
438.6	9.9575e-08
438.8	9.3405e-08
439.0	8.7618e-08
439.2	8.2189e-08
439.4	7.7096e-08
439.6	7.2319e-08
439.8	6.7838e-08
440.0	6.3635e-08
440.2	6.7827e-08
440.4	7.6168e-08
440.6	8.5535e-08
440.8	9.6053e-08
441.0	1.0787e-07
441.2	1.2113e-07
441.4	1.3603e-07
441.6	1.5275e-07
441.8	1.7154e-07
442.0	1.9263e-07
442.2	2.1632e-07
442.4	2.4292e-07
442.6	2.728e-07
442.8	3.0634e-07
443.0	3.4402e-07
443.2	3.4208e-07
443.4	3.4015e-07
443.6	3.3823e-07
443.8	3.3632e-07
444.0	3.3443e-07
444.2	3.3254e-07
444.4	3.3067e-07
444.6	3.288e-07
444.8	3.2695e-07
445.0	3.2511e-07
445.2	3.2328e-07
445.4	3.2145e-07
445.6	3.1964e-07
445.8	3.1784e-07
446.0	3.1605e-07
446.2	3.7758e-07
446.4	4.5547e-07
446.6	5.4943e-07
446.8	6.6277e-07
447.0	7.9949e-07
447.2	9.6442e-07
447.4	1.1634e-06
447.6	1.4034e-06
447.8	1.6929e-06
448.0	2.0421e-06
448.2	2.4634e-06
448.4	2.9715e-06
448.6	3.5845e-06
448.8	4.324e-06
449.0	5.216e-06
449.2	6.292e-06
449.4	7.5899e-06
449.6	9.1557e-06
449.8	1.1044e-05
450.0	1.3323e-05
450.2	1.2774e-05
450.4	1.1151e-05
450.6	9.7349e-06
450.8	8.4983e-06
451.0	7.4188e-06
451.2	6.4765e-06
451.4	5.6538e-06
451.6	4.9356e-06
451.8	4.3087e-06
452.0	3.7614e-06
452.2	3.2836e-06
452.4	2.8665e-06
452.6	2.5024e-06
452.8	2.1845e-06
453.0	1.9071e-06
453.2	1.6638e-06
453.4	1.4515e-06
453.6	1.2664e-06
453.8	1.1048e-06
454.0	9.639e-07
454.2	8.4095e-07
454.4	7.3367e-07
454.6	6.4008e-07
454.8	5.5843e-07
455.0	4.872e-07
455.2	4.2505e-07
455.4	3.7083e-07
455.6	3.2352e-07
455.8	2.8226e-07
456.0	2.4625e-07
456.2	2.3453e-07
456.4	2.2519e-07
456.6	2.1622e-07
456.8	2.0761e-07
457.0	1.9934e-07
457.2	1.914e-07
457.4	1.8378e-07
457.6	1.7646e-07
457.8	1.6943e-07
458.0	1.6269e-07
458.2	1.5621e-07
458.4	1.4999e-07
458.6	1.4401e-07
458.8	1.3828e-07
459.0	1.3277e-07
459.2	1.2749e-07
459.4	1.2241e-07
459.6	1.1753e-07
459.8	1.1285e-07
460.0	1.0836e-07
460.2	1.0639e-07
460.4	1.0552e-07
460.6	1.0467e-07
460.8	1.0382e-07
461.0	1.0298e-07
461.2	1.0215e-07
461.4	1.0132e-07
461.6	1.005e-07
461.8	9.9685e-08
462.0	9.8878e-08
462.2	9.8077e-08
462.4	9.7282e-08
462.6	9.6495e-08
462.8	9.5713e-08
463.0	9.4938e-08
463.2	8.7666e-08
463.4	8.0952e-08
463.6	7.4752e-08
463.8	6.9026e-08
464.0	6.374e-08
464.2	5.8858e-08
464.4	5.435e-08
464.6	5.0187e-08
464.8	4.6343e-08
465.0	4.2794e-08
465.2	3.9516e-08
465.4	3.649e-08
465.6	3.3695e-08
465.8	3.1114e-08
466.0	2.8731e-08
466.2	3.0752e-08
466.4	3.3199e-08
466.6	3.584e-08
466.8	3.8692e-08
467.0	4.1771e-08
467.2	4.5095e-08
467.4	4.8683e-08
467.6	5.2557e-08
467.8	5.6739e-08
468.0	6.1254e-08
468.2	6.6128e-08
468.4	7.139e-08
468.6	7.707e-08
468.8	8.3203e-08
469.0	8.9824e-08
469.2	9.6971e-08
469.4	1.0469e-07
469.6	1.1302e-07
469.8	1.2201e-07
470.0	1.3172e-07
470.2	1.4002e-07
470.4	1.4849e-07
470.6	1.5746e-07
470.8	1.6699e-07
471.0	1.7708e-07
471.2	1.8779e-07
471.4	1.9914e-07
471.6	2.1118e-07
471.8	2.2395e-07
472.0	2.375e-07
472.2	2.5186e-07
472.4	2.6708e-07
472.6	2.8323e-07
472.8	3.0036e-07
473.0	3.1852e-07
473.2	3.1504e-07
473.4	3.1058e-07
473.6	3.0618e-07
473.8	3.0185e-07
474.0	2.9757e-07
474.2	2.9336e-07
474.4	2.892e-07
474.6	2.8511e-07
474.8	2.8107e-07
475.0	2.7709e-07
475.2	2.7317e-07
475.4	2.693e-07
475.6	2.6549e-07
475.8	2.6173e-07
476.0	2.5802e-07
476.2	2.5437e-07
476.4	2.5077e-07
476.6	2.4722e-07
476.8	2.4371e-07
477.0	2.4026e-07
477.2	2.1157e-07
477.4	1.777e-07
477.6	1.4925e-07
477.8	1.2536e-07
478.0	1.0529e-07
478.2	8.8437e-08
478.4	7.428e-08
478.6	6.2389e-08
478.8	5.2402e-08
479.0	4.4013e-08
479.2	3.6967e-08
479.4	3.105e-08
479.6	2.6079e-08
479.8	2.1904e-08
480.0	1.8398e-08
480.2	7.6271e-08
480.4	8.5902e-07
480.6	6.5015e-06
480.8	8.8414e-07
481.0	1.2023e-07
481.2	7.2418e-08
481.4	1.3717e-07
481.6	1.0995e-07
481.8	4.2363e-08
482.0	1.6556e-08
482.2	1.648e-08
482.4	1.6405e-08
482.6	1.6345e-08
482.8	1.6301e-08
483.0	1.6245e-08
483.2	1.6175e-08
483.4	1.6105e-08
483.6	1.6031e-08
483.8	1.5956e-08
484.0	2.5178e-08
484.2	8.5633e-08
484.4	1.3425e-07
484.6	4.9953e-08
484.8	1.8587e-08
485.0	1.5573e-08
485.2	1.5499e-08
485.4	2.8606e-08
485.6	2.2309e-07
485.8	1.1641e-06
486.0	1.6421e-06
486.2	2.3165e-06
486.4	9.4793e-07
486.6	2.3398e-07
486.8	6.4754e-08
487.0	2.9664e-08
487.2	1.6235e-08
487.4	3.4928e-08
487.6	7.5144e-08
487.8	6.5109e-08
488.0	2.9985e-08
488.2	1.452e-08
488.4	1.4475e-08
488.6	1.4429e-08
488.8	1.4364e-08
489.0	1.43e-08
489.2	2.5191e-08
489.4	7.5157e-08
489.6	2.2423e-07
489.8	5.9093e-08
490.0	1.5384e-08
490.2	1.7994e-08
490.4	2.3567e-08
490.6	5.2751e-08
490.8	2.5947e-07
491.0	1.2763e-06
491.2	1.4429e-06
491.4	1.3348e-06
491.6	6.994e-07
491.8	3.2346e-07
492.0	1.3778e-07
492.2	4.8221e-08
492.4	1.6876e-08
492.6	1.7228e-08
492.8	2.4215e-08
493.0	2.1321e-08
493.2	1.6129e-08
493.4	1.3845e-08
493.6	1.8144e-08
493.8	2.3777e-08
494.0	2.0227e-08
494.2	1.4423e-08
494.4	2.4891e-08
494.6	7.0623e-08
494.8	1.9402e-07
495.0	4.2076e-07
495.2	9.125e-07
495.4	3.2842e-07
495.6	3.481e-08
495.8	1.564e-08
496.0	2.4047e-08
496.2	3.6495e-08
496.4	2.3494e-08
496.6	1.5124e-08
496.8	1.2088e-08
497.0	1.2049e-08
497.2	1.2003e-08
497.4	1.1949e-08
497.6	1.1895e-08
497.8	2.1108e-08
498.0	3.98e-08
498.2	8.4833e-08
498.4	2.1995e-07
498.6	2.6636e-07
498.8	6.3991e-08
499.0	1.5373e-08
499.2	1.4336e-08
499.4	1.8766e-08
499.6	2.6885e-08
499.8	4.8871e-08
500.0	7.2545e-08
500.2	5.1397e-08
500.4	3.6414e-08
500.6	2.4157e-08
500.8	1.557e-08
501.0	1.0809e-08
501.2	1.0782e-08
501.4	1.075e-08
501.6	1.0688e-08
501.8	1.0626e-08
502.0	1.0567e-08
502.2	1.051e-08
502.4	1.0882e-08
502.6	1.8485e-08
502.8	3.1148e-08
503.0	3.1e-08
503.2	3.0853e-08
503.4	3.521e-08
503.6	4.6204e-08
503.8	6.063e-08
504.0	2.6162e-08
504.2	1.0908e-08
504.4	1.0155e-08
504.6	1.0138e-08
504.8	1.3774e-08
505.0	2.971e-08
505.2	6.4086e-08
505.4	3.0764e-08
505.6	1.1915e-08
505.8	1.0005e-08
506.0	9.9554e-09
506.2	1.3019e-08
506.4	3.2204e-08
506.6	7.9661e-08
506.8	4.082e-08
507.0	1.3243e-08
507.2	9.6147e-09
507.4	9.5479e-09
507.6	1.093e-08
507.8	2.2096e-08
508.0	4.4667e-08
508.2	3.1057e-08
508.4	1.2917e-08
508.6	9.2773e-09
508.8	9.2479e-09
509.0	9.22e-09
509.2	9.2045e-09
509.4	9.189e-09
509.6	9.1835e-09
509.8	9.1853e-09
510.0	1.1767e-08
510.2	1.8169e-08
510.4	2.7828e-08
510.6	3.6514e-08
510.8	4.7913e-08
511.0	4.0692e-08
511.2	2.3498e-08
511.4	1.561e-08
511.6	1.1801e-08
511.8	8.921e-09
512.0	8.8769e-09
512.2	8.8331e-09
512.4	1.4018e-08
512.6	3.689e-08
512.8	4.2404e-08
513.0	1.9513e-08
513.2	8.9791e-09
513.4	8.6532e-09
513.6	8.6347e-09
513.8	8.623e-09
514.0	8.6201e-09
514.2	8.6129e-09
514.4	8.6e-09
514.6	8.587e-09
514.8	8.57e-09
515.0	8.5526e-09
515.2	8.5369e-09
515.4	8.5239e-09
515.6	8.5035e-09
515.8	8.4681e-09
516.0	8.4329e-09
516.2	1.8137e-08
516.4	4.673e-08
516.6	6.4667e-08
516.8	1.9538e-08
517.0	9.6116e-09
517.2	1.6562e-08
517.4	2.854e-08
517.6	2.1312e-08
517.8	1.2221e-08
518.0	8.0254e-09
518.2	8.0038e-09
518.4	9.0861e-09
518.6	1.5725e-08
518.8	2.7213e-08
519.0	2.5992e-08
519.2	1.9701e-08
519.4	1.5781e-08
519.6	1.5768e-08
519.8	1.623e-08
520.0	1.9045e-08
520.2	2.2347e-08
520.4	1.7569e-08
520.6	1.134e-08
520.8	7.8134e-09
521.0	7.7951e-09
521.2	8.4197e-09
521.4	1.4527e-08
521.6	2.5063e-08
521.8	2.5825e-08
522.0	1.9532e-08
522.2	1.5951e-08
522.4	2.5064e-08
522.6	3.5489e-08
522.8	1.864e-08
523.0	9.7903e-09
523.2	7.4301e-09
523.4	7.4019e-09
523.6	7.6001e-09
523.8	1.3119e-08
524.0	2.216e-08
524.2	2.4782e-08
524.4	2.7714e-08
524.6	3.6783e-08
524.8	5.6832e-08
525.0	8.6339e-08
525.2	4.3338e-08
525.4	2.1754e-08
525.6	2.4327e-08
525.8	2.7204e-08
526.0	2.2037e-08
526.2	1.2677e-08
526.4	7.2927e-09
526.6	7.1377e-09
526.8	7.1219e-09
527.0	7.0992e-09
527.2	7.0762e-09
527.4	7.053e-09
527.6	7.0295e-09
527.8	7.0061e-09
528.0	1.7068e-08
528.2	4.4944e-08
528.4	3.5773e-08
528.6	2.5479e-08
528.8	1.7453e-08
529.0	1.1262e-08
529.2	7.2675e-09
529.4	6.8744e-09
529.6	6.8677e-09
529.8	1.1914e-08
530.0	2.2526e-08
530.2	2.7398e-08
530.4	1.442e-08
530.6	7.5891e-09
530.8	1.3013e-08
531.0	2.8422e-08
531.2	2.0602e-08
531.4	1.0841e-08
531.6	6.7146e-09
531.8	6.6941e-09
532.0	6.6736e-09
532.2	6.6577e-09
532.4	6.6433e-09
532.6	6.6234e-09
532.8	6.6015e-09
533.0	6.5811e-09
533.2	6.5661e-09
533.4	6.5512e-09
533.6	6.5392e-09
533.8	6.5286e-09
534.0	6.52e-09
534.2	6.5124e-09
534.4	6.505e-09
534.6	6.4989e-09
534.8	6.4928e-09
535.0	6.4881e-09
535.2	6.4842e-09
535.4	6.4773e-09
535.6	6.4686e-09
535.8	6.9017e-09
536.0	1.196e-08
536.2	2.0726e-08
536.4	2.5724e-08
536.6	2.5675e-08
536.8	1.8458e-08
537.0	1.0613e-08
537.2	6.36e-09
537.4	6.3413e-09
537.6	6.3226e-09
537.8	9.2691e-09
538.0	1.8396e-08
538.2	1.858e-08
538.4	1.0677e-08
538.6	6.2379e-09
538.8	6.2271e-09
539.0	6.2164e-09
539.2	6.21e-09
539.4	6.2077e-09
539.6	6.203e-09
539.8	6.1958e-09
540.0	6.1887e-09
540.2	9.5061e-09
540.4	1.4698e-08
540.6	1.439e-08
540.8	8.3291e-09
541.0	7.5334e-09
541.2	1.163e-08
541.4	1.7955e-08
541.6	1.2259e-08
541.8	7.9081e-09
542.0	6.1297e-09
542.2	6.1222e-09
542.4	7.639e-09
542.6	1.3218e-08
542.8	2.2871e-08
543.0	1.4844e-08
543.2	8.5343e-09
543.4	9.43e-09
543.6	3.0954e-08
543.8	4.6954e-08
544.0	1.8056e-08
544.2	6.9436e-09
544.4	5.9809e-09
544.6	5.9729e-09
544.8	5.9663e-09
545.0	5.9624e-09
545.2	5.9587e-09
545.4	5.9553e-09
545.6	5.952e-09
545.8	5.9481e-09
546.0	5.9439e-09
546.2	6.5424e-09
546.4	9.2324e-09
546.6	1.1052e-08
546.8	8.3826e-09
547.0	6.3579e-09
547.2	5.9291e-09
547.4	5.9234e-09
547.6	5.9181e-09
547.8	5.9141e-09
548.0	5.9087e-09
548.2	5.8982e-09
548.4	5.8877e-09
548.6	9.2013e-09
548.8	1.7425e-08
549.0	2.8738e-08
549.2	2.577e-08
549.4	2.1814e-08
549.6	1.2552e-08
549.8	7.2225e-09
550.0	5.8358e-09
550.2	5.8319e-09
550.4	5.8284e-09
550.6	5.8287e-09
550.8	6.0748e-09
551.0	1.054e-08
551.2	1.8288e-08
551.4	1.7122e-08
551.6	9.8729e-09
551.8	5.8357e-09
552.0	5.8379e-09
552.2	5.9451e-09
552.4	7.8235e-09
552.6	1.0295e-08
552.8	1.0004e-08
553.0	7.5858e-09
553.2	6.0201e-09
553.4	1.679e-08
553.6	4.6322e-08
553.8	4.3822e-08
554.0	4.1457e-08
554.2	2.744e-08
554.4	1.2615e-08
554.6	5.7996e-09
554.8	8.0237e-09
555.0	1.1289e-08
555.2	8.7397e-09
555.4	6.6214e-09
555.6	7.8254e-09
555.8	1.5925e-08
556.0	3.2409e-08
556.2	2.4629e-08
556.4	1.7478e-08
556.6	1.1379e-08
556.8	7.3454e-09
557.0	6.2865e-09
557.2	8.2873e-09
557.4	1.0925e-08
557.6	8.3299e-09
557.8	5.9152e-09
558.0	1.0961e-08
558.2	2.3742e-08
558.4	3.318e-08
558.6	2.0179e-08
558.8	1.2272e-08
559.0	2.4311e-08
559.2	6.134e-08
559.4	3.2274e-08
559.6	1.1616e-08
559.8	5.6524e-09
560.0	5.6559e-09
560.2	5.6594e-09
560.4	9.6435e-09
560.6	1.9095e-08
560.8	2.0789e-08
561.0	1.8543e-08
561.2	1.9192e-08
561.4	3.2243e-08
561.6	5.4168e-08
561.8	2.6599e-08
562.0	8.1913e-09
562.2	5.6815e-09
562.4	5.6753e-09
562.6	5.6702e-09
562.8	5.6694e-09
563.0	5.6687e-09
563.2	5.6663e-09
563.4	5.6631e-09
563.6	5.6554e-09
563.8	5.645e-09
564.0	6.0849e-09
564.2	1.1526e-08
564.4	2.1833e-08
564.6	3.3385e-08
564.8	4.4516e-08
565.0	4.88e-08
565.2	4.6422e-08
565.4	4.2632e-08
565.6	2.4519e-08
565.8	1.4102e-08
566.0	9.1145e-09
566.2	6.4691e-09
566.4	5.4929e-09
566.6	5.4851e-09
566.8	5.5127e-09
567.0	1.0464e-08
567.2	1.9862e-08
567.4	1.8263e-08
567.6	8.1353e-09
567.8	5.474e-09
568.0	5.4747e-09
568.2	5.4753e-09
568.4	1.3694e-08
568.6	3.4252e-08
568.8	3.1651e-08
569.0	1.016e-08
569.2	7.0883e-09
569.4	1.23e-08
569.6	2.1344e-08
569.8	1.3059e-08
570.0	7.5189e-09
570.2	6.961e-09
570.4	1.1942e-08
570.6	1.3855e-08
570.8	8.9383e-09
571.0	5.7664e-09
571.2	1.0871e-08
571.4	2.3561e-08
571.6	3.5909e-08
571.8	3.0438e-08
572.0	2.6458e-08
572.2	2.4175e-08
572.4	2.2088e-08
572.6	1.3768e-08
572.8	7.9128e-09
573.0	7.3171e-09
573.2	1.9032e-08
573.4	3.5581e-08
573.6	2.8452e-08
573.8	2.2751e-08
574.0	1.7468e-08
574.2	1.3251e-08
574.4	1.139e-08
574.6	1.3974e-08
574.8	1.624e-08
575.0	1.6239e-08
575.2	1.6238e-08
575.4	1.1673e-08
575.6	7.5392e-09
575.8	6.1591e-09
576.0	1.059e-08
576.2	1.7965e-08
576.4	2.8973e-08
576.6	4.6726e-08
576.8	2.8574e-08
577.0	1.1418e-08
577.2	5.4064e-09
577.4	5.4079e-09
577.6	6.3909e-09
577.8	2.0187e-08
578.0	6.3765e-08
578.2	4.6678e-08
578.4	1.4745e-08
578.6	5.6138e-09
578.8	7.8953e-09
579.0	1.0504e-08
579.2	7.968e-09
579.4	6.0442e-09
579.6	5.3832e-09
579.8	5.3856e-09
580.0	5.8299e-09
580.2	1.7986e-08
580.4	5.2729e-08
580.6	2.1095e-08
580.8	8.4394e-09
581.0	5.4151e-09
581.2	5.4215e-09
581.4	5.4499e-09
581.6	1.2221e-08
581.8	2.701e-08
582.0	1.4212e-08
582.2	7.4785e-09
582.4	5.4245e-09
582.6	5.4239e-09
582.8	5.4233e-09
583.0	5.4228e-09
583.2	5.4224e-09
583.4	5.411e-09
583.6	5.3989e-09
583.8	6.5194e-09
584.0	1.0087e-08
584.2	1.5605e-08
584.4	9.7937e-09
584.6	5.7127e-09
584.8	5.3587e-09
585.0	5.3467e-09
585.2	5.3365e-09
585.4	5.3293e-09
585.6	5.322e-09
585.8	1.0524e-08
586.0	2.3151e-08
586.2	1.5649e-08
586.4	8.236e-09
586.6	5.307e-09
586.8	5.3111e-09
587.0	5.3152e-09
587.2	1.3974e-08
587.4	4.6422e-08
587.6	5.5057e-08
587.8	5.0879e-08
588.0	3.7188e-08
588.2	1.5518e-08
588.4	6.4753e-09
588.6	9.9834e-09
588.8	2.2017e-08
589.0	2.8438e-08
589.2	3.0585e-08
589.4	2.7345e-08
589.6	1.3396e-08
589.8	6.5628e-09
590.0	7.9731e-09
590.2	1.367e-08
590.4	1.2e-08
590.6	7.742e-09
590.8	6.2344e-09
591.0	1.4273e-08
591.2	3.2675e-08
591.4	4.3135e-08
591.6	4.315e-08
591.8	2.5786e-08
592.0	1.1237e-08
592.2	5.9265e-09
592.4	1.3579e-08
592.6	3.111e-08
592.8	2.3054e-08
593.0	8.1754e-09
593.2	5.3993e-09
593.4	5.3975e-09
593.6	5.9939e-09
593.8	1.812e-08
594.0	5.4777e-08
594.2	3.9264e-08
594.4	1.0139e-08
594.6	6.8932e-09
594.8	1.0692e-08
595.0	1.6238e-08
595.2	1.3814e-08
595.4	1.1751e-08
595.6	9.1091e-09
595.8	6.4914e-09
596.0	5.4418e-09
596.2	5.4399e-09
596.4	5.4379e-09
596.6	5.4324e-09
596.8	5.4267e-09
597.0	9.1517e-09
597.2	2.8192e-08
597.4	5.0959e-08
597.6	4.4114e-08
597.8	3.8189e-08
598.0	1.8529e-08
598.2	8.519e-09
598.4	8.5418e-09
598.6	2.6927e-08
598.8	3.7134e-08
599.0	1.4818e-08
599.2	5.9133e-09
599.4	9.4629e-09
599.6	1.7979e-08
599.8	2.4232e-08
600.0	1.8872e-08
600.2	1.8635e-08
600.4	2.888e-08
600.6	4.4756e-08
600.8	4.2097e-08
601.0	3.5876e-08
601.2	2.8838e-08
601.4	2.0586e-08
601.6	1.7508e-08
601.8	2.3103e-08
602.0	3.0487e-08
602.2	2.304e-08
602.4	1.4879e-08
602.6	9.8717e-09
602.8	7.046e-09
603.0	6.2393e-09
603.2	1.1867e-08
603.4	2.257e-08
603.6	1.7134e-08
603.8	9.0197e-09
604.0	6.0462e-09
604.2	1.0347e-08
604.4	1.6786e-08
604.6	2.0571e-08
604.8	2.5209e-08
605.0	2.9484e-08
605.2	3.3645e-08
605.4	3.2537e-08
605.6	1.2318e-08
605.8	6.1671e-09
606.0	1.6044e-08
606.2	4.1737e-08
606.4	4.8122e-08
606.6	3.5106e-08
606.8	2.8316e-08
607.0	4.346e-08
607.2	6.4366e-08
607.4	6.6465e-08
607.6	6.8633e-08
607.8	3.8219e-08
608.0	1.3733e-08
608.2	5.7024e-09
608.4	1.2485e-08
608.6	2.6856e-08
608.8	2.889e-08
609.0	3.1078e-08
609.2	2.9607e-08
609.4	2.5212e-08
609.6	2.1631e-08
609.8	3.0377e-08
610.0	4.2659e-08
610.2	3.8632e-08
610.4	3.4433e-08
610.6	2.8497e-08
610.8	2.1619e-08
611.0	1.6401e-08
611.2	1.6218e-08
611.4	1.6238e-08
611.6	2.227e-08
611.8	3.1219e-08
612.0	3.2727e-08
612.2	2.3342e-08
612.4	1.6648e-08
612.6	2.8181e-08
612.8	5.1169e-08
613.0	5.7791e-08
613.2	6.2097e-08
613.4	6.1912e-08
613.6	5.5172e-08
613.8	4.9165e-08
614.0	4.8625e-08
614.2	4.8683e-08
614.4	5.3565e-08
614.6	6.0088e-08
614.8	6.3407e-08
615.0	5.8932e-08
615.2	5.4772e-08
615.4	3.3173e-08
615.6	1.8289e-08
615.8	1.7782e-08
616.0	1.9925e-08
616.2	2.3063e-08
616.4	2.8852e-08
616.6	3.6095e-08
616.8	3.3216e-08
617.0	2.8239e-08
617.2	2.0689e-08
617.4	1.4326e-08
617.6	1.1465e-08
617.8	1.5105e-08
618.0	1.9901e-08
618.2	3.0837e-08
618.4	5.0897e-08
618.6	4.1083e-08
618.8	2.4406e-08
619.0	1.609e-08
619.2	1.6088e-08
619.4	1.6087e-08
619.6	2.5598e-08
619.8	4.9947e-08
620.0	6.2998e-08
620.2	6.0814e-08
620.4	5.7327e-08
620.6	4.5005e-08
620.8	3.5331e-08
621.0	3.7572e-08
621.2	4.8317e-08
621.4	5.905e-08
621.6	6.9448e-08
621.8	8.0258e-08
622.0	7.3475e-08
622.2	6.7265e-08
622.4	7.0148e-08
622.6	8.0871e-08
622.8	7.9956e-08
623.0	6.8793e-08
623.2	5.8645e-08
623.4	3.4897e-08
623.6	2.0766e-08
623.8	2.2007e-08
624.0	3.9732e-08
624.2	5.6764e-08
624.4	6.2935e-08
624.6	6.9776e-08
624.8	3.9491e-08
625.0	2.1968e-08
625.2	2.1251e-08
625.4	3.8364e-08
625.6	5.0292e-08
625.8	4.351e-08
626.0	3.7642e-08
626.2	3.9085e-08
626.4	4.1146e-08
626.6	3.838e-08
626.8	3.0497e-08
627.0	2.0656e-08
627.2	1.0839e-08
627.4	5.6881e-09
627.6	1.0994e-08
627.8	2.5174e-08
628.0	4.4638e-08
628.2	5.216e-08
628.4	5.543e-08
628.6	4.879e-08
628.8	4.2945e-08
629.0	4.022e-08
629.2	3.8132e-08
629.4	3.8352e-08
629.6	4.3488e-08
629.8	4.6201e-08
630.0	4.1846e-08
630.2	3.7901e-08
630.4	2.8432e-08
630.6	2.0286e-08
630.8	1.8351e-08
631.0	2.9681e-08
631.2	4.1611e-08
631.4	3.7102e-08
631.6	3.3082e-08
631.8	3.2103e-08
632.0	3.2093e-08
632.2	3.573e-08
632.4	5.5933e-08
632.6	6.4957e-08
632.8	2.1989e-08
633.0	7.4436e-09
633.2	8.3658e-09
633.4	1.592e-08
633.6	2.719e-08
633.8	2.9717e-08
634.0	3.3226e-08
634.2	4.2266e-08
634.4	5.3764e-08
634.6	5.395e-08
634.8	4.7511e-08
635.0	4.1761e-08
635.2	3.6294e-08
635.4	3.3066e-08
635.6	4.5027e-08
635.8	6.1316e-08
636.0	6.8082e-08
636.2	6.5979e-08
636.4	6.4148e-08
636.6	6.4225e-08
636.8	6.439e-08
637.0	7.4002e-08
637.2	8.5047e-08
637.4	8.7593e-08
637.6	8.1023e-08
637.8	7.4999e-08
638.0	8.0137e-08
638.2	8.5628e-08
638.4	1.0497e-07
638.6	1.2934e-07
638.8	1.4755e-07
639.0	1.5379e-07
639.2	1.603e-07
639.4	1.5549e-07
639.6	1.5038e-07
639.8	1.7843e-07
640.0	2.1552e-07
640.2	2.5945e-07
640.4	3.1087e-07
640.6	3.7249e-07
640.8	4.0341e-07
641.0	4.328e-07
641.2	4.8093e-07
641.4	5.3735e-07
641.6	6.0229e-07
641.8	6.7877e-07
642.0	7.6496e-07
642.2	9.0475e-07
642.4	1.0782e-06
642.6	1.2975e-06
642.8	1.5649e-06
643.0	1.8972e-06
643.2	2.3262e-06
643.4	2.8522e-06
643.6	3.4587e-06
643.8	4.1838e-06
644.0	5.1009e-06
644.2	6.2342e-06
644.4	7.6319e-06
644.6	9.3862e-06
644.8	1.1544e-05
645.0	1.4227e-05
645.2	1.7545e-05
645.4	2.1832e-05
645.6	2.7402e-05
645.8	3.4566e-05
646.0	4.39e-05
646.2	5.5424e-05
646.4	6.9183e-05
646.6	8.6459e-05
646.8	1.1168e-04
647.0	1.4419e-04
647.2	1.8639e-04
647.4	2.4349e-04
647.6	3.2021e-04
647.8	4.2271e-04
648.0	5.6646e-04
648.2	7.6989e-04
648.4	0.00103
648.6	0.00139
648.8	0.00191
649.0	0.00262
649.2	0.00367
649.4	0.0051
649.6	0.00708
649.8	0.01014
650.0	0.01471
650.2	0.02158
650.4	0.03206
650.6	0.04837
650.8	0.07335
651.0	0.10946
651.2	0.16674
651.4	0.25105
651.6	0.3674
651.8	0.51007
652.0	0.66142
652.2	0.79621
652.4	0.89255
652.6	0.94936
652.8	0.9763
653.0	0.98661
653.2	0.98949
653.4	0.98985
653.6	0.9895
653.8	0.99066
654.0	0.99152
654.2	0.99202
654.4	0.99282
654.6	0.99268
654.8	0.99235
655.0	0.9906
655.2	0.9898
655.4	0.98815
655.6	0.98632
655.8	0.98417
656.0	0.98377
656.2	0.98285
656.4	0.98295
656.6	0.98376
656.8	0.98384
657.0	0.98491
657.2	0.98586
657.4	0.98637
657.6	0.98698
657.8	0.98835
658.0	0.98856
658.2	0.9889
658.4	0.98893
658.6	0.98879
658.8	0.98839
659.0	0.98841
659.2	0.98713
659.4	0.98656
659.6	0.9861
659.8	0.98513
660.0	0.98429
660.2	0.9838
660.4	0.98329
660.6	0.98353
660.8	0.98326
661.0	0.98363
661.2	0.98392
661.4	0.98414
661.6	0.98489
661.8	0.98561
662.0	0.98613
662.2	0.98697
662.4	0.98777
662.6	0.98846
662.8	0.98916
663.0	0.98944
663.2	0.98987
663.4	0.99025
663.6	0.99039
663.8	0.99003
664.0	0.99025
664.2	0.98975
664.4	0.98987
664.6	0.98919
664.8	0.98838
665.0	0.98746
665.2	0.98695
665.4	0.98611
665.6	0.98526
665.8	0.98457
666.0	0.98357
666.2	0.98311
666.4	0.98246
666.6	0.98189
666.8	0.98106
667.0	0.98039
667.2	0.97991
667.4	0.97996
667.6	0.98039
667.8	0.9803
668.0	0.98031
668.2	0.98022
668.4	0.98069
668.6	0.98032
668.8	0.98073
669.0	0.98132
669.2	0.98248
669.4	0.98164
669.6	0.98194
669.8	0.98318
670.0	0.98333
670.2	0.98331
670.4	0.98371
670.6	0.98541
670.8	0.98466
671.0	0.98514
671.2	0.98497
671.4	0.98582
671.6	0.98543
671.8	0.98601
672.0	0.98602
672.2	0.98534
672.4	0.98477
672.6	0.98563
672.8	0.98517
673.0	0.98407
673.2	0.98428
673.4	0.98342
673.6	0.98336
673.8	0.98308
674.0	0.98294
674.2	0.98222
674.4	0.9818
674.6	0.98141
674.8	0.98044
675.0	0.98051
675.2	0.98012
675.4	0.98008
675.6	0.98022
675.8	0.98024
676.0	0.97986
676.2	0.9778
676.4	0.97941
676.6	0.97971
676.8	0.97954
677.0	0.97961
677.2	0.97988
677.4	0.98002
677.6	0.97963
677.8	0.98056
678.0	0.98101
678.2	0.98123
678.4	0.98139
678.6	0.98225
678.8	0.98269
679.0	0.98313
679.2	0.98355
679.4	0.98389
679.6	0.98369
679.8	0.98429
680.0	0.98464
680.2	0.98477
680.4	0.98517
680.6	0.98529
680.8	0.98564
681.0	0.9858
681.2	0.98531
681.4	0.98475
681.6	0.98558
681.8	0.98519
682.0	0.98482
682.2	0.98438
682.4	0.98428
682.6	0.984
682.8	0.98315
683.0	0.98287
683.2	0.98236
683.4	0.98137
683.6	0.98084
683.8	0.98036
684.0	0.98
684.2	0.97857
684.4	0.97791
684.6	0.97773
684.8	0.97713
685.0	0.97623
685.2	0.97575
685.4	0.97532
685.6	0.97545
685.8	0.97514
686.0	0.97509
686.2	0.9749
686.4	0.97502
686.6	0.97497
686.8	0.97509
687.0	0.97503
687.2	0.97552
687.4	0.97592
687.6	0.97781
687.8	0.9766
688.0	0.97723
688.2	0.97758
688.4	0.97798
688.6	0.97854
688.8	0.97927
689.0	0.98017
689.2	0.9812
689.4	0.98181
689.6	0.98254
689.8	0.98332
690.0	0.98363
690.2	0.98414
690.4	0.9848
690.6	0.98501
690.8	0.9857
691.0	0.98595
691.2	0.9862
691.4	0.98667
691.6	0.98717
691.8	0.98719
692.0	0.98741
692.2	0.98718
692.4	0.98709
692.6	0.98744
692.8	0.98737
693.0	0.98692
693.2	0.98686
693.4	0.98708
693.6	0.98665
693.8	0.98648
694.0	0.9861
694.2	0.98597
694.4	0.98558
694.6	0.98517
694.8	0.98503
695.0	0.98477
695.2	0.98444
695.4	0.98447
695.6	0.98426
695.8	0.98425
696.0	0.98394
696.2	0.98372
696.4	0.98406
696.6	0.98381
696.8	0.98386
697.0	0.98401
697.2	0.98408
697.4	0.98415
697.6	0.98452
697.8	0.98451
698.0	0.98523
698.2	0.98523
698.4	0.98537
698.6	0.98581
698.8	0.98602
699.0	0.98626
699.2	0.98696
699.4	0.98709
699.6	0.98738
699.8	0.98788
700.0	0.98823
700.2	0.98847
700.4	0.98875
700.6	0.98856
700.8	0.98936
701.0	0.98906
701.2	0.98943
701.4	0.98933
701.6	0.98944
701.8	0.98935
702.0	0.98936
702.2	0.98926
702.4	0.98932
702.6	0.98912
702.8	0.98892
703.0	0.98817
703.2	0.98797
703.4	0.98778
703.6	0.98724
703.8	0.98707
704.0	0.98716
704.2	0.98613
704.4	0.986
704.6	0.9855
704.8	0.98498
705.0	0.98431
705.2	0.98405
705.4	0.98333
705.6	0.98319
705.8	0.98289
706.0	0.98248
706.2	0.98209
706.4	0.98164
706.6	0.98138
706.8	0.981
707.0	0.98039
707.2	0.98025
707.4	0.9799
707.6	0.98012
707.8	0.97993
708.0	0.97992
708.2	0.97969
708.4	0.9795
708.6	0.97932
708.8	0.9794
709.0	0.97957
709.2	0.97938
709.4	0.97943
709.6	0.97997
709.8	0.98008
710.0	0.97982
710.2	0.98014
710.4	0.98054
710.6	0.98037
710.8	0.98044
711.0	0.98048
711.2	0.98071
711.4	0.98131
711.6	0.981
711.8	0.9811
712.0	0.98149
712.2	0.98142
712.4	0.9818
712.6	0.98194
712.8	0.98183
713.0	0.98204
713.2	0.98199
713.4	0.98217
713.6	0.98183
713.8	0.98218
714.0	0.98231
714.2	0.98232
714.4	0.98235
714.6	0.98265
714.8	0.98229
715.0	0.98243
715.2	0.98263
715.4	0.9828
715.6	0.9825
715.8	0.98257
716.0	0.98286
716.2	0.98266
716.4	0.98259
716.6	0.98323
716.8	0.98263
717.0	0.98305
717.2	0.98292
717.4	0.98324
717.6	0.98317
717.8	0.98324
718.0	0.98342
718.2	0.98372
718.4	0.9839
718.6	0.98351
718.8	0.98408
719.0	0.98392
719.2	0.9843
719.4	0.9847
719.6	0.98436
719.8	0.98481
720.0	0.98494
720.2	0.9852
720.4	0.98537
720.6	0.98541
720.8	0.98558
721.0	0.98552
721.2	0.98575
721.4	0.98589
721.6	0.98639
721.8	0.98606
722.0	0.98626
722.2	0.98634
722.4	0.98655
722.6	0.98631
722.8	0.98651
723.0	0.98646
723.2	0.98654
723.4	0.98673
723.6	0.98681
723.8	0.98684
724.0	0.9867
724.2	0.98669
724.4	0.98663
724.6	0.98681
724.8	0.98668
725.0	0.98665
725.2	0.98621
725.4	0.98632
725.6	0.98657
725.8	0.98615
726.0	0.98653
726.2	0.98629
726.4	0.98597
726.6	0.98592
726.8	0.98616
727.0	0.98588
727.2	0.98578
727.4	0.98567
727.6	0.98585
727.8	0.98547
728.0	0.98611
728.2	0.98514
728.4	0.98549
728.6	0.98528
728.8	0.98584
729.0	0.98581
729.2	0.98562
729.4	0.98569
729.6	0.98583
729.8	0.98596
730.0	0.98602
730.2	0.98589
730.4	0.98615
730.6	0.98618
730.8	0.98609
731.0	0.98652
731.2	0.98672
731.4	0.98669
731.6	0.98684
731.8	0.9871
732.0	0.98715
732.2	0.98725
732.4	0.98708
732.6	0.98754
732.8	0.98776
733.0	0.98811
733.2	0.98783
733.4	0.98796
733.6	0.98832
733.8	0.98827
734.0	0.98797
734.2	0.9885
734.4	0.98844
734.6	0.98852
734.8	0.98903
735.0	0.98857
735.2	0.98883
735.4	0.98909
735.6	0.98921
735.8	0.9889
736.0	0.98873
736.2	0.98884
736.4	0.98902
736.6	0.9889
736.8	0.98902
737.0	0.98914
737.2	0.98903
737.4	0.98893
737.6	0.98919
737.8	0.98915
738.0	0.98911
738.2	0.98875
738.4	0.98856
738.6	0.98864
738.8	0.98895
739.0	0.98839
739.2	0.98871
739.4	0.98918
739.6	0.98926
739.8	0.98885
740.0	0.9893
740.2	0.98931
740.4	0.98932
740.6	0.9891
740.8	0.98921
741.0	0.98962
741.2	0.98956
741.4	0.98984
741.6	0.98994
741.8	0.98986
742.0	0.99019
742.2	0.99026
742.4	0.9906
742.6	0.99051
742.8	0.99076
743.0	0.99082
743.2	0.99135
743.4	0.99134
743.6	0.99122
743.8	0.99153
744.0	0.99154
744.2	0.99155
744.4	0.99187
744.6	0.99174
744.8	0.99181
745.0	0.99172
745.2	0.99188
745.4	0.99209
745.6	0.99166
745.8	0.99164
746.0	0.99176
746.2	0.99221
746.4	0.99153
746.6	0.99141
746.8	0.9916
747.0	0.99159
747.2	0.99113
747.4	0.99132
747.6	0.99113
747.8	0.99091
748.0	0.99071
748.2	0.99059
748.4	0.99034
748.6	0.99022
748.8	0.99034
749.0	0.98978
749.2	0.98955
749.4	0.98968
749.6	0.98901
749.8	0.98886
750.0	0.9889
750.2	0.98829
750.4	0.98875
750.6	0.98852
750.8	0.98824
751.0	0.9876
751.2	0.98813
751.4	0.98755
751.6	0.98733
751.8	0.9875
752.0	0.98738
752.2	0.98726
752.4	0.98705
752.6	0.9871
752.8	0.98697
753.0	0.98686
753.2	0.98714
753.4	0.98684
753.6	0.98737
753.8	0.98689
754.0	0.9872
754.2	0.98681
754.4	0.98692
754.6	0.98737
754.8	0.98743
755.0	0.9875
755.2	0.9877
755.4	0.98773
755.6	0.98766
755.8	0.98797
756.0	0.98859
756.2	0.98869
756.4	0.98838
756.6	0.98857
756.8	0.98901
757.0	0.989
757.2	0.98929
757.4	0.98947
757.6	0.98949
757.8	0.98958
758.0	0.98981
758.2	0.99011
758.4	0.99034
758.6	0.99063
758.8	0.99074
759.0	0.99107
759.2	0.9909
759.4	0.99132
759.6	0.99078
759.8	0.99112
760.0	0.99101
760.2	0.99137
760.4	0.99162
760.6	0.99128
760.8	0.99178
761.0	0.99164
761.2	0.99172
761.4	0.99137
761.6	0.99176
761.8	0.99155
762.0	0.99175
762.2	0.99135
762.4	0.99156
762.6	0.99143
762.8	0.99174
763.0	0.99164
763.2	0.99104
763.4	0.99144
763.6	0.99165
763.8	0.99098
764.0	0.99106
764.2	0.99123
764.4	0.99104
764.6	0.99068
764.8	0.99108
765.0	0.9911
765.2	0.99083
765.4	0.99092
765.6	0.99082
765.8	0.99098
766.0	0.99124
766.2	0.99059
766.4	0.99082
766.6	0.99063
766.8	0.9905
767.0	0.99071
767.2	0.99099
767.4	0.99088
767.6	0.99107
767.8	0.99092
768.0	0.99122
768.2	0.99086
768.4	0.99089
768.6	0.99079
768.8	0.99136
769.0	0.99144
769.2	0.99122
769.4	0.99173
769.6	0.99157
769.8	0.9916
770.0	0.99147
770.2	0.99149
770.4	0.99157
770.6	0.99187
770.8	0.99213
771.0	0.99165
771.2	0.99207
771.4	0.99216
771.6	0.99234
771.8	0.99182
772.0	0.99203
772.2	0.9919
772.4	0.99186
772.6	0.99211
772.8	0.99155
773.0	0.99182
773.2	0.99165
773.4	0.99176
773.6	0.99126
773.8	0.99152
774.0	0.99153
774.2	0.99066
774.4	0.99136
774.6	0.99079
774.8	0.99044
775.0	0.99014
775.2	0.9905
775.4	0.98977
775.6	0.99013
775.8	0.9893
776.0	0.98968
776.2	0.98894
776.4	0.98868
776.6	0.9885
776.8	0.98848
777.0	0.98848
777.2	0.98847
777.4	0.98794
777.6	0.98789
777.8	0.98765
778.0	0.98719
778.2	0.98684
778.4	0.98735
778.6	0.98732
778.8	0.98697
779.0	0.98606
779.2	0.98661
779.4	0.98615
779.6	0.98674
779.8	0.9867
780.0	0.98619
780.2	0.98626
780.4	0.9862
780.6	0.98614
780.8	0.98639
781.0	0.98645
781.2	0.98585
781.4	0.98631
781.6	0.9867
781.8	0.98686
782.0	0.98695
782.2	0.987
782.4	0.9876
782.6	0.98735
782.8	0.9876
783.0	0.98825
783.2	0.9881
783.4	0.98818
783.6	0.98854
783.8	0.98891
784.0	0.9893
784.2	0.98929
784.4	0.98974
784.6	0.99037
784.8	0.99061
785.0	0.99064
785.2	0.99122
785.4	0.99178
785.6	0.99155
785.8	0.99179
786.0	0.99194
786.2	0.99263
786.4	0.99305
786.6	0.99293
786.8	0.99294
787.0	0.99302
787.2	0.99388
787.4	0.99402
787.6	0.99386
787.8	0.99388
788.0	0.994
788.2	0.99429
788.4	0.99441
788.6	0.9944
788.8	0.99471
789.0	0.99402
789.2	0.9945
789.4	0.99425
789.6	0.99391
789.8	0.99384
790.0	0.9943
790.2	0.99417
790.4	0.99403
790.6	0.99388
790.8	0.99382
791.0	0.99325
791.2	0.99313
791.4	0.99257
791.6	0.99264
791.8	0.9922
792.0	0.99192
792.2	0.99148
792.4	0.9914
792.6	0.99128
792.8	0.99116
793.0	0.99085
793.2	0.98995
793.4	0.98997
793.6	0.98988
793.8	0.98953
794.0	0.98864
794.2	0.98838
794.4	0.9884
794.6	0.9879
794.8	0.98745
795.0	0.98443
795.2	0.98377
795.4	0.98352
795.6	0.98341
795.8	0.983
796.0	0.98288
796.2	0.98254
796.4	0.98226
796.6	0.98239
796.8	0.98179
797.0	0.98187
797.2	0.98163
797.4	0.98162
797.6	0.9815
797.8	0.98129
798.0	0.98139
798.2	0.98113
798.4	0.98107
798.6	0.98087
798.8	0.98095
799.0	0.98117
799.2	0.98093
799.4	0.98122
799.6	0.98119
799.8	0.98151
800.0	0.98125
800.2	0.98139
800.4	0.98112
800.6	0.98175
800.8	0.98197
801.0	0.98184
801.2	0.98234
801.4	0.98252
801.6	0.98263
801.8	0.98307
802.0	0.98269
802.2	0.98287
802.4	0.98341
802.6	0.98348
802.8	0.98363
803.0	0.9842
803.2	0.98388
803.4	0.98484
803.6	0.98432
803.8	0.98468
804.0	0.98508
804.2	0.98552
804.4	0.98581
804.6	0.98542
804.8	0.98519
805.0	0.98553
805.2	0.98579
805.4	0.98598
805.6	0.98612
805.8	0.98533
806.0	0.98548
806.2	0.98654
806.4	0.98601
806.6	0.98544
806.8	0.98573
807.0	0.98578
807.2	0.98566
807.4	0.98531
807.6	0.98551
807.8	0.98556
808.0	0.98493
808.2	0.98464
808.4	0.98521
808.6	0.98515
808.8	0.98423
809.0	0.98438
809.2	0.98404
809.4	0.98406
809.6	0.98455
809.8	0.9839
810.0	0.98386
810.2	0.9839
810.4	0.98352
810.6	0.98298
810.8	0.98304
811.0	0.98279
811.2	0.98278
811.4	0.98313
811.6	0.98216
811.8	0.98212
812.0	0.98247
812.2	0.98238
812.4	0.98241
812.6	0.98138
812.8	0.98151
813.0	0.98196
813.2	0.98198
813.4	0.98181
813.6	0.98166
813.8	0.9817
814.0	0.98165
814.2	0.98152
814.4	0.98137
814.6	0.9812
814.8	0.98126
815.0	0.98128
815.2	0.98154
815.4	0.98182
815.6	0.98175
815.8	0.98174
816.0	0.98287
816.2	0.98267
816.4	0.98278
816.6	0.98183
816.8	0.98307
817.0	0.98327
817.2	0.98296
817.4	0.98265
817.6	0.98326
817.8	0.98343
818.0	0.98389
818.2	0.98383
818.4	0.98412
818.6	0.98429
818.8	0.98507
819.0	0.98387
819.2	0.98407
819.4	0.98441
819.6	0.98477
819.8	0.98552
820.0	0.9867
820.2	0.98564
820.4	0.98443
820.6	0.98604
820.8	0.98658
821.0	0.98604
821.2	0.98665
821.4	0.98643
821.6	0.98639
821.8	0.98629
822.0	0.98658
822.2	0.98688
822.4	0.98623
822.6	0.98678
822.8	0.98679
823.0	0.98801
823.2	0.9872
823.4	0.98668
823.6	0.98665
823.8	0.98647
824.0	0.98684
824.2	0.9872
824.4	0.98696
824.6	0.98649
824.8	0.98643
825.0	0.98676
825.2	0.98589
825.4	0.98599
825.6	0.98684
825.8	0.98538
826.0	0.98535
826.2	0.98548
826.4	0.98493
826.6	0.98539
826.8	0.9854
827.0	0.98442
827.2	0.98428
827.4	0.98466
827.6	0.98464
827.8	0.98491
828.0	0.98428
828.2	0.98362
828.4	0.9833
828.6	0.98281
828.8	0.98263
829.0	0.98243
829.2	0.98251
829.4	0.98275
829.6	0.98248
829.8	0.98212
830.0	0.98195
830.2	0.98153
830.4	0.98171
830.6	0.98171
830.8	0.98138
831.0	0.98049
831.2	0.98067
831.4	0.98112
831.6	0.98042
831.8	0.98095
832.0	0.98078
832.2	0.98074
832.4	0.98021
832.6	0.97974
832.8	0.98031
833.0	0.98007
833.2	0.98036
833.4	0.98019
833.6	0.97964
833.8	0.97996
834.0	0.98013
834.2	0.98009
834.4	0.98025
834.6	0.98009
834.8	0.98093
835.0	0.98024
835.2	0.97989
835.4	0.98009
835.6	0.98095
835.8	0.98025
836.0	0.98014
836.2	0.98077
836.4	0.98069
836.6	0.98077
836.8	0.98039
837.0	0.98089
837.2	0.98087
837.4	0.98095
837.6	0.98117
837.8	0.98111
838.0	0.98067
838.2	0.98175
838.4	0.98168
838.6	0.98104
838.8	0.98107
839.0	0.98183
839.2	0.9813
839.4	0.98238
839.6	0.98109
839.8	0.98154
840.0	0.98181
840.2	0.98209
840.4	0.98209
840.6	0.98213
840.8	0.98172
841.0	0.98109
841.2	0.98171
841.4	0.98229
841.6	0.98212
841.8	0.98162
842.0	0.98211
842.2	0.98315
842.4	0.98149
842.6	0.98211
842.8	0.98226
843.0	0.98172
843.2	0.98153
843.4	0.98178
843.6	0.98183
843.8	0.98196
844.0	0.98188
844.2	0.98134
844.4	0.9814
844.6	0.98079
844.8	0.98102
845.0	0.98154
845.2	0.98149
845.4	0.98117
845.6	0.98056
845.8	0.9806
846.0	0.98074
846.2	0.98092
846.4	0.98085
846.6	0.98052
846.8	0.98068
847.0	0.98035
847.2	0.98068
847.4	0.98046
847.6	0.97961
847.8	0.97925
848.0	0.97961
848.2	0.97989
848.4	0.97951
848.6	0.98005
848.8	0.97948
849.0	0.97974
849.2	0.97948
849.4	0.97955
849.6	0.97917
849.8	0.97966
850.0	0.97931
850.2	0.97993
850.4	0.97971
850.6	0.97918
850.8	0.97882
851.0	0.97923
851.2	0.97892
851.4	0.97924
851.6	0.97883
851.8	0.97855
852.0	0.97925
852.2	0.97944
852.4	0.97877
852.6	0.97924
852.8	0.97908
853.0	0.97871
853.2	0.97892
853.4	0.97928
853.6	0.97922
853.8	0.97916
854.0	0.9788
854.2	0.97911
854.4	0.97903
854.6	0.9788
854.8	0.97906
855.0	0.97954
855.2	0.97955
855.4	0.97982
855.6	0.97956
855.8	0.9793
856.0	0.98049
856.2	0.98017
856.4	0.97972
856.6	0.97947
856.8	0.9797
857.0	0.97974
857.2	0.9802
857.4	0.97946
857.6	0.9799
857.8	0.97977
858.0	0.98004
858.2	0.97956
858.4	0.9799
858.6	0.98036
858.8	0.98027
859.0	0.97981
859.2	0.98004
859.4	0.97996
859.6	0.97976
859.8	0.98051
860.0	0.9803
860.2	0.97949
860.4	0.98043
860.6	0.98015
860.8	0.98018
861.0	0.97998
861.2	0.97975
861.4	0.98015
861.6	0.97966
861.8	0.98042
862.0	0.98062
862.2	0.98028
862.4	0.97983
862.6	0.98024
862.8	0.98077
863.0	0.9805
863.2	0.97967
863.4	0.97992
863.6	0.98076
863.8	0.98012
864.0	0.98036
864.2	0.98055
864.4	0.98005
864.6	0.9803
864.8	0.98066
865.0	0.97983
865.2	0.97981
865.4	0.97972
865.6	0.98054
865.8	0.98077
866.0	0.98074
866.2	0.98069
866.4	0.98015
866.6	0.9797
866.8	0.98068
867.0	0.98046
867.2	0.98091
867.4	0.98072
867.6	0.98026
867.8	0.9798
868.0	0.98043
868.2	0.98112
868.4	0.98092
868.6	0.98116
868.8	0.98109
869.0	0.98111
869.2	0.9811
869.4	0.98114
869.6	0.98136
869.8	0.98087
870.0	0.98128
870.2	0.98125
870.4	0.98151
870.6	0.98129
870.8	0.98156
871.0	0.98113
871.2	0.9812
871.4	0.9814
871.6	0.98144
871.8	0.98141
872.0	0.98178
872.2	0.98166
872.4	0.98178
872.6	0.98167
872.8	0.98167
873.0	0.9815
873.2	0.98166
873.4	0.98164
873.6	0.98161
873.8	0.9818
874.0	0.98198
874.2	0.98183
874.4	0.98181
874.6	0.9822
874.8	0.98178
875.0	0.98217
875.2	0.98185
875.4	0.98224
875.6	0.98157
875.8	0.98191
876.0	0.98163
876.2	0.98198
876.4	0.98204
876.6	0.98209
876.8	0.98216
877.0	0.98219
877.2	0.9818
877.4	0.98183
877.6	0.98181
877.8	0.98162
878.0	0.98149
878.2	0.98184
878.4	0.98144
878.6	0.98156
878.8	0.98153
879.0	0.98164
879.2	0.98153
879.4	0.98138
879.6	0.98159
879.8	0.98142
880.0	0.9814
880.2	0.98132
880.4	0.98121
880.6	0.98132
880.8	0.9811
881.0	0.9811
881.2	0.98083
881.4	0.98105
881.6	0.98089
881.8	0.98062
882.0	0.9807
882.2	0.98087
882.4	0.9809
882.6	0.98088
882.8	0.98045
883.0	0.98055
883.2	0.98039
883.4	0.98018
883.6	0.98066
883.8	0.9804
884.0	0.98027
884.2	0.98043
884.4	0.98033
884.6	0.97993
884.8	0.98052
885.0	0.98032
885.2	0.98032
885.4	0.98025
885.6	0.98019
885.8	0.98003
886.0	0.98023
886.2	0.97999
886.4	0.9801
886.6	0.98046
886.8	0.9802
887.0	0.98036
887.2	0.98035
887.4	0.98028
887.6	0.9805
887.8	0.9803
888.0	0.98043
888.2	0.98036
888.4	0.98045
888.6	0.98074
888.8	0.98082
889.0	0.98065
889.2	0.98102
889.4	0.98127
889.6	0.98083
889.8	0.98068
890.0	0.98111
890.2	0.98106
890.4	0.98135
890.6	0.98131
890.8	0.98119
891.0	0.98147
891.2	0.98139
891.4	0.98144
891.6	0.98156
891.8	0.9816
892.0	0.98179
892.2	0.98195
892.4	0.98181
892.6	0.98211
892.8	0.98209
893.0	0.98231
893.2	0.98231
893.4	0.98246
893.6	0.98244
893.8	0.98246
894.0	0.98228
894.2	0.98278
894.4	0.98301
894.6	0.98264
894.8	0.98286
895.0	0.98293
895.2	0.98305
895.4	0.98323
895.6	0.98331
895.8	0.98352
896.0	0.98337
896.2	0.98343
896.4	0.98341
896.6	0.98352
896.8	0.98341
897.0	0.98325
897.2	0.98359
897.4	0.98354
897.6	0.98345
897.8	0.98363
898.0	0.98363
898.2	0.98371
898.4	0.98339
898.6	0.98331
898.8	0.9837
899.0	0.98378
899.2	0.98368
899.4	0.98363
899.6	0.98365
899.8	0.98378
900.0	0.98365
900.2	0.98361
900.4	0.98356
900.6	0.98323
900.8	0.98322
901.0	0.98286
901.2	0.98313
901.4	0.98326
901.6	0.98298
901.8	0.98292
902.0	0.98265
902.2	0.98283
902.4	0.98275
902.6	0.98263
902.8	0.98262
903.0	0.98262
903.2	0.98264
903.4	0.98216
903.6	0.98232
903.8	0.98246
904.0	0.98234
904.2	0.98196
904.4	0.98187
904.6	0.9819
904.8	0.98196
905.0	0.98172
905.2	0.98138
905.4	0.98152
905.6	0.98137
905.8	0.98123
906.0	0.98119
906.2	0.98126
906.4	0.98075
906.6	0.9807
906.8	0.98059
907.0	0.9808
907.2	0.98072
907.4	0.98053
907.6	0.98019
907.8	0.98044
908.0	0.98035
908.2	0.98047
908.4	0.98026
908.6	0.98009
908.8	0.98011
909.0	0.98025
909.2	0.97987
909.4	0.98003
909.6	0.97976
909.8	0.97968
910.0	0.9798
910.2	0.97964
910.4	0.97959
910.6	0.97975
910.8	0.97964
911.0	0.97972
911.2	0.9795
911.4	0.97934
911.6	0.9796
911.8	0.97969
912.0	0.97943
912.2	0.97933
912.4	0.97935
912.6	0.97934
912.8	0.97963
913.0	0.97959
913.2	0.9793
913.4	0.97949
913.6	0.97927
913.8	0.97954
914.0	0.97934
914.2	0.97945
914.4	0.97951
914.6	0.9793
914.8	0.97938
915.0	0.97947
915.2	0.97956
915.4	0.9794
915.6	0.97954
915.8	0.97964
916.0	0.97993
916.2	0.97993
916.4	0.97942
916.6	0.97996
916.8	0.97962
917.0	0.97988
917.2	0.97989
917.4	0.97999
917.6	0.97977
917.8	0.97999
918.0	0.98013
918.2	0.98005
918.4	0.98019
918.6	0.97995
918.8	0.98027
919.0	0.98011
919.2	0.98032
919.4	0.98015
919.6	0.98028
919.8	0.98033
920.0	0.98044
920.2	0.98052
920.4	0.98048
920.6	0.98051
920.8	0.98068
921.0	0.98066
921.2	0.98091
921.4	0.98073
921.6	0.98079
921.8	0.98094
922.0	0.98063
922.2	0.98121
922.4	0.98118
922.6	0.98085
922.8	0.9811
923.0	0.98135
923.2	0.98099
923.4	0.98131
923.6	0.98131
923.8	0.98117
924.0	0.98127
924.2	0.98137
924.4	0.98142
924.6	0.98155
924.8	0.98158
925.0	0.98153
925.2	0.98148
925.4	0.98141
925.6	0.98167
925.8	0.98165
926.0	0.98177
926.2	0.98145
926.4	0.9815
926.6	0.98185
926.8	0.98174
927.0	0.98185
927.2	0.98181
927.4	0.98168
927.6	0.98177
927.8	0.98169
928.0	0.98191
928.2	0.98207
928.4	0.98191
928.6	0.98175
928.8	0.98222
929.0	0.98202
929.2	0.98214
929.4	0.98212
929.6	0.98202
929.8	0.98225
930.0	0.98204
930.2	0.98206
930.4	0.98218
930.6	0.98201
930.8	0.98198
931.0	0.98173
931.2	0.98223
931.4	0.98217
931.6	0.98198
931.8	0.98203
932.0	0.98271
932.2	0.98274
932.4	0.98237
932.6	0.98169
932.8	0.98279
933.0	0.98256
933.2	0.98254
933.4	0.98206
933.6	0.98218
933.8	0.98348
934.0	0.98225
934.2	0.98274
934.4	0.9808
934.6	0.98208
934.8	0.98344
935.0	0.98335
935.2	0.98238
935.4	0.98229
935.6	0.98079
935.8	0.98433
936.0	0.98155
936.2	0.9837
936.4	0.9823
936.6	0.98182
936.8	0.98202
937.0	0.98234
937.2	0.98127
937.4	0.98252
937.6	0.9834
937.8	0.98173
938.0	0.98123
938.2	0.9817
938.4	0.98277
938.6	0.98274
938.8	0.9814
939.0	0.98223
939.2	0.98206
939.4	0.98164
939.6	0.98176
939.8	0.98198
940.0	0.9817
940.2	0.98185
940.4	0.98176
940.6	0.9814
940.8	0.98187
941.0	0.98129
941.2	0.98073
941.4	0.98181
941.6	0.98134
941.8	0.98161
942.0	0.9814
942.2	0.98153
942.4	0.98067
942.6	0.98122
942.8	0.97984
943.0	0.98057
943.2	0.98234
943.4	0.9817
943.6	0.98123
943.8	0.98086
944.0	0.9805
944.2	0.98025
944.4	0.98218
944.6	0.98197
944.8	0.98127
945.0	0.98095
945.2	0.98087
945.4	0.9811
945.6	0.98037
945.8	0.98041
946.0	0.98166
946.2	0.97977
946.4	0.98155
946.6	0.98118
946.8	0.98083
947.0	0.98055
947.2	0.98087
947.4	0.98138
947.6	0.98046
947.8	0.98106
948.0	0.98072
948.2	0.97951
948.4	0.98024
948.6	0.98191
948.8	0.98064
949.0	0.98098
949.2	0.98088
949.4	0.98037
949.6	0.97957
949.8	0.98185
950.0	0.98082
950.2	0.98014
950.4	0.98141
950.6	0.98142
950.8	0.98109
951.0	0.98083
951.2	0.9808
951.4	0.98086
951.6	0.98092
951.8	0.98059
952.0	0.9809
952.2	0.98091
952.4	0.97993
952.6	0.98192
952.8	0.98119
953.0	0.9807
953.2	0.98119
953.4	0.98102
953.6	0.98096
953.8	0.98058
954.0	0.98107
954.2	0.98067
954.4	0.98103
954.6	0.98003
954.8	0.98222
955.0	0.98107
955.2	0.98094
955.4	0.98099
955.6	0.98107
955.8	0.98124
956.0	0.98114
956.2	0.98161
956.4	0.981
956.6	0.98099
956.8	0.98096
957.0	0.98164
957.2	0.98136
957.4	0.98131
957.6	0.98125
957.8	0.9811
958.0	0.98125
958.2	0.98058
958.4	0.98131
958.6	0.98151
958.8	0.98132
959.0	0.98079
959.2	0.98081
959.4	0.98126
959.6	0.98086
959.8	0.98083
960.0	0.98109
960.2	0.98087
960.4	0.98138
960.6	0.98085
960.8	0.9809
961.0	0.98143
961.2	0.98113
961.4	0.98136
961.6	0.98089
961.8	0.98123
962.0	0.98087
962.2	0.98067
962.4	0.98119
962.6	0.98116
962.8	0.98121
963.0	0.98147
963.2	0.98099
963.4	0.98106
963.6	0.98104
963.8	0.98071
964.0	0.98038
964.2	0.98062
964.4	0.98083
964.6	0.98097
964.8	0.98089
965.0	0.98138
965.2	0.98124
965.4	0.98084
965.6	0.98123
965.8	0.98088
966.0	0.98131
966.2	0.98079
966.4	0.9807
966.6	0.98104
966.8	0.98109
967.0	0.98057
967.2	0.98073
967.4	0.98084
967.6	0.98118
967.8	0.98126
968.0	0.98118
968.2	0.98062
968.4	0.98093
968.6	0.98091
968.8	0.9809
969.0	0.98131
969.2	0.98142
969.4	0.98104
969.6	0.98155
969.8	0.98159
970.0	0.98133
970.2	0.98141
970.4	0.98135
970.6	0.98194
970.8	0.98158
971.0	0.98149
971.2	0.9816
971.4	0.98189
971.6	0.98183
971.8	0.98152
972.0	0.9819
972.2	0.98173
972.4	0.98219
972.6	0.98249
972.8	0.98246
973.0	0.9829
973.2	0.98238
973.4	0.98238
973.6	0.98259
973.8	0.98246
974.0	0.9829
974.2	0.98281
974.4	0.98251
974.6	0.98247
974.8	0.98314
975.0	0.98298
975.2	0.98277
975.4	0.9829
975.6	0.98333
975.8	0.9829
976.0	0.98274
976.2	0.98295
976.4	0.98307
976.6	0.98325
976.8	0.98343
977.0	0.98333
977.2	0.98373
977.4	0.98304
977.6	0.98306
977.8	0.9832
978.0	0.98315
978.2	0.98378
978.4	0.98383
978.6	0.98315
978.8	0.98311
979.0	0.98324
979.2	0.98347
979.4	0.98328
979.6	0.98321
979.8	0.98315
980.0	0.98304
980.2	0.98313
980.4	0.98321
980.6	0.98348
980.8	0.98301
981.0	0.9834
981.2	0.98321
981.4	0.98318
981.6	0.98335
981.8	0.98315
982.0	0.98298
982.2	0.98283
982.4	0.98317
982.6	0.98276
982.8	0.98256
983.0	0.98314
983.2	0.98344
983.4	0.98303
983.6	0.98298
983.8	0.98269
984.0	0.98245
984.2	0.98252
984.4	0.98272
984.6	0.9823
984.8	0.98268
985.0	0.98273
985.2	0.98281
985.4	0.98245
985.6	0.98243
985.8	0.98216
986.0	0.98251
986.2	0.98278
986.4	0.98274
986.6	0.98227
986.8	0.98231
987.0	0.98226
987.2	0.98205
987.4	0.98197
987.6	0.98157
987.8	0.98194
988.0	0.98203
988.2	0.9821
988.4	0.98204
988.6	0.98186
988.8	0.98159
989.0	0.98157
989.2	0.98111
989.4	0.98158
989.6	0.98175
989.8	0.98123
990.0	0.98143
990.2	0.98136
990.4	0.98166
990.6	0.98143
990.8	0.98129
991.0	0.98123
991.2	0.98156
991.4	0.98126
991.6	0.98152
991.8	0.98144
992.0	0.98151
992.2	0.98102
992.4	0.98121
992.6	0.98116
992.8	0.981
993.0	0.98129
993.2	0.9813
993.4	0.98143
993.6	0.98152
993.8	0.98114
994.0	0.98126
994.2	0.98152
994.4	0.98155
994.6	0.98179
994.8	0.98206
995.0	0.98135
995.2	0.98131
995.4	0.9811
995.6	0.98149
995.8	0.98144
996.0	0.98172
996.2	0.98159
996.4	0.98206
996.6	0.98224
996.8	0.98177
997.0	0.98169
997.2	0.98168
997.4	0.98203
997.6	0.98221
997.8	0.98251
998.0	0.9826
998.2	0.98258
998.4	0.9824
998.6	0.98266
998.8	0.98258
999.0	0.98245
999.2	0.98196
999.4	0.98244
999.6	0.9831
999.8	0.98289
1000.0	0.98064
1000.2	0.98252
1000.4	0.9827
1000.6	0.98287
1000.8	0.98296
1001.0	0.98232
1001.2	0.98229
1001.4	0.98314
1001.6	0.98273
1001.8	0.98301
1002.0	0.98287
1002.2	0.98323
1002.4	0.98338
1002.6	0.98342
1002.8	0.98321
1003.0	0.98292
1003.2	0.98357
1003.4	0.98342
1003.6	0.98349
1003.8	0.98284
1004.0	0.98289
1004.2	0.9831
1004.4	0.98311
1004.6	0.98303
1004.8	0.98316
1005.0	0.98375
1005.2	0.98346
1005.4	0.98332
1005.6	0.98317
1005.8	0.98298
1006.0	0.98384
1006.2	0.98323
1006.4	0.98363
1006.6	0.98319
1006.8	0.98299
1007.0	0.98346
1007.2	0.98316
1007.4	0.98341
1007.6	0.98314
1007.8	0.98352
1008.0	0.98276
1008.2	0.98309
1008.4	0.98329
1008.6	0.98321
1008.8	0.98367
1009.0	0.98405
1009.2	0.983
1009.4	0.98291
1009.6	0.98289
1009.8	0.98266
1010.0	0.98292
1010.2	0.98332
1010.4	0.98321
1010.6	0.98242
1010.8	0.98294
1011.0	0.98279
1011.2	0.98214
1011.4	0.98218
1011.6	0.98255
1011.8	0.9819
1012.0	0.98199
1012.2	0.98187
1012.4	0.98234
1012.6	0.98243
1012.8	0.98257
1013.0	0.98208
1013.2	0.98216
1013.4	0.98221
1013.6	0.98185
1013.8	0.9818
1014.0	0.98143
1014.2	0.98188
1014.4	0.98189
1014.6	0.98157
1014.8	0.98172
1015.0	0.98134
1015.2	0.98149
1015.4	0.98121
1015.6	0.98166
1015.8	0.98106
1016.0	0.98156
1016.2	0.98133
1016.4	0.98135
1016.6	0.98122
1016.8	0.98092
1017.0	0.9819
1017.2	0.98082
1017.4	0.98126
1017.6	0.98102
1017.8	0.98128
1018.0	0.98088
1018.2	0.98069
1018.4	0.98092
1018.6	0.98068
1018.8	0.98086
1019.0	0.98089
1019.2	0.98097
1019.4	0.98087
1019.6	0.98055
1019.8	0.98102
1020.0	0.98088
1020.2	0.98102
1020.4	0.98083
1020.6	0.98091
1020.8	0.98095
1021.0	0.98155
1021.2	0.98076
1021.4	0.98083
1021.6	0.98064
1021.8	0.98061
1022.0	0.9809
1022.2	0.98111
1022.4	0.98107
1022.6	0.98165
1022.8	0.98153
1023.0	0.98162
1023.2	0.98121
1023.4	0.98131
1023.6	0.9812
1023.8	0.98194
1024.0	0.98178
1024.2	0.9816
1024.4	0.98143
1024.6	0.98216
1024.8	0.98156
1025.0	0.98116
1025.2	0.98085
1025.4	0.98117
1025.6	0.98149
1025.8	0.98166
1026.0	0.98086
1026.2	0.98187
1026.4	0.9811
1026.6	0.98198
1026.8	0.98156
1027.0	0.98102
1027.2	0.98132
1027.4	0.98141
1027.6	0.98172
1027.8	0.98186
1028.0	0.98163
1028.2	0.98174
1028.4	0.98177
1028.6	0.98219
1028.8	0.98186
1029.0	0.98155
1029.2	0.98153
1029.4	0.98116
1029.6	0.98096
1029.8	0.98166
1030.0	0.98114
1030.2	0.98102
1030.4	0.98194
1030.6	0.98242
1030.8	0.98196
1031.0	0.98154
1031.2	0.98187
1031.4	0.9824
1031.6	0.98231
1031.8	0.98145
1032.0	0.98152
1032.2	0.98147
1032.4	0.98185
1032.6	0.98166
1032.8	0.98116
1033.0	0.98115
1033.2	0.98193
1033.4	0.98182
1033.6	0.98191
1033.8	0.98149
1034.0	0.98209
1034.2	0.98146
1034.4	0.98267
1034.6	0.9814
1034.8	0.98122
1035.0	0.98188
1035.2	0.98189
1035.4	0.98111
1035.6	0.98159
1035.8	0.9809
1036.0	0.9813
1036.2	0.98132
1036.4	0.98224
1036.6	0.981
1036.8	0.98134
1037.0	0.98087
1037.2	0.98137
1037.4	0.98126
1037.6	0.98062
1037.8	0.98097
1038.0	0.98036
1038.2	0.98063
1038.4	0.98084
1038.6	0.98058
1038.8	0.9803
1039.0	0.98063
1039.2	0.97943
1039.4	0.98037
1039.6	0.98038
1039.8	0.97975
1040.0	0.98009
1040.2	0.98019
1040.4	0.97995
1040.6	0.98014
1040.8	0.97985
1041.0	0.97923
1041.2	0.97901
1041.4	0.97986
1041.6	0.97924
1041.8	0.97916
1042.0	0.97944
1042.2	0.97876
1042.4	0.97801
1042.6	0.97866
1042.8	0.97874
1043.0	0.97796
1043.2	0.97846
1043.4	0.97824
1043.6	0.97896
1043.8	0.97767
1044.0	0.97856
1044.2	0.97835
1044.4	0.97804
1044.6	0.97748
1044.8	0.97789
1045.0	0.9776
1045.2	0.97702
1045.4	0.97668
1045.6	0.97628
1045.8	0.97726
1046.0	0.97708
1046.2	0.97646
1046.4	0.97604
1046.6	0.97641
1046.8	0.9773
1047.0	0.97624
1047.2	0.97808
1047.4	0.97722
1047.6	0.97806
1047.8	0.97629
1048.0	0.97803
1048.2	0.97759
1048.4	0.97759
1048.6	0.97705
1048.8	0.97676
1049.0	0.97709
1049.2	0.97787
1049.4	0.97651
1049.6	0.9771
1049.8	0.97709
1050.0	0.9774
1050.2	0.97726
1050.4	0.9785
1050.6	0.97656
1050.8	0.97796
1051.0	0.97707
1051.2	0.97723
1051.4	0.97725
1051.6	0.9786
1051.8	0.97792
1052.0	0.97606
1052.2	0.97664
1052.4	0.97829
1052.6	0.97829
1052.8	0.9785
1053.0	0.97889
1053.2	0.97821
1053.4	0.9784
1053.6	0.97881
1053.8	0.978
1054.0	0.97865
1054.2	0.97803
1054.4	0.97847
1054.6	0.97919
1054.8	0.97875
1055.0	0.97803
1055.2	0.97798
1055.4	0.97774
1055.6	0.97776
1055.8	0.97699
1056.0	0.97873
1056.2	0.97819
1056.4	0.97892
1056.6	0.97942
1056.8	0.97886
1057.0	0.97952
1057.2	0.97978
1057.4	0.97884
1057.6	0.97928
1057.8	0.9791
1058.0	0.97842
1058.2	0.97838
1058.4	0.97999
1058.6	0.97821
1058.8	0.97918
1059.0	0.97864
1059.2	0.97805
1059.4	0.97765
1059.6	0.9799
1059.8	0.9797
1060.0	0.97907
1060.2	0.97904
1060.4	0.97855
1060.6	0.97984
1060.8	0.97902
1061.0	0.97906
1061.2	0.97887
1061.4	0.97992
1061.6	0.97912
1061.8	0.97865
1062.0	0.97931
1062.2	0.97835
1062.4	0.97903
1062.6	0.97929
1062.8	0.97876
1063.0	0.97993
1063.2	0.97798
1063.4	0.97811
1063.6	0.97929
1063.8	0.97951
1064.0	0.97845
1064.2	0.97791
1064.4	0.97872
1064.6	0.97892
1064.8	0.97803
1065.0	0.97707
1065.2	0.97846
1065.4	0.97998
1065.6	0.97847
1065.8	0.97809
1066.0	0.9779
1066.2	0.97665
1066.4	0.97785
1066.6	0.97798
1066.8	0.97726
1067.0	0.97879
1067.2	0.97768
1067.4	0.97769
1067.6	0.97825
1067.8	0.97701
1068.0	0.97653
1068.2	0.9776
1068.4	0.97693
1068.6	0.9782
1068.8	0.97735
1069.0	0.9772
1069.2	0.97619
1069.4	0.97811
1069.6	0.97736
1069.8	0.97578
1070.0	0.97634
1070.2	0.97682
1070.4	0.97738
1070.6	0.97757
1070.8	0.97704
1071.0	0.97763
1071.2	0.9776
1071.4	0.97636
1071.6	0.97648
1071.8	0.97848
1072.0	0.97805
1072.2	0.9765
1072.4	0.97761
1072.6	0.97676
1072.8	0.97567
1073.0	0.97708
1073.2	0.97641
1073.4	0.9779
1073.6	0.97786
1073.8	0.97706
1074.0	0.97804
1074.2	0.97677
1074.4	0.97695
1074.6	0.97719
1074.8	0.97768
1075.0	0.97718
1075.2	0.97667
1075.4	0.97632
1075.6	0.97752
1075.8	0.97677
1076.0	0.97657
1076.2	0.97794
1076.4	0.97709
1076.6	0.97583
1076.8	0.97681
1077.0	0.97801
1077.2	0.9772
1077.4	0.97779
1077.6	0.97737
1077.8	0.97589
1078.0	0.97792
1078.2	0.97801
1078.4	0.97774
1078.6	0.97709
1078.8	0.97785
1079.0	0.97869
1079.2	0.97763
1079.4	0.97769
1079.6	0.97749
1079.8	0.97779
1080.0	0.97807
1080.2	0.97809
1080.4	0.9788
1080.6	0.97997
1080.8	0.9779
1081.0	0.97723
1081.2	0.97808
1081.4	0.9798
1081.6	0.97916
1081.8	0.9782
1082.0	0.97884
1082.2	0.97876
1082.4	0.97912
1082.6	0.98072
1082.8	0.97863
1083.0	0.97954
1083.2	0.98
1083.4	0.97962
1083.6	0.97959
1083.8	0.97952
1084.0	0.97845
1084.2	0.97907
1084.4	0.97885
1084.6	0.98018
1084.8	0.97959
1085.0	0.98048
1085.2	0.98036
1085.4	0.97898
1085.6	0.97872
1085.8	0.98112
1086.0	0.97885
1086.2	0.97965
1086.4	0.98005
1086.6	0.97935
1086.8	0.98097
1087.0	0.97931
1087.2	0.97978
1087.4	0.97996
1087.6	0.98086
1087.8	0.97921
1088.0	0.97949
1088.2	0.98024
1088.4	0.98034
1088.6	0.97861
1088.8	0.98038
1089.0	0.98016
1089.2	0.9826
1089.4	0.97936
1089.6	0.97968
1089.8	0.97865
1090.0	0.9809
1090.2	0.97926
1090.4	0.98038
1090.6	0.98103
1090.8	0.98051
1091.0	0.98142
1091.2	0.98123
1091.4	0.97986
1091.6	0.9813
1091.8	0.98195
1092.0	0.98053
1092.2	0.98038
1092.4	0.98069
1092.6	0.97914
1092.8	0.97798
1093.0	0.97947
1093.2	0.9784
1093.4	0.97915
1093.6	0.97948
1093.8	0.97823
1094.0	0.97834
1094.2	0.98036
1094.4	0.98048
1094.6	0.9773
1094.8	0.97847
1095.0	0.979
1095.2	0.97782
1095.4	0.97781
1095.6	0.97978
1095.8	0.97892
1096.0	0.97931
1096.2	0.9798
1096.4	0.97787
1096.6	0.97936
1096.8	0.97886
1097.0	0.97667
1097.2	0.9775
1097.4	0.97699
1097.6	0.98023
1097.8	0.97558
1098.0	0.9769
1098.2	0.97679
1098.4	0.97964
1098.6	0.97603
1098.8	0.97682
1099.0	0.97593
1099.2	0.9777
1099.4	0.97627
1099.6	0.9759
1099.8	0.97656
1100.0	0.97585
1100.2	0.97587
1100.4	0.97667
1100.6	0.97686
1100.8	0.97612
1101.0	0.97591
1101.2	0.97688
1101.4	0.97589
1101.6	0.97495
1101.8	0.97391
1102.0	0.97566
1102.2	0.97479
1102.4	0.97599
1102.6	0.97727
1102.8	0.97308
1103.0	0.97447
1103.2	0.97668
1103.4	0.97475
1103.6	0.976
1103.8	0.97684
1104.0	0.97721
1104.2	0.9759
1104.4	0.97531
1104.6	0.97422
1104.8	0.97353
1105.0	0.97269
1105.2	0.97408
1105.4	0.97264
1105.6	0.97526
1105.8	0.97565
1106.0	0.9738
1106.2	0.97564
1106.4	0.97738
1106.6	0.9759
1106.8	0.97154
1107.0	0.97641
1107.2	0.97618
1107.4	0.97364
1107.6	0.97458
1107.8	0.97455
1108.0	0.97442
1108.2	0.97306
1108.4	0.97463
1108.6	0.97572
1108.8	0.97319
1109.0	0.9766
1109.2	0.97602
1109.4	0.97802
1109.6	0.97552
1109.8	0.97614
1110.0	0.97687
1110.2	0.97527
1110.4	0.97502
1110.6	0.97524
1110.8	0.97629
1111.0	0.97741
1111.2	0.97517
1111.4	0.97529
1111.6	0.97541
1111.8	0.97477
1112.0	0.97512
1112.2	0.97694
1112.4	0.97569
1112.6	0.97538
1112.8	0.9759
1113.0	0.97815
1113.2	0.97867
1113.4	0.97656
1113.6	0.9778
1113.8	0.97747
1114.0	0.97604
1114.2	0.97555
1114.4	0.97698
1114.6	0.9747
1114.8	0.9798
1115.0	0.97495
1115.2	0.97686
1115.4	0.97684
1115.6	0.97448
1115.8	0.97554
1116.0	0.97558
1116.2	0.97674
1116.4	0.97727
1116.6	0.97786
1116.8	0.97961
1117.0	0.97363
1117.2	0.97992
1117.4	0.97583
1117.6	0.97649
1117.8	0.98064
1118.0	0.98132
1118.2	0.97911
1118.4	0.97603
1118.6	0.97539
1118.8	0.97606
1119.0	0.977
1119.2	0.97588
1119.4	0.97635
1119.6	0.97912
1119.8	0.97758
1120.0	0.97959
1120.2	0.97329
1120.4	0.97685
1120.6	0.97699
1120.8	0.97645
1121.0	0.98772
1121.2	0.9875
1121.4	0.98727
1121.6	0.98704
1121.8	0.98681
1122.0	0.98659
1122.2	0.98662
1122.4	0.98665
1122.6	0.98668
1122.8	0.98671
1123.0	0.98673
1123.2	0.98656
1123.4	0.98639
1123.6	0.98622
1123.8	0.98605
1124.0	0.98588
1124.2	0.98596
1124.4	0.98603
1124.6	0.9861
1124.8	0.98617
1125.0	0.98625
1125.2	0.98612
1125.4	0.98599
1125.6	0.98587
1125.8	0.98574
1126.0	0.98562
1126.2	0.98557
1126.4	0.98553
1126.6	0.98548
1126.8	0.98543
1127.0	0.98538
1127.2	0.98508
1127.4	0.98478
1127.6	0.98448
1127.8	0.98418
1128.0	0.9839
1128.2	0.98391
1128.4	0.98391
1128.6	0.98392
1128.8	0.98393
1129.0	0.98394
1129.2	0.98392
1129.4	0.98391
1129.6	0.98389
1129.8	0.98388
1130.0	0.98386
1130.2	0.98376
1130.4	0.98367
1130.6	0.98357
1130.8	0.98347
1131.0	0.98337
1131.2	0.98334
1131.4	0.9833
1131.6	0.98327
1131.8	0.98323
1132.0	0.98319
1132.2	0.98314
1132.4	0.98308
1132.6	0.98302
1132.8	0.98296
1133.0	0.98289
1133.2	0.98276
1133.4	0.98262
1133.6	0.98249
1133.8	0.98235
1134.0	0.98222
1134.2	0.98222
1134.4	0.98221
1134.6	0.9822
1134.8	0.9822
1135.0	0.98219
1135.2	0.98213
1135.4	0.98206
1135.6	0.982
1135.8	0.98193
1136.0	0.98187
1136.2	0.98189
1136.4	0.98191
1136.6	0.98193
1136.8	0.98195
1137.0	0.98197
1137.2	0.98192
1137.4	0.98187
1137.6	0.98183
1137.8	0.98178
1138.0	0.98174
1138.2	0.98174
1138.4	0.98174
1138.6	0.98175
1138.8	0.98175
1139.0	0.98176
1139.2	0.98182
1139.4	0.98188
1139.6	0.98194
1139.8	0.982
1140.0	0.98206
1140.2	0.98209
1140.4	0.98213
1140.6	0.98217
1140.8	0.9822
1141.0	0.98224
1141.2	0.9823
1141.4	0.98237
1141.6	0.98243
1141.8	0.98249
1142.0	0.98256
1142.2	0.98261
1142.4	0.98265
1142.6	0.9827
1142.8	0.98275
1143.0	0.9828
1143.2	0.9829
1143.4	0.983
1143.6	0.98309
1143.8	0.98319
1144.0	0.98329
1144.2	0.98342
1144.4	0.98355
1144.6	0.98368
1144.8	0.98381
1145.0	0.98394
1145.2	0.98401
1145.4	0.98407
1145.6	0.98414
1145.8	0.98421
1146.0	0.98427
1146.2	0.98431
1146.4	0.98434
1146.6	0.98437
1146.8	0.9844
1147.0	0.98443
1147.2	0.98453
1147.4	0.98463
1147.6	0.98474
1147.8	0.98484
1148.0	0.98494
1148.2	0.98521
1148.4	0.98549
1148.6	0.98576
1148.8	0.98604
1149.0	0.98631
1149.2	0.9864
1149.4	0.9865
1149.6	0.98659
1149.8	0.98668
1150.0	0.98677
1150.2	0.98654
1150.4	0.98631
1150.6	0.98608
1150.8	0.98585
1151.0	0.98563
1151.2	0.9857
1151.4	0.98578
1151.6	0.98585
1151.8	0.98592
1152.0	0.986
1152.2	0.98602
1152.4	0.98604
1152.6	0.98607
1152.8	0.98609
1153.0	0.98611
1153.2	0.98605
1153.4	0.98598
1153.6	0.98592
1153.8	0.98586
1154.0	0.98579
1154.2	0.9857
1154.4	0.9856
1154.6	0.98551
1154.8	0.98542
1155.0	0.98533
1155.2	0.98534
1155.4	0.98536
1155.6	0.98537
1155.8	0.98538
1156.0	0.9854
1156.2	0.98536
1156.4	0.98532
1156.6	0.98529
1156.8	0.98525
1157.0	0.98522
1157.2	0.98516
1157.4	0.9851
1157.6	0.98505
1157.8	0.98499
1158.0	0.98493
1158.2	0.98491
1158.4	0.98488
1158.6	0.98486
1158.8	0.98483
1159.0	0.98481
1159.2	0.98478
1159.4	0.98474
1159.6	0.98471
1159.8	0.98468
1160.0	0.98465
1160.2	0.9846
1160.4	0.98455
1160.6	0.9845
1160.8	0.98445
1161.0	0.9844
1161.2	0.98432
1161.4	0.98424
1161.6	0.98417
1161.8	0.98409
1162.0	0.98402
1162.2	0.98394
1162.4	0.98386
1162.6	0.98378
1162.8	0.9837
1163.0	0.98362
1163.2	0.98358
1163.4	0.98354
1163.6	0.9835
1163.8	0.98346
1164.0	0.98342
1164.2	0.98339
1164.4	0.98336
1164.6	0.98333
1164.8	0.9833
1165.0	0.98327
1165.2	0.98332
1165.4	0.98336
1165.6	0.98341
1165.8	0.98345
1166.0	0.9835
1166.2	0.98344
1166.4	0.98338
1166.6	0.98333
1166.8	0.98327
1167.0	0.98321
1167.2	0.98317
1167.4	0.98313
1167.6	0.98309
1167.8	0.98305
1168.0	0.98301
1168.2	0.9831
1168.4	0.98318
1168.6	0.98327
1168.8	0.98336
1169.0	0.98344
1169.2	0.98345
1169.4	0.98346
1169.6	0.98347
1169.8	0.98348
1170.0	0.98349
1170.2	0.98359
1170.4	0.98369
1170.6	0.98379
1170.8	0.98389
1171.0	0.98398
1171.2	0.98405
1171.4	0.98411
1171.6	0.98417
1171.8	0.98423
1172.0	0.9843
1172.2	0.98444
1172.4	0.98458
1172.6	0.98473
1172.8	0.98487
1173.0	0.98502
1173.2	0.98511
1173.4	0.9852
1173.6	0.98529
1173.8	0.98538
1174.0	0.98547
1174.2	0.98564
1174.4	0.98581
1174.6	0.98597
1174.8	0.98614
1175.0	0.98631
1175.2	0.98638
1175.4	0.98644
1175.6	0.98651
1175.8	0.98658
1176.0	0.98665
1176.2	0.98682
1176.4	0.98699
1176.6	0.98716
1176.8	0.98732
1177.0	0.98749
1177.2	0.98758
1177.4	0.98767
1177.6	0.98776
1177.8	0.98786
1178.0	0.98795
1178.2	0.98802
1178.4	0.9881
1178.6	0.98817
1178.8	0.98825
1179.0	0.98833
1179.2	0.9885
1179.4	0.98866
1179.6	0.98883
1179.8	0.989
1180.0	0.98916
1180.2	0.98927
1180.4	0.98937
1180.6	0.98948
1180.8	0.98958
1181.0	0.98969
1181.2	0.98975
1181.4	0.98981
1181.6	0.98987
1181.8	0.98994
1182.0	0.99
1182.2	0.99015
1182.4	0.9903
1182.6	0.99046
1182.8	0.99061
1183.0	0.99075
1183.2	0.99075
1183.4	0.99075
1183.6	0.99075
1183.8	0.99074
1184.0	0.99074
1184.2	0.99069
1184.4	0.99064
1184.6	0.99059
1184.8	0.99053
1185.0	0.99048
1185.2	0.9905
1185.4	0.99051
1185.6	0.99053
1185.8	0.99054
1186.0	0.99055
1186.2	0.99056
1186.4	0.99058
1186.6	0.99059
1186.8	0.9906
1187.0	0.99061
1187.2	0.99054
1187.4	0.99048
1187.6	0.99041
1187.8	0.99035
1188.0	0.99028
1188.2	0.99013
1188.4	0.98997
1188.6	0.98982
1188.8	0.98966
1189.0	0.98951
1189.2	0.98945
1189.4	0.98938
1189.6	0.98932
1189.8	0.98925
1190.0	0.98919
1190.2	0.98905
1190.4	0.98891
1190.6	0.98877
1190.8	0.98864
1191.0	0.9885
1191.2	0.98835
1191.4	0.98821
1191.6	0.98806
1191.8	0.98792
1192.0	0.98777
1192.2	0.98758
1192.4	0.9874
1192.6	0.98721
1192.8	0.98703
1193.0	0.98684
1193.2	0.98676
1193.4	0.98667
1193.6	0.98658
1193.8	0.98649
1194.0	0.9864
1194.2	0.9862
1194.4	0.986
1194.6	0.9858
1194.8	0.98561
1195.0	0.98541
1195.2	0.98537
1195.4	0.98532
1195.6	0.98527
1195.8	0.98522
1196.0	0.98517
1196.2	0.98497
1196.4	0.98477
1196.6	0.98457
1196.8	0.98437
1197.0	0.98417
1197.2	0.9841
1197.4	0.98402
1197.6	0.98395
1197.8	0.98387
1198.0	0.9838
1198.2	0.98375
1198.4	0.98371
1198.6	0.98366
1198.8	0.98361
1199.0	0.98357
1199.2	0.98348
1199.4	0.98339
1199.6	0.98331
1199.8	0.98322
1200.0	0.98313
