350.000	0.000
351.000	0.000
352.000	0.000
353.000	0.000
354.000	0.000
355.000	0.000
356.000	0.000
357.000	0.000
358.000	0.000
359.000	0.000
360.000	0.000
361.000	0.000
362.000	0.000
363.000	0.000
364.000	0.000
365.000	0.000
366.000	0.000
367.000	0.000
368.000	0.000
369.000	0.000
370.000	0.000
371.000	0.000
372.000	0.000
373.000	0.000
374.000	0.000
375.000	0.000
376.000	0.000
377.000	0.000
378.000	0.000
379.000	0.000
380.000	0.000
381.000	0.000
382.000	0.000
383.000	0.000
384.000	0.000
385.000	0.000
386.000	0.000
387.000	0.000
388.000	0.000
389.000	0.000
390.000	0.000
391.000	0.000
392.000	0.000
393.000	0.000
394.000	0.000
395.000	0.000
396.000	0.000
397.000	0.000
398.000	0.000
399.000	0.000
400.000	0.000
401.000	0.000
402.000	0.000
403.000	0.000
404.000	0.000
405.000	0.000
406.000	0.000
407.000	0.000
408.000	0.000
409.000	0.000
410.000	0.000
411.000	0.000
412.000	0.000
413.000	0.000
414.000	0.000
415.000	0.000
416.000	0.000
417.000	0.000
418.000	0.000
419.000	0.000
420.000	0.000
421.000	0.000
422.000	0.000
423.000	0.000
424.000	0.000
425.000	0.000
426.000	0.000
427.000	0.000
428.000	0.000
429.000	0.000
430.000	0.000
431.000	0.000
432.000	0.000
433.000	0.000
434.000	0.000
435.000	0.000
436.000	0.000
437.000	0.000
438.000	0.000
439.000	0.000
440.000	0.000
441.000	0.000
442.000	0.000
443.000	0.006
444.000	0.012
445.000	0.018
446.000	0.053
447.000	0.122
448.000	0.197
449.000	0.274
450.000	0.351
451.000	0.429
452.000	0.506
453.000	0.607
454.000	0.702
455.000	0.699
456.000	0.646
457.000	0.572
458.000	0.545
459.000	0.594
460.000	0.649
461.000	0.703
462.000	0.742
463.000	0.736
464.000	0.707
465.000	0.678
466.000	0.688
467.000	0.709
468.000	0.725
469.000	0.687
470.000	0.649
471.000	0.533
472.000	0.295
473.000	0.080
474.000	0.016
475.000	0.011
476.000	0.000
477.000	0.000
478.000	0.000
479.000	0.000
480.000	0.000
481.000	0.000
482.000	0.000
483.000	0.000
484.000	0.000
485.000	0.000
486.000	0.000
487.000	0.000
488.000	0.000
489.000	0.000
490.000	0.000
491.000	0.000
492.000	0.000
493.000	0.000
494.000	0.000
495.000	0.000
496.000	0.000
497.000	0.000
498.000	0.000
499.000	0.000
500.000	0.000
501.000	0.000
502.000	0.000
503.000	0.000
504.000	0.000
505.000	0.000
506.000	0.000
507.000	0.000
508.000	0.000
509.000	0.000
510.000	0.000
511.000	0.011
512.000	0.045
513.000	0.185
514.000	0.356
515.000	0.576
516.000	0.724
517.000	0.747
518.000	0.737
519.000	0.727
520.000	0.721
521.000	0.750
522.000	0.778
523.000	0.796
524.000	0.800
525.000	0.804
526.000	0.780
527.000	0.788
528.000	0.804
529.000	0.820
530.000	0.836
531.000	0.840
532.000	0.823
533.000	0.811
534.000	0.804
535.000	0.797
536.000	0.790
537.000	0.788
538.000	0.787
539.000	0.785
540.000	0.726
541.000	0.577
542.000	0.517
543.000	0.516
544.000	0.514
545.000	0.507
546.000	0.206
547.000	0.086
548.000	0.003
549.000	0.000
550.000	0.000
551.000	0.000
552.000	0.000
553.000	0.000
554.000	0.000
555.000	0.000
556.000	0.000
557.000	0.000
558.000	0.000
559.000	0.000
560.000	0.000
561.000	0.000
562.000	0.000
563.000	0.000
564.000	0.000
565.000	0.000
566.000	0.000
567.000	0.000
568.000	0.000
569.000	0.000
570.000	0.000
571.000	0.000
572.000	0.000
573.000	0.000
574.000	0.000
575.000	0.000
576.000	0.000
577.000	0.000
578.000	0.000
579.000	0.000
580.000	0.000
581.000	0.000
582.000	0.000
583.000	0.000
584.000	0.000
585.000	0.000
586.000	0.000
587.000	0.000
588.000	0.000
589.000	0.000
590.000	0.000
591.000	0.000
592.000	0.000
593.000	0.000
594.000	0.000
595.000	0.000
596.000	0.000
597.000	0.005
598.000	0.015
599.000	0.046
600.000	0.162
601.000	0.428
602.000	0.612
603.000	0.638
604.000	0.618
605.000	0.667
606.000	0.726
607.000	0.782
608.000	0.808
609.000	0.801
610.000	0.794
611.000	0.787
612.000	0.791
613.000	0.799
614.000	0.800
615.000	0.800
616.000	0.800
617.000	0.804
618.000	0.818
619.000	0.831
620.000	0.837
621.000	0.838
622.000	0.840
623.000	0.841
624.000	0.846
625.000	0.850
626.000	0.855
627.000	0.860
628.000	0.858
629.000	0.852
630.000	0.847
631.000	0.810
632.000	0.810
633.000	0.810
634.000	0.810
635.000	0.814
636.000	0.824
637.000	0.833
638.000	0.832
639.000	0.826
640.000	0.767
641.000	0.704
642.000	0.640
643.000	0.593
644.000	0.587
645.000	0.626
646.000	0.653
647.000	0.656
648.000	0.646
649.000	0.629
650.000	0.531
651.000	0.426
652.000	0.302
653.000	0.178
654.000	0.099
655.000	0.051
656.000	0.027
657.000	0.010
658.000	0.004
659.000	0.000
660.000	0.000
661.000	0.000
662.000	0.000
663.000	0.000
664.000	0.000
665.000	0.000
666.000	0.000
667.000	0.000
668.000	0.000
669.000	0.000
670.000	0.000
671.000	0.000
672.000	0.000
673.000	0.000
674.000	0.000
675.000	0.000
676.000	0.000
677.000	0.000
678.000	0.000
679.000	0.000
680.000	0.000
681.000	0.000
682.000	0.000
683.000	0.000
684.000	0.000
685.000	0.000
686.000	0.000
687.000	0.000
688.000	0.000
689.000	0.000
690.000	0.000
691.000	0.000
692.000	0.000
693.000	0.000
694.000	0.000
695.000	0.000
696.000	0.000
697.000	0.000
698.000	0.000
699.000	0.000
700.000	0.000
701.000	0.000
702.000	0.000
703.000	0.000
704.000	0.000
705.000	0.000
706.000	0.000
707.000	0.000
708.000	0.000
709.000	0.000
710.000	0.000
711.000	0.000
712.000	0.000
713.000	0.000
714.000	0.000
715.000	0.000
716.000	0.000
717.000	0.000
718.000	0.000
719.000	0.000
720.000	0.000
721.000	0.000
722.000	0.000
723.000	0.000
724.000	0.000
725.000	0.000
726.000	0.000
727.000	0.000
728.000	0.000
729.000	0.000
730.000	0.000
731.000	0.000
732.000	0.000
733.000	0.000
734.000	0.000
735.000	0.000
736.000	0.000
737.000	0.000
738.000	0.000
739.000	0.000
740.000	0.000
741.000	0.000
742.000	0.000
743.000	0.000
744.000	0.000
745.000	0.000
746.000	0.000
747.000	0.000
748.000	0.000
749.000	0.000
750.000	0.000
751.000	0.000
752.000	0.000
753.000	0.000
754.000	0.000
755.000	0.000
756.000	0.000
757.000	0.000
758.000	0.000
759.000	0.000
760.000	0.000
761.000	0.000
762.000	0.000
763.000	0.000
764.000	0.000
765.000	0.000
766.000	0.000
767.000	0.000
768.000	0.000
769.000	0.000
770.000	0.000
771.000	0.000
772.000	0.000
773.000	0.000
774.000	0.000
775.000	0.000
776.000	0.000
777.000	0.000
778.000	0.000
779.000	0.000
780.000	0.000
781.000	0.000
782.000	0.000
783.000	0.000
784.000	0.000
785.000	0.000
786.000	0.000
787.000	0.000
788.000	0.000
789.000	0.000
790.000	0.000
791.000	0.000
792.000	0.000
793.000	0.000
794.000	0.000
795.000	0.000
796.000	0.000
797.000	0.000
798.000	0.000
799.000	0.000
800.000	0.000
