300.00	9.99999974738E-6
301.00	9.99999974738E-6
302.00	9.99999974738E-6
303.00	9.99999974738E-6
304.00	9.99999974738E-6
305.00	9.99999974738E-6
306.00	9.99999974738E-6
307.00	9.99999974738E-6
308.00	9.99999974738E-6
309.00	9.99999974738E-6
310.00	9.99999974738E-6
311.00	9.99999974738E-6
312.00	9.99999974738E-6
313.00	9.99999974738E-6
314.00	9.99999974738E-6
315.00	9.99999974738E-6
316.00	9.99999974738E-6
317.00	9.99999974738E-6
318.00	9.99999974738E-6
319.00	9.99999974738E-6
320.00	9.99999974738E-6
321.00	9.99999974738E-6
322.00	9.99999974738E-6
323.00	9.99999974738E-6
324.00	9.99999974738E-6
325.00	9.99999974738E-6
326.00	9.99999974738E-6
327.00	9.99999974738E-6
328.00	9.99999974738E-6
329.00	9.99999974738E-6
330.00	9.99999974738E-6
331.00	9.99999974738E-6
332.00	9.99999974738E-6
333.00	9.99999974738E-6
334.00	9.99999974738E-6
335.00	9.99999974738E-6
336.00	9.99999974738E-6
337.00	9.99999974738E-6
338.00	9.99999974738E-6
339.00	1.12915004138E-5
340.00	1.62795004144E-5
341.00	2.81180000457E-5
342.00	4.0199898649E-5
343.00	6.22712032055E-5
344.00	9.02641986613E-5
345.00	0.000138992996654
346.00	0.000213346997043
347.00	0.000319349986967
348.00	0.000497465021908
349.00	0.000755817978643
350.00	0.00115232996177
351.00	0.00171544996556
352.00	0.00253905006684
353.00	0.00369413988665
354.00	0.00523624010384
355.00	0.00722956983373
356.00	0.0097388997674
357.00	0.0123832002282
358.00	0.0158050991595
359.00	0.0199405997992
360.00	0.0246626008302
361.00	0.0302390009165
362.00	0.03683109954
363.00	0.0443447008729
364.00	0.0523957982659
365.00	0.0605604983866
366.00	0.0685769990087
367.00	0.0766640976071
368.00	0.0853947028518
369.00	0.0953736975789
370.00	0.106587000191
371.00	0.118569001555
372.00	0.130549997091
373.00	0.141916006804
374.00	0.151758998632
375.00	0.160761997104
376.00	0.170071005821
377.00	0.180129006505
378.00	0.191054999828
379.00	0.202460005879
380.00	0.213534995914
381.00	0.224283993244
382.00	0.234360992908
383.00	0.243984997272
384.00	0.25418099761
385.00	0.265435010195
386.00	0.277022004128
387.00	0.28796800971
388.00	0.297066003084
389.00	0.303436994553
390.00	0.30745100975
391.00	0.311426997185
392.00	0.31720200181
393.00	0.326658993959
394.00	0.340833991766
395.00	0.35791400075
396.00	0.37477299571
397.00	0.388354986906
398.00	0.394053012133
399.00	0.390863001347
400.00	0.381152004004
401.00	0.368313997984
402.00	0.358240991831
403.00	0.35633701086
404.00	0.364515006542
405.00	0.381426990032
406.00	0.403490006924
407.00	0.425363004208
408.00	0.441532999277
409.00	0.447230994701
410.00	0.439633011818
411.00	0.419476002455
412.00	0.392356008291
413.00	0.36397600174
414.00	0.342034012079
415.00	0.331425994635
416.00	0.332341998816
417.00	0.340409994125
418.00	0.352885007858
419.00	0.367145985365
420.00	0.379747986794
421.00	0.388386011124
422.00	0.391323000193
423.00	0.387892007828
424.00	0.375236004591
425.00	0.349575012922
426.00	0.311940014362
427.00	0.269125014544
428.00	0.232185006142
429.00	0.204401999712
430.00	0.185662999749
431.00	0.176216006279
432.00	0.177516996861
433.00	0.194119006395
434.00	0.218987002969
435.00	0.232590004802
436.00	0.222293004394
437.00	0.187942996621
438.00	0.135215997696
439.00	0.0800679028034
440.00	0.0405021011829
441.00	0.0201446991414
442.00	0.0112386001274
443.00	0.00738529022783
444.00	0.004987699911
445.00	0.00360644003376
446.00	0.00272766989656
447.00	0.00214637001045
448.00	0.00174962996971
449.00	0.00145998003427
450.00	0.00125899002887
451.00	0.0011067900341
452.00	0.000992060056888
453.00	0.000909629976377
454.00	0.000847968971357
455.00	0.000800865003839
456.00	0.000770871003624
457.00	0.000752814987209
458.00	0.000743122014683
459.00	0.000749711005483
460.00	0.000764835975133
461.00	0.000786415010225
462.00	0.000815943989437
463.00	0.000867181981448
464.00	0.000929773028474
465.00	0.00100855005439
466.00	0.0011057399679
467.00	0.00122555997223
468.00	0.0013801100431
469.00	0.00157948001288
470.00	0.00181698997039
471.00	0.00213186000474
472.00	0.00253635994159
473.00	0.00305208005011
474.00	0.00372592010535
475.00	0.00463035982102
476.00	0.00583984982222
477.00	0.00749377021566
478.00	0.00974977016449
479.00	0.0125425998122
480.00	0.0170310996473
481.00	0.0235288999975
482.00	0.033120200038
483.00	0.0469279997051
484.00	0.0668127015233
485.00	0.0943024978042
486.00	0.129773005843
487.00	0.174228996038
488.00	0.225178003311
489.00	0.279976993799
490.00	0.336733013391
491.00	0.391571998596
492.00	0.443529993296
493.00	0.494538992643
494.00	0.546734988689
495.00	0.604757010937
496.00	0.671069979668
497.00	0.740921974182
498.00	0.809863984585
499.00	0.868517994881
500.00	0.91142898798
501.00	0.936533987522
502.00	0.94749301672
503.00	0.952482998371
504.00	0.953343987465
505.00	0.954967975616
506.00	0.955862998962
507.00	0.956288993359
508.00	0.957065999508
509.00	0.956991970539
510.00	0.955321013927
511.00	0.95455801487
512.00	0.954508006573
513.00	0.953718006611
514.00	0.954325020313
515.00	0.956686973572
516.00	0.958697974682
517.00	0.96147698164
518.00	0.964819014072
519.00	0.968240022659
520.00	0.970870018005
521.00	0.973527014256
522.00	0.974911987782
523.00	0.975360989571
524.00	0.975998997688
525.00	0.9747210145
526.00	0.972526013851
527.00	0.971392989159
528.00	0.969126999378
529.00	0.966566026211
530.00	0.964911997318
531.00	0.963167011738
532.00	0.961395025253
533.00	0.960339009762
534.00	0.959479987621
535.00	0.959331989288
536.00	0.959178984165
537.00	0.959692001343
538.00	0.959794998169
539.00	0.960888028145
540.00	0.961830973625
541.00	0.962526977062
542.00	0.963757991791
543.00	0.965301990509
544.00	0.965685009956
545.00	0.967415988445
546.00	0.96906799078
547.00	0.969721972942
548.00	0.97087597847
549.00	0.972760021687
550.00	0.973807990551
551.00	0.97412699461
552.00	0.975594997406
553.00	0.975576996803
554.00	0.975718021393
555.00	0.976527988911
556.00	0.97562199831
557.00	0.975004017353
558.00	0.975271999836
559.00	0.973618984222
560.00	0.971709012985
561.00	0.971315026283
562.00	0.969627976418
563.00	0.967244029045
564.00	0.965903997421
565.00	0.964330017567
566.00	0.962035000324
567.00	0.961413025856
568.00	0.959738016129
569.00	0.958679974079
570.00	0.958446025848
571.00	0.958271980286
572.00	0.958750009537
573.00	0.959285020828
574.00	0.959640979767
575.00	0.960864007473
576.00	0.963069975376
577.00	0.964543998241
578.00	0.966507017612
579.00	0.96912497282
580.00	0.970974981785
581.00	0.972765982151
582.00	0.975255012512
583.00	0.977213978767
584.00	0.978146970272
585.00	0.98004502058
586.00	0.981222987175
587.00	0.981688976288
588.00	0.982083976269
589.00	0.982122004032
590.00	0.981778025627
591.00	0.980991005898
592.00	0.980350971222
593.00	0.978330016136
594.00	0.977285027504
595.00	0.975878000259
596.00	0.973308026791
597.00	0.971239984035
598.00	0.969456970692
599.00	0.967078983784
600.00	0.964694023132
601.00	0.963283002377
602.00	0.961179971695
603.00	0.959636986256
604.00	0.958328008652
605.00	0.957013010979
606.00	0.955766022205
607.00	0.956107020378
608.00	0.95468300581
609.00	0.954560995102
610.00	0.955446004868
611.00	0.955555975437
612.00	0.956246972084
613.00	0.957755982876
614.00	0.958647012711
615.00	0.959680020809
616.00	0.961930990219
617.00	0.963348984718
618.00	0.965224027634
619.00	0.967392981052
620.00	0.969452023506
621.00	0.971176981926
622.00	0.973429977894
623.00	0.974909007549
624.00	0.976405024529
625.00	0.97777402401
626.00	0.979408025742
627.00	0.97964400053
628.00	0.980217993259
629.00	0.980409026146
630.00	0.979372024536
631.00	0.978881001472
632.00	0.977694988251
633.00	0.9756270051
634.00	0.973854005337
635.00	0.971448004246
636.00	0.967934012413
637.00	0.965054988861
638.00	0.961755990982
639.00	0.957633018494
640.00	0.953850984573
641.00	0.950253009796
642.00	0.946011006832
643.00	0.942270994186
644.00	0.938675999641
645.00	0.935467004776
646.00	0.931608021259
647.00	0.928975999355
648.00	0.926949977875
649.00	0.92461001873
650.00	0.923264980316
651.00	0.922367990017
652.00	0.921503007412
653.00	0.922227978706
654.00	0.923160970211
655.00	0.9236779809
656.00	0.926099002361
657.00	0.928481996059
658.00	0.930481016636
659.00	0.934445023537
660.00	0.93782299757
661.00	0.941474020481
662.00	0.945532977581
663.00	0.94970202446
664.00	0.95382297039
665.00	0.957692027092
666.00	0.96160197258
667.00	0.964851975441
668.00	0.967760026455
669.00	0.97043800354
670.00	0.971826016903
671.00	0.972617983818
672.00	0.973138988018
673.00	0.971848011017
674.00	0.970297992229
675.00	0.968115985394
676.00	0.964097976685
677.00	0.959636986256
678.00	0.954792022705
679.00	0.948719024658
680.00	0.941613018513
681.00	0.934898018837
682.00	0.92672598362
683.00	0.918636977673
684.00	0.910808026791
685.00	0.902076005936
686.00	0.893342018127
687.00	0.885537028313
688.00	0.877780020237
689.00	0.86986798048
690.00	0.863373994827
691.00	0.856782019138
692.00	0.851195991039
693.00	0.846867978573
694.00	0.843340992928
695.00	0.84026402235
696.00	0.838209986687
697.00	0.83738297224
698.00	0.837668001652
699.00	0.839240014553
700.00	0.841636002064
701.00	0.845229029655
702.00	0.849824011326
703.00	0.855403006077
704.00	0.861440002918
705.00	0.868692994118
706.00	0.876708984375
707.00	0.884474992752
708.00	0.892606019974
709.00	0.901031970978
710.00	0.90858399868
711.00	0.915153980255
712.00	0.922318994999
713.00	0.927375018597
714.00	0.931087970734
715.00	0.933161020279
716.00	0.933821976185
717.00	0.93232101202
718.00	0.929499983788
719.00	0.923451006413
720.00	0.916499018669
721.00	0.907459974289
722.00	0.896826982498
723.00	0.884006977081
724.00	0.87077999115
725.00	0.855987012386
726.00	0.840501010418
727.00	0.824723005295
728.00	0.807730972767
729.00	0.791109979153
730.00	0.774293005466
731.00	0.758114993572
732.00	0.741415023804
733.00	0.726606011391
734.00	0.711344003677
735.00	0.697880983353
736.00	0.685199022293
737.00	0.67459499836
738.00	0.66501802206
739.00	0.656947016716
740.00	0.651803016663
741.00	0.648612976074
742.00	0.647668004036
743.00	0.648526012897
744.00	0.652314007282
745.00	0.656612992287
746.00	0.663763999939
747.00	0.670785009861
748.00	0.677712023258
749.00	0.684841990471
750.00	0.689406991005
751.00	0.692537009716
752.00	0.69243901968
753.00	0.689610004425
754.00	0.682111978531
755.00	0.671346008778
756.00	0.655946016312
757.00	0.637425005436
758.00	0.615818977356
759.00	0.59162402153
760.00	0.566379010677
761.00	0.542046010494
762.00	0.518544971943
763.00	0.498768001795
764.00	0.482621997595
765.00	0.470815002918
766.00	0.464293003082
767.00	0.461351007223
768.00	0.461804002523
769.00	0.464578986168
770.00	0.469036996365
771.00	0.47341799736
772.00	0.477528989315
773.00	0.479445010424
774.00	0.478837996721
775.00	0.474997013807
776.00	0.466742992401
777.00	0.454032987356
778.00	0.438068985939
779.00	0.417048990726
780.00	0.392266988754
781.00	0.364775002003
782.00	0.33548399806
783.00	0.305146992207
784.00	0.275059014559
785.00	0.245574995875
786.00	0.218099996448
787.00	0.192595005035
788.00	0.169752001762
789.00	0.149053007364
790.00	0.130844995379
791.00	0.115023002028
792.00	0.101099997759
793.00	0.0891003981233
794.00	0.0786402001977
795.00	0.0694324970245
796.00	0.0619093999267
797.00	0.0549929998815
798.00	0.0492982007563
799.00	0.0442828014493
800.00	0.0397060997784
801.00	0.0359565988183
802.00	0.0324500985444
803.00	0.0294548999518
804.00	0.0268775001168
805.00	0.024563299492
806.00	0.0224339999259
807.00	0.0206119008362
808.00	0.018935199827
809.00	0.0174892991781
810.00	0.0161218997091
811.00	0.0149776004255
812.00	0.0138566000387
813.00	0.0128987999633
814.00	0.0120010999963
815.00	0.0112292002887
816.00	0.010487199761
817.00	0.009875879623
818.00	0.00983435008675
819.00	0.00918470043689
820.00	0.00872820988297
821.00	0.00821175985038
822.00	0.0077285701409
823.00	0.00735339010134
824.00	0.00693994993344
825.00	0.00658462010324
826.00	0.00626489007846
827.00	0.00600036978722
828.00	0.00573749979958
829.00	0.00542203010991
830.00	0.00522495992482
831.00	0.00498394994065
832.00	0.00476033007726
833.00	0.0045754997991
834.00	0.00440680980682
835.00	0.0042342399247
836.00	0.0040911398828
837.00	0.00394240021706
838.00	0.00379966991022
839.00	0.0036530198995
840.00	0.0035596000962
841.00	0.00341545999981
842.00	0.0033522399608
843.00	0.00324108009227
844.00	0.00314270006493
845.00	0.00305748009123
846.00	0.00294490996748
847.00	0.00287035992369
848.00	0.00278442003764
849.00	0.00275763007812
850.00	0.00267162011005
851.00	0.00263683008961
852.00	0.00257947994396
853.00	0.00245513999835
854.00	0.00243951007724
855.00	0.00238653994165
856.00	0.0023802400101
857.00	0.00230236002244
858.00	0.00226619001478
859.00	0.00227338005789
860.00	0.00221028993838
861.00	0.00215674005449
862.00	0.00209228997119
863.00	0.00207834993489
864.00	0.00205205008388
865.00	0.00201509008184
866.00	0.00196591997519
867.00	0.00193099002354
868.00	0.00194939004723
869.00	0.00189475005027
870.00	0.00184388004709
871.00	0.00181387003977
872.00	0.00180341000669
873.00	0.00176471995655
874.00	0.00176332995761
875.00	0.00175298994873
876.00	0.00171682005748
877.00	0.00172576005571
878.00	0.00168729003053
879.00	0.00168691994622
880.00	0.00171860004775
881.00	0.00174406997394
882.00	0.00173974002246
883.00	0.0017427400453
884.00	0.00172058003955
885.00	0.00172234000638
886.00	0.00172423000913
887.00	0.00173800997436
888.00	0.00172082998324
889.00	0.00173422996886
890.00	0.00173582998104
891.00	0.00173724000342
892.00	0.00173528003506
893.00	0.00175161997322
894.00	0.00176308001392
895.00	0.00177579000592
896.00	0.00179741997272
897.00	0.00179360003676
898.00	0.00180803996045
899.00	0.00183048995677
900.00	0.0018386200536
901.00	0.00185899995267
902.00	0.00188690994401
903.00	0.00190220004879
904.00	0.00193312996998
905.00	0.0019427400548
906.00	0.00196391995996
907.00	0.00200347998179
908.00	0.00203081010841
909.00	0.00206022989005
910.00	0.00210546003655
911.00	0.00216286000796
912.00	0.00219862000085
913.00	0.00223971996456
914.00	0.0022700401023
915.00	0.00231264997274
916.00	0.00235989992507
917.00	0.00240368000232
918.00	0.00245195999742
919.00	0.00250544003211
920.00	0.00255591003224
921.00	0.00260855001397
922.00	0.00267023011111
923.00	0.00272872997448
924.00	0.00279242009856
925.00	0.00286149000749
926.00	0.00293154991232
927.00	0.00300345011055
928.00	0.00308593991213
929.00	0.00316508999094
930.00	0.00325262988918
931.00	0.00334322010167
932.00	0.00343483011238
933.00	0.00353838992305
934.00	0.00370440003462
935.00	0.00381783000194
936.00	0.00394104979932
937.00	0.00405811006203
938.00	0.00418940000236
939.00	0.00433218013495
940.00	0.0044721099548
941.00	0.00462180003524
942.00	0.00479312986135
943.00	0.00495635019615
944.00	0.00513461977243
945.00	0.00531732989475
946.00	0.00552162993699
947.00	0.00572460982949
948.00	0.00601619994268
949.00	0.00624764012173
950.00	0.00649714004248
951.00	0.00675004022196
952.00	0.00703366985545
953.00	0.0073219598271
954.00	0.0076281898655
955.00	0.00797102041543
956.00	0.00830605998635
957.00	0.00867327023298
958.00	0.00906291045249
959.00	0.00947188958526
960.00	0.00995195005089
961.00	0.0107685001567
962.00	0.0112624997273
963.00	0.011732599698
964.00	0.0122520001605
965.00	0.0127629004419
966.00	0.0133643997833
967.00	0.0140089001507
968.00	0.0146340001374
969.00	0.0153595004231
970.00	0.0160889998078
971.00	0.0171396993101
972.00	0.0179820992053
973.00	0.0189284998924
974.00	0.0199496001005
975.00	0.0210087001324
976.00	0.022119499743
977.00	0.0233542993665
978.00	0.0246728993952
979.00	0.0260921008885
980.00	0.0276548005641
981.00	0.0292508993298
982.00	0.0310149993747
983.00	0.0331859998405
984.00	0.0352074988186
985.00	0.0374354012311
986.00	0.0398904010653
987.00	0.042406398803
988.00	0.0451980009675
989.00	0.0481625013053
990.00	0.0513789989054
991.00	0.0548238009214
992.00	0.0585810989141
993.00	0.0627020001411
994.00	0.0672075003386
995.00	0.0718751996756
996.00	0.0768091008067
997.00	0.0822371989489
998.00	0.0880217030644
999.00	0.0943531990051
1,000.00	0.100960001349
1,001.00	0.108087003231
1,002.00	0.115663997829
1,003.00	0.123515002429
1,004.00	0.132499992847
1,005.00	0.141896992922
1,006.00	0.151290997863
1,007.00	0.16157899797
1,008.00	0.172056004405
1,009.00	0.183316007257
1,010.00	0.19500400126
1,011.00	0.207225993276
1,012.00	0.219879001379
1,013.00	0.232741996646
1,014.00	0.245860993862
1,015.00	0.259458005428
1,016.00	0.27334100008
1,017.00	0.287335991859
1,018.00	0.301380991936
1,019.00	0.315342009068
1,020.00	0.328857988119
1,021.00	0.342788010836
1,022.00	0.355791002512
1,023.00	0.368835985661
1,024.00	0.381745010614
1,025.00	0.393314987421
1,026.00	0.404617011547
1,027.00	0.415136009455
1,028.00	0.425080001354
1,029.00	0.433984994888
1,030.00	0.44216799736
1,031.00	0.449474990368
1,032.00	0.455756008625
1,033.00	0.460976988077
1,034.00	0.465516000986
1,035.00	0.469116985798
1,036.00	0.471812993288
1,037.00	0.473859012127
1,038.00	0.475041985512
1,039.00	0.475544005632
1,040.00	0.475719004869
1,041.00	0.475286990404
1,042.00	0.474177986383
1,043.00	0.473347008228
1,044.00	0.472166001797
1,045.00	0.47060200572
1,046.00	0.469437986612
1,047.00	0.468513011932
1,048.00	0.467555999756
1,049.00	0.466958999634
1,050.00	0.467081993818
1,051.00	0.467669993639
1,052.00	0.468786001205
1,053.00	0.470842003822
1,054.00	0.473408013582
1,055.00	0.477463006973
1,056.00	0.482127994299
1,057.00	0.487623006105
1,058.00	0.494477987289
1,059.00	0.502646028996
1,060.00	0.511406004429
1,061.00	0.521642029285
1,062.00	0.533770978451
1,063.00	0.545563995838
1,064.00	0.558540999889
1,065.00	0.57242000103
1,066.00	0.586948990822
1,067.00	0.601854979992
1,068.00	0.617304027081
1,069.00	0.632022023201
1,070.00	0.646582007408
1,071.00	0.661158025265
1,072.00	0.674175024033
1,073.00	0.686706006527
1,074.00	0.698956012726
1,075.00	0.708698987961
1,076.00	0.717190027237
1,077.00	0.724928021431
1,078.00	0.730711996555
1,079.00	0.735064983368
1,080.00	0.738243997097
1,081.00	0.740328013897
1,082.00	0.740948021412
1,083.00	0.740639984608
1,084.00	0.739668011665
1,085.00	0.738075017929
1,086.00	0.735939025879
1,087.00	0.733527004719
1,088.00	0.730642974377
1,089.00	0.728100001812
1,090.00	0.725715994835
1,091.00	0.722853004932
1,092.00	0.720157980919
1,093.00	0.718677997589
1,094.00	0.716533005238
1,095.00	0.714627981186
1,096.00	0.71390402317
1,097.00	0.712835013866
1,098.00	0.712004005909
1,099.00	0.711889982224
1,100.00	0.711733996868
1,101.00	0.712194025517
1,102.00	0.71284198761
1,103.00	0.713631987572
1,104.00	0.714408993721
1,105.00	0.716449975967
1,106.00	0.717680990696
1,107.00	0.719093978405
1,108.00	0.721674025059
1,109.00	0.723731994629
1,110.00	0.725585997105
1,111.00	0.72809702158
1,112.00	0.730893015862
1,113.00	0.7332649827
1,114.00	0.735854029655
1,115.00	0.738752007484
1,116.00	0.741405010223
1,117.00	0.744313001633
1,118.00	0.74738997221
1,119.00	0.749916017056
1,120.00	0.752924025059
1,121.00	0.756125986576
1,122.00	0.758198022842
1,123.00	0.761098027229
1,124.00	0.764356970787
1,125.00	0.766617000103
1,126.00	0.768890976906
1,127.00	0.772064983845
1,128.00	0.77417498827
1,129.00	0.776188015938
1,130.00	0.778855025768
1,131.00	0.780736982822
1,132.00	0.78262001276
1,133.00	0.78483402729
1,134.00	0.786243975163
1,135.00	0.78759098053
1,136.00	0.789732992649
1,137.00	0.790749013424
1,138.00	0.791593015194
1,139.00	0.7933639884
1,140.00	0.79426497221
1,141.00	0.794614970684
1,142.00	0.795518994331
1,143.00	0.796527028084
1,144.00	0.796431005001
1,145.00	0.796909987926
1,146.00	0.797248005867
1,147.00	0.797177970409
1,148.00	0.797492980957
1,149.00	0.797224998474
1,150.00	0.797016978264
1,151.00	0.796868026257
1,152.00	0.7968069911
1,153.00	0.795762002468
1,154.00	0.795413970947
1,155.00	0.79532200098
1,156.00	0.794146001339
1,157.00	0.793465971947
1,158.00	0.793105006218
1,159.00	0.792095005512
1,160.00	0.791230022907
1,161.00	0.790507018566
1,162.00	0.789538025856
1,163.00	0.788787007332
1,164.00	0.787887990475
1,165.00	0.786821007729
1,166.00	0.785965979099
1,167.00	0.785270988941
1,168.00	0.784112989902
1,169.00	0.783066987991
1,170.00	0.782572984695
1,171.00	0.781726002693
1,172.00	0.780435979366
1,173.00	0.779872000217
1,174.00	0.779377996922
1,175.00	0.778176009655
1,176.00	0.777701973915
1,177.00	0.777056992054
1,178.00	0.776087999344
1,179.00	0.775880992413
1,180.00	0.77509701252
1,181.00	0.774349987507
1,182.00	0.774244010448
1,183.00	0.773712992668
1,184.00	0.772876977921
1,185.00	0.772693991661
1,186.00	0.772849023342
1,187.00	0.771808028221
1,188.00	0.77165299654
1,189.00	0.771956980228
1,190.00	0.771350026131
1,191.00	0.770961999893
1,192.00	0.771350979805
1,193.00	0.770897984505
1,194.00	0.770677983761
1,195.00	0.771202981472
1,196.00	0.77061599493
1,197.00	0.770774006844
1,198.00	0.77113699913
1,199.00	0.770484983921
1,200.00	0.770314991474
