300.00	2.8281099275773E-6
300.50	9.5000001465451E-7
301.00	9.5000001465451E-7
301.50	9.5000001465451E-7
302.00	1.0367399454481E-6
302.50	9.5000001465451E-7
303.00	9.5000001465451E-7
303.50	9.5000001465451E-7
304.00	9.5000001465451E-7
304.50	9.5000001465451E-7
305.00	9.5000001465451E-7
305.50	9.5000001465451E-7
306.00	9.5000001465451E-7
306.50	9.5000001465451E-7
307.00	9.5000001465451E-7
307.50	9.5000001465451E-7
308.00	9.5000001465451E-7
308.50	9.5000001465451E-7
309.00	9.5000001465451E-7
309.50	9.5000001465451E-7
310.00	9.5000001465451E-7
310.50	9.5000001465451E-7
311.00	9.5000001465451E-7
311.50	9.5000001465451E-7
312.00	1.5430799749083E-6
312.50	9.5000001465451E-7
313.00	9.5000001465451E-7
313.50	1.0425300160932E-6
314.00	9.5000001465451E-7
314.50	9.5000001465451E-7
315.00	9.6704900443001E-7
315.50	2.3903598957986E-6
316.00	9.5000001465451E-7
316.50	9.5000001465451E-7
317.00	9.5000001465451E-7
317.50	9.5000001465451E-7
318.00	9.5000001465451E-7
318.50	9.5000001465451E-7
319.00	9.5000001465451E-7
319.50	9.5000001465451E-7
320.00	9.5000001465451E-7
320.50	9.5000001465451E-7
321.00	9.5000001465451E-7
321.50	9.5000001465451E-7
322.00	1.6368500155295E-6
322.50	1.5128999848457E-6
323.00	9.5000001465451E-7
323.50	9.5000001465451E-7
324.00	1.0377599437561E-6
324.50	9.5000001465451E-7
325.00	9.5000001465451E-7
325.50	9.5000001465451E-7
326.00	1.3002500054426E-6
326.50	9.5000001465451E-7
327.00	9.5000001465451E-7
327.50	9.5000001465451E-7
328.00	9.5000001465451E-7
328.50	9.5000001465451E-7
329.00	9.5000001465451E-7
329.50	9.5000001465451E-7
330.00	9.5000001465451E-7
330.50	1.3705099490835E-6
331.00	9.5000001465451E-7
331.50	2.4269500045193E-6
332.00	9.5000001465451E-7
332.50	9.5000001465451E-7
333.00	1.2066500403307E-6
333.50	9.5000001465451E-7
334.00	1.2758999901052E-6
334.50	9.5000001465451E-7
335.00	9.5000001465451E-7
335.50	1.0471100040377E-6
336.00	9.5000001465451E-7
336.50	1.1623100135694E-6
337.00	9.5000001465451E-7
337.50	9.5000001465451E-7
338.00	9.5000001465451E-7
338.50	9.5000001465451E-7
339.00	9.5000001465451E-7
339.50	9.5000001465451E-7
340.00	9.5000001465451E-7
340.50	9.5000001465451E-7
341.00	9.5000001465451E-7
341.50	1.5448000567631E-6
342.00	9.5000001465451E-7
342.50	9.5000001465451E-7
343.00	9.5000001465451E-7
343.50	9.5000001465451E-7
344.00	9.5000001465451E-7
344.50	9.5000001465451E-7
345.00	9.5000001465451E-7
345.50	9.5000001465451E-7
346.00	9.5000001465451E-7
346.50	9.5000001465451E-7
347.00	1.5698000197517E-6
347.50	9.5000001465451E-7
348.00	9.5000001465451E-7
348.50	9.5000001465451E-7
349.00	9.5000001465451E-7
349.50	9.5000001465451E-7
350.00	9.5000001465451E-7
350.50	9.5000001465451E-7
351.00	9.5000001465451E-7
351.50	9.5000001465451E-7
352.00	9.5000001465451E-7
352.50	9.5000001465451E-7
353.00	9.5000001465451E-7
353.50	9.5000001465451E-7
354.00	9.5000001465451E-7
354.50	9.5000001465451E-7
355.00	9.5000001465451E-7
355.50	1.9211800008634E-6
356.00	9.5000001465451E-7
356.50	9.5000001465451E-7
357.00	9.5000001465451E-7
357.50	9.5000001465451E-7
358.00	9.5000001465451E-7
358.50	9.5000001465451E-7
359.00	1.2812599834433E-6
359.50	9.5000001465451E-7
360.00	9.5000001465451E-7
360.50	9.5000001465451E-7
361.00	9.5000001465451E-7
361.50	9.5000001465451E-7
362.00	1.1137200317535E-6
362.50	9.5000001465451E-7
363.00	9.5000001465451E-7
363.50	9.5000001465451E-7
364.00	9.5000001465451E-7
364.50	9.5000001465451E-7
365.00	9.5000001465451E-7
365.50	9.5000001465451E-7
366.00	9.5000001465451E-7
366.50	9.5000001465451E-7
367.00	9.5000001465451E-7
367.50	9.5000001465451E-7
368.00	9.5000001465451E-7
368.50	9.5000001465451E-7
369.00	9.5000001465451E-7
369.50	2.1924799966655E-6
370.00	1.4177500133883E-6
370.50	9.5000001465451E-7
371.00	9.5000001465451E-7
371.50	9.5000001465451E-7
372.00	9.5000001465451E-7
372.50	9.5000001465451E-7
373.00	9.5000001465451E-7
373.50	9.5000001465451E-7
374.00	9.5000001465451E-7
374.50	9.5000001465451E-7
375.00	9.5000001465451E-7
375.50	9.5000001465451E-7
376.00	9.5000001465451E-7
376.50	9.5000001465451E-7
377.00	9.5000001465451E-7
377.50	9.5000001465451E-7
378.00	9.5000001465451E-7
378.50	9.5000001465451E-7
379.00	9.5000001465451E-7
379.50	9.5000001465451E-7
380.00	9.5000001465451E-7
380.50	9.5000001465451E-7
381.00	1.8343299643675E-6
381.50	2.4422399746982E-6
382.00	1.8222500557386E-6
382.50	1.3182400380174E-6
383.00	1.0932600389424E-6
383.50	9.5000001465451E-7
384.00	9.5000001465451E-7
384.50	9.5000001465451E-7
385.00	9.5000001465451E-7
385.50	9.5000001465451E-7
386.00	9.5000001465451E-7
386.50	9.5000001465451E-7
387.00	9.5000001465451E-7
387.50	9.5000001465451E-7
388.00	9.5000001465451E-7
388.50	9.5000001465451E-7
389.00	9.5000001465451E-7
389.50	9.5000001465451E-7
390.00	9.5000001465451E-7
390.50	9.5000001465451E-7
391.00	9.5000001465451E-7
391.50	9.5000001465451E-7
392.00	2.6252300813212E-6
392.50	5.8703099057311E-6
393.00	3.0957698982093E-6
393.50	1.1208099977011E-6
394.00	9.5000001465451E-7
394.50	9.5000001465451E-7
395.00	9.5000001465451E-7
395.50	9.5000001465451E-7
396.00	9.5000001465451E-7
396.50	9.5000001465451E-7
397.00	9.5000001465451E-7
397.50	9.5000001465451E-7
398.00	9.5000001465451E-7
398.50	9.5000001465451E-7
399.00	9.5000001465451E-7
399.50	9.5000001465451E-7
400.00	9.5000001465451E-7
400.50	9.5000001465451E-7
401.00	9.5000001465451E-7
401.50	9.5000001465451E-7
402.00	9.5000001465451E-7
402.50	9.5000001465451E-7
403.00	9.5000001465451E-7
403.50	9.5000001465451E-7
404.00	9.5000001465451E-7
404.50	9.5000001465451E-7
405.00	9.5000001465451E-7
405.50	9.5000001465451E-7
406.00	9.5000001465451E-7
406.50	9.5000001465451E-7
407.00	9.5000001465451E-7
407.50	9.5000001465451E-7
408.00	9.5000001465451E-7
408.50	9.5000001465451E-7
409.00	9.5000001465451E-7
409.50	9.5000001465451E-7
410.00	9.5000001465451E-7
410.50	9.5000001465451E-7
411.00	9.5000001465451E-7
411.50	9.5000001465451E-7
412.00	9.5000001465451E-7
412.50	9.5000001465451E-7
413.00	9.5000001465451E-7
413.50	9.5000001465451E-7
414.00	9.5000001465451E-7
414.50	9.5000001465451E-7
415.00	9.5000001465451E-7
415.50	9.5000001465451E-7
416.00	9.5000001465451E-7
416.50	9.5000001465451E-7
417.00	9.5000001465451E-7
417.50	9.5000001465451E-7
418.00	9.5000001465451E-7
418.50	9.5000001465451E-7
419.00	9.5000001465451E-7
419.50	9.5000001465451E-7
420.00	9.5000001465451E-7
420.50	9.5000001465451E-7
421.00	9.5000001465451E-7
421.50	9.5000001465451E-7
422.00	9.5000001465451E-7
422.50	9.5000001465451E-7
423.00	9.5000001465451E-7
423.50	9.5000001465451E-7
424.00	9.5000001465451E-7
424.50	9.5000001465451E-7
425.00	9.5000001465451E-7
425.50	9.5000001465451E-7
426.00	9.5000001465451E-7
426.50	9.5000001465451E-7
427.00	9.5000001465451E-7
427.50	9.5000001465451E-7
428.00	9.5000001465451E-7
428.50	9.5000001465451E-7
429.00	9.5000001465451E-7
429.50	9.5000001465451E-7
430.00	9.5000001465451E-7
430.50	1.3421399671643E-6
431.00	2.1246301002975E-6
431.50	1.9139599771734E-6
432.00	1.0900899951594E-6
432.50	9.5000001465451E-7
433.00	9.5000001465451E-7
433.50	9.5000001465451E-7
434.00	9.5000001465451E-7
434.50	9.5000001465451E-7
435.00	9.5000001465451E-7
435.50	9.9789497198799E-7
436.00	9.5000001465451E-7
436.50	9.5000001465451E-7
437.00	9.5000001465451E-7
437.50	9.5000001465451E-7
438.00	9.5000001465451E-7
438.50	9.5000001465451E-7
439.00	9.5000001465451E-7
439.50	9.5000001465451E-7
440.00	9.5000001465451E-7
440.50	9.5000001465451E-7
441.00	9.5000001465451E-7
441.50	9.5000001465451E-7
442.00	9.5000001465451E-7
442.50	9.5000001465451E-7
443.00	9.5000001465451E-7
443.50	9.5000001465451E-7
444.00	9.5000001465451E-7
444.50	9.5000001465451E-7
445.00	9.5000001465451E-7
445.50	9.5000001465451E-7
446.00	9.5000001465451E-7
446.50	9.5000001465451E-7
447.00	9.5000001465451E-7
447.50	9.5000001465451E-7
448.00	9.5000001465451E-7
448.50	9.5000001465451E-7
449.00	9.5000001465451E-7
449.50	9.5000001465451E-7
450.00	9.5000001465451E-7
450.50	9.5000001465451E-7
451.00	9.5000001465451E-7
451.50	9.5000001465451E-7
452.00	9.5000001465451E-7
452.50	9.5000001465451E-7
453.00	9.5000001465451E-7
453.50	9.5000001465451E-7
454.00	9.5000001465451E-7
454.50	9.5000001465451E-7
455.00	9.5000001465451E-7
455.50	9.5000001465451E-7
456.00	9.5000001465451E-7
456.50	9.5000001465451E-7
457.00	9.5000001465451E-7
457.50	9.5000001465451E-7
458.00	9.5000001465451E-7
458.50	9.5000001465451E-7
459.00	9.5000001465451E-7
459.50	9.5000001465451E-7
460.00	9.5000001465451E-7
460.50	9.5000001465451E-7
461.00	9.5000001465451E-7
461.50	9.5000001465451E-7
462.00	9.5000001465451E-7
462.50	9.5000001465451E-7
463.00	9.5000001465451E-7
463.50	9.5000001465451E-7
464.00	9.5000001465451E-7
464.50	9.5000001465451E-7
465.00	9.5000001465451E-7
465.50	9.5000001465451E-7
466.00	9.5000001465451E-7
466.50	9.5000001465451E-7
467.00	9.5000001465451E-7
467.50	9.5000001465451E-7
468.00	9.5000001465451E-7
468.50	1.8965199615195E-6
469.00	2.0219299585733E-6
469.50	1.3707100379179E-6
470.00	9.5000001465451E-7
470.50	9.5000001465451E-7
471.00	9.5000001465451E-7
471.50	9.5000001465451E-7
472.00	9.5000001465451E-7
472.50	1.5655799643355E-6
473.00	3.7688400880143E-6
473.50	4.0323197936232E-6
474.00	2.196760078732E-6
474.50	9.5000001465451E-7
475.00	9.5000001465451E-7
475.50	9.5000001465451E-7
476.00	9.5000001465451E-7
476.50	9.5000001465451E-7
477.00	2.2602700937568E-6
477.50	3.9138999454735E-6
478.00	2.2844999421068E-6
478.50	9.5000001465451E-7
479.00	9.5000001465451E-7
479.50	9.5000001465451E-7
480.00	9.5000001465451E-7
480.50	1.2775999493897E-6
481.00	9.5000001465451E-7
481.50	9.5000001465451E-7
482.00	2.0264899376343E-6
482.50	2.5102199288085E-6
483.00	1.7180000213557E-6
483.50	9.5000001465451E-7
484.00	9.5000001465451E-7
484.50	9.5000001465451E-7
485.00	9.5000001465451E-7
485.50	9.5000001465451E-7
486.00	9.5000001465451E-7
486.50	9.5000001465451E-7
487.00	9.5000001465451E-7
487.50	9.5000001465451E-7
488.00	9.5000001465451E-7
488.50	9.5000001465451E-7
489.00	9.5000001465451E-7
489.50	9.5000001465451E-7
490.00	9.5000001465451E-7
490.50	9.5000001465451E-7
491.00	9.5000001465451E-7
491.50	9.5000001465451E-7
492.00	9.5000001465451E-7
492.50	9.5000001465451E-7
493.00	9.5000001465451E-7
493.50	9.5000001465451E-7
494.00	9.5000001465451E-7
494.50	9.5000001465451E-7
495.00	9.5000001465451E-7
495.50	9.5000001465451E-7
496.00	9.5000001465451E-7
496.50	9.5000001465451E-7
497.00	9.5000001465451E-7
497.50	9.5000001465451E-7
498.00	9.5000001465451E-7
498.50	9.5000001465451E-7
499.00	9.5000001465451E-7
499.50	9.5000001465451E-7
500.00	9.5000001465451E-7
500.50	9.5000001465451E-7
501.00	9.5000001465451E-7
501.50	9.5000001465451E-7
502.00	9.5000001465451E-7
502.50	9.5000001465451E-7
503.00	9.5000001465451E-7
503.50	9.5000001465451E-7
504.00	9.5000001465451E-7
504.50	9.5000001465451E-7
505.00	9.5000001465451E-7
505.50	9.5000001465451E-7
506.00	9.5000001465451E-7
506.50	9.5000001465451E-7
507.00	9.5000001465451E-7
507.50	9.5000001465451E-7
508.00	9.5000001465451E-7
508.50	9.5000001465451E-7
509.00	9.5000001465451E-7
509.50	9.5000001465451E-7
510.00	9.5000001465451E-7
510.50	9.5000001465451E-7
511.00	9.5000001465451E-7
511.50	9.5000001465451E-7
512.00	9.5000001465451E-7
512.50	9.5000001465451E-7
513.00	9.5000001465451E-7
513.50	9.5000001465451E-7
514.00	9.5000001465451E-7
514.50	9.5000001465451E-7
515.00	9.5000001465451E-7
515.50	9.5000001465451E-7
516.00	9.5000001465451E-7
516.50	9.5000001465451E-7
517.00	9.5000001465451E-7
517.50	9.5000001465451E-7
518.00	9.5000001465451E-7
518.50	9.5000001465451E-7
519.00	9.5000001465451E-7
519.50	9.5000001465451E-7
520.00	9.5000001465451E-7
520.50	9.5000001465451E-7
521.00	9.5000001465451E-7
521.50	9.5000001465451E-7
522.00	9.5000001465451E-7
522.50	9.5000001465451E-7
523.00	9.5000001465451E-7
523.50	9.5000001465451E-7
524.00	9.5000001465451E-7
524.50	9.5000001465451E-7
525.00	9.5000001465451E-7
525.50	9.5000001465451E-7
526.00	9.5000001465451E-7
526.50	9.5000001465451E-7
527.00	9.5000001465451E-7
527.50	9.5000001465451E-7
528.00	9.5000001465451E-7
528.50	9.5000001465451E-7
529.00	9.5000001465451E-7
529.50	9.5000001465451E-7
530.00	9.5000001465451E-7
530.50	9.5000001465451E-7
531.00	9.5000001465451E-7
531.50	9.5000001465451E-7
532.00	9.5000001465451E-7
532.50	9.5000001465451E-7
533.00	9.5000001465451E-7
533.50	9.5000001465451E-7
534.00	9.5000001465451E-7
534.50	9.5000001465451E-7
535.00	9.5000001465451E-7
535.50	9.5000001465451E-7
536.00	9.5000001465451E-7
536.50	9.5000001465451E-7
537.00	9.5000001465451E-7
537.50	9.5000001465451E-7
538.00	9.5000001465451E-7
538.50	9.5000001465451E-7
539.00	9.5000001465451E-7
539.50	9.5000001465451E-7
540.00	9.5000001465451E-7
540.50	9.5000001465451E-7
541.00	9.5000001465451E-7
541.50	9.5000001465451E-7
542.00	9.5000001465451E-7
542.50	9.5000001465451E-7
543.00	9.5000001465451E-7
543.50	9.5000001465451E-7
544.00	9.5000001465451E-7
544.50	9.5000001465451E-7
545.00	9.5000001465451E-7
545.50	9.5000001465451E-7
546.00	9.5000001465451E-7
546.50	9.5000001465451E-7
547.00	9.5000001465451E-7
547.50	9.5000001465451E-7
548.00	9.5000001465451E-7
548.50	9.5000001465451E-7
549.00	9.5000001465451E-7
549.50	9.5000001465451E-7
550.00	1.1992300414931E-6
550.50	1.6644600009386E-6
551.00	4.4679200073006E-6
551.50	1.1384299796191E-5
552.00	3.1864299671724E-5
552.50	9.6214600489475E-5
553.00	0.00031977199250832
553.50	0.0011568899499252
554.00	0.0052683101966977
554.50	0.03110090084374
555.00	0.14858600497246
555.50	0.42705699801445
556.00	0.75157797336578
556.50	0.93301200866699
557.00	0.97483897209167
557.50	0.97579199075699
558.00	0.97675901651382
558.50	0.97442799806595
559.00	0.97701400518417
559.50	0.98150700330734
560.00	0.97848701477051
560.50	0.97682797908783
561.00	0.97296398878098
561.50	0.97634398937225
562.00	0.97895497083664
562.50	0.97739297151566
563.00	0.97359198331833
563.50	0.96729898452759
564.00	0.96521198749542
564.50	0.96125400066376
565.00	0.90536797046661
565.50	0.70240497589111
566.00	0.37480100989342
566.50	0.061126999557018
567.00	0.028434099629521
567.50	0.0062798699364066
568.00	0.0018882900476456
568.50	0.00064680102514103
569.00	0.00022479299514089
569.50	7.3841401899699E-5
570.00	2.3014099497232E-5
570.50	8.5381398093887E-6
571.00	3.6280300719227E-6
571.50	2.0248000964784E-6
572.00	9.5000001465451E-7
572.50	9.5000001465451E-7
573.00	9.5000001465451E-7
573.50	9.5000001465451E-7
574.00	9.5000001465451E-7
574.50	9.5000001465451E-7
575.00	9.5000001465451E-7
575.50	9.5000001465451E-7
576.00	9.5000001465451E-7
576.50	9.5000001465451E-7
577.00	9.5000001465451E-7
577.50	9.5000001465451E-7
578.00	9.5000001465451E-7
578.50	9.5000001465451E-7
579.00	9.5000001465451E-7
579.50	9.5000001465451E-7
580.00	9.5000001465451E-7
580.50	9.5000001465451E-7
581.00	9.5000001465451E-7
581.50	9.5000001465451E-7
582.00	9.5000001465451E-7
582.50	9.5000001465451E-7
583.00	9.5000001465451E-7
583.50	9.5000001465451E-7
584.00	9.5000001465451E-7
584.50	9.5000001465451E-7
585.00	9.5000001465451E-7
585.50	9.5000001465451E-7
586.00	9.5000001465451E-7
586.50	9.5000001465451E-7
587.00	9.5000001465451E-7
587.50	9.5000001465451E-7
588.00	9.5000001465451E-7
588.50	9.5000001465451E-7
589.00	9.5000001465451E-7
589.50	9.5000001465451E-7
590.00	9.5000001465451E-7
590.50	9.5000001465451E-7
591.00	9.5000001465451E-7
591.50	9.5000001465451E-7
592.00	9.5000001465451E-7
592.50	9.5000001465451E-7
593.00	9.5000001465451E-7
593.50	9.5000001465451E-7
594.00	9.5000001465451E-7
594.50	9.5000001465451E-7
595.00	9.5000001465451E-7
595.50	9.5000001465451E-7
596.00	9.5000001465451E-7
596.50	9.5000001465451E-7
597.00	9.5000001465451E-7
597.50	9.5000001465451E-7
598.00	9.5000001465451E-7
598.50	9.5000001465451E-7
599.00	9.5000001465451E-7
599.50	9.5000001465451E-7
600.00	9.5000001465451E-7
600.50	9.5000001465451E-7
601.00	9.5000001465451E-7
601.50	9.5000001465451E-7
602.00	9.5000001465451E-7
602.50	9.5000001465451E-7
603.00	9.5000001465451E-7
603.50	9.5000001465451E-7
604.00	9.5000001465451E-7
604.50	9.5000001465451E-7
605.00	9.5000001465451E-7
605.50	9.5000001465451E-7
606.00	9.5000001465451E-7
606.50	9.5000001465451E-7
607.00	9.5000001465451E-7
607.50	9.5000001465451E-7
608.00	9.5000001465451E-7
608.50	9.5000001465451E-7
609.00	9.5000001465451E-7
609.50	9.5000001465451E-7
610.00	9.5000001465451E-7
610.50	9.5000001465451E-7
611.00	9.5000001465451E-7
611.50	9.5000001465451E-7
612.00	9.5000001465451E-7
612.50	9.5000001465451E-7
613.00	9.5000001465451E-7
613.50	9.5000001465451E-7
614.00	9.5000001465451E-7
614.50	9.5000001465451E-7
615.00	9.5000001465451E-7
615.50	9.5000001465451E-7
616.00	9.5000001465451E-7
616.50	9.5000001465451E-7
617.00	9.5000001465451E-7
617.50	9.5000001465451E-7
618.00	9.5000001465451E-7
618.50	9.5000001465451E-7
619.00	9.5000001465451E-7
619.50	9.5000001465451E-7
620.00	9.5000001465451E-7
620.50	9.5000001465451E-7
621.00	9.5000001465451E-7
621.50	9.5000001465451E-7
622.00	9.5000001465451E-7
622.50	9.5000001465451E-7
623.00	9.5000001465451E-7
623.50	9.5000001465451E-7
624.00	9.5000001465451E-7
624.50	9.5000001465451E-7
625.00	9.5000001465451E-7
625.50	9.5000001465451E-7
626.00	9.5000001465451E-7
626.50	9.5000001465451E-7
627.00	9.5000001465451E-7
627.50	9.5000001465451E-7
628.00	9.5000001465451E-7
628.50	9.5000001465451E-7
629.00	9.5000001465451E-7
629.50	9.5000001465451E-7
630.00	9.5000001465451E-7
630.50	9.5000001465451E-7
631.00	9.5000001465451E-7
631.50	9.5000001465451E-7
632.00	9.5000001465451E-7
632.50	9.5000001465451E-7
633.00	9.5000001465451E-7
633.50	9.5000001465451E-7
634.00	9.5000001465451E-7
634.50	9.5000001465451E-7
635.00	9.5000001465451E-7
635.50	9.5000001465451E-7
636.00	9.5000001465451E-7
636.50	9.5000001465451E-7
637.00	9.5000001465451E-7
637.50	9.5000001465451E-7
638.00	9.5000001465451E-7
638.50	9.5000001465451E-7
639.00	9.5000001465451E-7
639.50	9.5000001465451E-7
640.00	9.5000001465451E-7
640.50	9.5000001465451E-7
641.00	9.5000001465451E-7
641.50	9.5000001465451E-7
642.00	9.5000001465451E-7
642.50	9.5000001465451E-7
643.00	9.5000001465451E-7
643.50	9.5000001465451E-7
644.00	9.5000001465451E-7
644.50	9.5000001465451E-7
645.00	9.5000001465451E-7
645.50	9.5000001465451E-7
646.00	9.5000001465451E-7
646.50	9.5000001465451E-7
647.00	9.5000001465451E-7
647.50	9.5000001465451E-7
648.00	9.5000001465451E-7
648.50	9.5000001465451E-7
649.00	9.5000001465451E-7
649.50	9.5000001465451E-7
650.00	9.5000001465451E-7
650.50	9.5000001465451E-7
651.00	9.5000001465451E-7
651.50	9.5000001465451E-7
652.00	9.5000001465451E-7
652.50	9.5000001465451E-7
653.00	9.5000001465451E-7
653.50	9.5000001465451E-7
654.00	9.5000001465451E-7
654.50	9.5000001465451E-7
655.00	9.5000001465451E-7
655.50	9.5000001465451E-7
656.00	9.5000001465451E-7
656.50	9.5000001465451E-7
657.00	9.5000001465451E-7
657.50	9.5000001465451E-7
658.00	9.5000001465451E-7
658.50	9.5000001465451E-7
659.00	9.5000001465451E-7
659.50	9.5000001465451E-7
660.00	9.5000001465451E-7
660.50	9.5000001465451E-7
661.00	9.5000001465451E-7
661.50	9.5000001465451E-7
662.00	9.5000001465451E-7
662.50	9.5000001465451E-7
663.00	9.5000001465451E-7
663.50	9.5000001465451E-7
664.00	9.5000001465451E-7
664.50	9.5000001465451E-7
665.00	9.5000001465451E-7
665.50	9.5000001465451E-7
666.00	9.5000001465451E-7
666.50	9.5000001465451E-7
667.00	9.5000001465451E-7
667.50	9.5000001465451E-7
668.00	9.5000001465451E-7
668.50	1.4442599649556E-6
669.00	1.9107799289486E-6
669.50	2.9223399451439E-6
670.00	2.9202499263192E-6
670.50	3.2484099392605E-6
671.00	3.065649934797E-6
671.50	3.0623700695287E-6
672.00	3.1190199933917E-6
672.50	2.734559984674E-6
673.00	3.0063399663049E-6
673.50	2.8059700980521E-6
674.00	2.6154000352108E-6
674.50	3.2596199162072E-6
675.00	2.5172901132464E-6
675.50	2.6019099550467E-6
676.00	2.8546498924698E-6
676.50	2.3015400074655E-6
677.00	2.5935100893548E-6
677.50	2.4593200578238E-6
678.00	2.4221199055319E-6
678.50	2.0294999103498E-6
679.00	2.6996099222742E-6
679.50	2.1210998966126E-6
680.00	2.0372699509608E-6
680.50	2.139790012734E-6
681.00	1.6636899999867E-6
681.50	1.6908300040086E-6
682.00	1.706099965304E-6
682.50	1.4975499880165E-6
683.00	1.4917900443834E-6
683.50	1.6225600347752E-6
684.00	1.150030016106E-6
684.50	1.136829951065E-6
685.00	9.5314499048982E-7
685.50	1.1469900300654E-6
686.00	9.5000001465451E-7
686.50	9.5000001465451E-7
687.00	9.5000001465451E-7
687.50	9.5000001465451E-7
688.00	1.0140799986402E-6
688.50	9.5000001465451E-7
689.00	9.5000001465451E-7
689.50	9.5000001465451E-7
690.00	9.5000001465451E-7
690.50	9.5000001465451E-7
691.00	9.9139401754655E-7
691.50	9.5000001465451E-7
692.00	9.5000001465451E-7
692.50	9.5000001465451E-7
693.00	9.5000001465451E-7
693.50	9.5000001465451E-7
694.00	9.5000001465451E-7
694.50	9.5000001465451E-7
695.00	9.5000001465451E-7
695.50	9.5000001465451E-7
696.00	9.5000001465451E-7
696.50	9.5000001465451E-7
697.00	9.5000001465451E-7
697.50	9.5000001465451E-7
698.00	9.5000001465451E-7
698.50	9.5000001465451E-7
699.00	9.5000001465451E-7
699.50	9.5000001465451E-7
700.00	1.0904600458161E-6
700.50	9.5000001465451E-7
701.00	9.5000001465451E-7
701.50	1.0271600103806E-6
702.00	9.5000001465451E-7
702.50	1.1798000514318E-6
703.00	9.5000001465451E-7
703.50	1.1305099860692E-6
704.00	9.5000001465451E-7
704.50	9.5000001465451E-7
705.00	9.5000001465451E-7
705.50	9.5000001465451E-7
706.00	9.5000001465451E-7
706.50	9.5000001465451E-7
707.00	9.5000001465451E-7
707.50	9.5000001465451E-7
708.00	9.5000001465451E-7
708.50	9.5000001465451E-7
709.00	9.5000001465451E-7
709.50	9.5000001465451E-7
710.00	9.5000001465451E-7
710.50	9.5000001465451E-7
711.00	9.5000001465451E-7
711.50	9.5000001465451E-7
712.00	9.5000001465451E-7
712.50	9.5000001465451E-7
713.00	9.5000001465451E-7
713.50	9.5000001465451E-7
714.00	9.5000001465451E-7
714.50	9.5000001465451E-7
715.00	9.5000001465451E-7
715.50	9.5000001465451E-7
716.00	9.5000001465451E-7
716.50	9.5000001465451E-7
717.00	9.5000001465451E-7
717.50	9.5000001465451E-7
718.00	9.5000001465451E-7
718.50	9.5000001465451E-7
719.00	9.5000001465451E-7
719.50	9.5000001465451E-7
720.00	9.5000001465451E-7
720.50	9.5000001465451E-7
721.00	9.5000001465451E-7
721.50	9.5000001465451E-7
722.00	9.5000001465451E-7
722.50	9.5000001465451E-7
723.00	9.5000001465451E-7
723.50	9.5000001465451E-7
724.00	9.5000001465451E-7
724.50	9.5000001465451E-7
725.00	9.5000001465451E-7
725.50	9.5000001465451E-7
726.00	9.5000001465451E-7
726.50	9.5987797976704E-7
727.00	9.5000001465451E-7
727.50	9.5000001465451E-7
728.00	9.5000001465451E-7
728.50	1.6938899989327E-6
729.00	9.5000001465451E-7
729.50	9.5000001465451E-7
730.00	9.5000001465451E-7
730.50	1.0431100463393E-6
731.00	9.5000001465451E-7
731.50	9.888769909594E-7
732.00	9.5000001465451E-7
732.50	9.5000001465451E-7
733.00	1.0686600262488E-6
733.50	1.1553900094441E-6
734.00	9.5000001465451E-7
734.50	9.5000001465451E-7
735.00	9.5000001465451E-7
735.50	9.5000001465451E-7
736.00	9.5000001465451E-7
736.50	9.5000001465451E-7
737.00	9.5000001465451E-7
737.50	9.5000001465451E-7
738.00	9.5000001465451E-7
738.50	9.5000001465451E-7
739.00	9.5000001465451E-7
739.50	9.5000001465451E-7
740.00	9.5000001465451E-7
740.50	9.7433996870677E-7
741.00	1.0316799716747E-6
741.50	9.5000001465451E-7
742.00	9.5000001465451E-7
742.50	9.5000001465451E-7
743.00	9.5000001465451E-7
743.50	9.5000001465451E-7
744.00	9.5000001465451E-7
744.50	9.5000001465451E-7
745.00	9.5000001465451E-7
745.50	9.5000001465451E-7
746.00	9.5000001465451E-7
746.50	1.3172599437894E-6
747.00	1.2880899475931E-6
747.50	9.6111898528761E-7
748.00	9.5000001465451E-7
748.50	1.611119955669E-6
749.00	1.4156299812385E-6
749.50	9.5000001465451E-7
750.00	1.2311199952819E-6
750.50	1.7580599660505E-6
751.00	2.4092100829876E-6
751.50	1.6702499578969E-6
752.00	1.2900000001537E-6
752.50	1.6054799516496E-6
753.00	1.6536399698452E-6
753.50	1.403970031788E-6
754.00	2.0012600998598E-6
754.50	9.5000001465451E-7
755.00	9.5000001465451E-7
755.50	9.5000001465451E-7
756.00	9.5000001465451E-7
756.50	9.5000001465451E-7
757.00	9.5000001465451E-7
757.50	9.5000001465451E-7
758.00	9.5000001465451E-7
758.50	9.5000001465451E-7
759.00	1.2872100114691E-6
759.50	9.5000001465451E-7
760.00	9.5000001465451E-7
760.50	1.1126500112368E-6
761.00	9.5000001465451E-7
761.50	9.5000001465451E-7
762.00	9.5000001465451E-7
762.50	9.5000001465451E-7
763.00	1.2955599686393E-6
763.50	9.5000001465451E-7
764.00	1.0534799912421E-6
764.50	9.5000001465451E-7
765.00	1.1746200243579E-6
765.50	9.5000001465451E-7
766.00	1.5369699895018E-6
766.50	4.0217200876214E-6
767.00	3.9626697798667E-6
767.50	3.5936500353273E-6
768.00	3.9356400520774E-6
768.50	3.0300700473163E-6
769.00	2.508089892217E-6
769.50	9.5000001465451E-7
770.00	9.5000001465451E-7
770.50	9.5000001465451E-7
771.00	9.5000001465451E-7
771.50	9.5000001465451E-7
772.00	1.5529900565525E-6
772.50	9.5000001465451E-7
773.00	9.5000001465451E-7
773.50	1.9872099983331E-6
774.00	9.5000001465451E-7
774.50	9.5000001465451E-7
775.00	9.5000001465451E-7
775.50	9.5000001465451E-7
776.00	9.5000001465451E-7
776.50	9.5000001465451E-7
777.00	9.5000001465451E-7
777.50	9.5000001465451E-7
778.00	9.5000001465451E-7
778.50	9.5000001465451E-7
779.00	9.5000001465451E-7
779.50	9.5000001465451E-7
780.00	9.5000001465451E-7
780.50	1.4347899650602E-6
781.00	9.5000001465451E-7
781.50	9.5000001465451E-7
782.00	1.2799199566871E-6
782.50	9.5000001465451E-7
783.00	9.5000001465451E-7
783.50	9.5000001465451E-7
784.00	9.5000001465451E-7
784.50	9.5000001465451E-7
785.00	9.5000001465451E-7
785.50	9.5000001465451E-7
786.00	9.5000001465451E-7
786.50	3.9456699596485E-6
787.00	9.5000001465451E-7
787.50	9.5000001465451E-7
788.00	1.2333399581621E-6
788.50	9.5000001465451E-7
789.00	9.5000001465451E-7
789.50	9.5000001465451E-7
790.00	3.008630073964E-6
790.50	2.004210045925E-6
791.00	2.9200100470916E-6
791.50	9.5000001465451E-7
792.00	9.5000001465451E-7
792.50	1.534339958198E-6
793.00	9.5000001465451E-7
793.50	9.5000001465451E-7
794.00	9.5000001465451E-7
794.50	9.5000001465451E-7
795.00	2.9012398954364E-6
795.50	9.5000001465451E-7
796.00	1.640809955461E-6
796.50	9.5000001465451E-7
797.00	9.5000001465451E-7
797.50	1.8680600533116E-6
798.00	9.5000001465451E-7
798.50	9.5000001465451E-7
799.00	3.6827200347034E-6
799.50	2.257899950564E-6
800.00	9.5000001465451E-7
800.50	9.5000001465451E-7
801.00	9.5000001465451E-7
801.50	9.5000001465451E-7
802.00	9.5000001465451E-7
802.50	9.5000001465451E-7
803.00	9.5000001465451E-7
803.50	9.5000001465451E-7
804.00	9.5000001465451E-7
804.50	9.5000001465451E-7
805.00	9.5000001465451E-7
805.50	9.5000001465451E-7
806.00	9.5000001465451E-7
806.50	9.5000001465451E-7
807.00	9.5000001465451E-7
807.50	9.5000001465451E-7
808.00	9.5000001465451E-7
808.50	9.5000001465451E-7
809.00	9.5000001465451E-7
809.50	9.5000001465451E-7
810.00	9.5000001465451E-7
810.50	9.5000001465451E-7
811.00	9.5000001465451E-7
811.50	9.5000001465451E-7
812.00	9.5000001465451E-7
812.50	9.5000001465451E-7
813.00	9.5000001465451E-7
813.50	9.5000001465451E-7
814.00	9.5000001465451E-7
814.50	9.5000001465451E-7
815.00	9.5000001465451E-7
815.50	9.5000001465451E-7
816.00	9.5000001465451E-7
816.50	9.5000001465451E-7
817.00	9.5000001465451E-7
817.50	9.5000001465451E-7
818.00	9.5000001465451E-7
818.50	9.5000001465451E-7
819.00	9.5000001465451E-7
819.50	9.5000001465451E-7
820.00	9.5000001465451E-7
820.50	9.5000001465451E-7
821.00	9.5000001465451E-7
821.50	9.5000001465451E-7
822.00	9.5000001465451E-7
822.50	9.5000001465451E-7
823.00	9.5000001465451E-7
823.50	9.5000001465451E-7
824.00	9.5000001465451E-7
824.50	9.5000001465451E-7
825.00	9.5000001465451E-7
825.50	9.5000001465451E-7
826.00	9.5000001465451E-7
826.50	9.5000001465451E-7
827.00	9.5000001465451E-7
827.50	9.5000001465451E-7
828.00	9.5000001465451E-7
828.50	9.5000001465451E-7
829.00	9.5000001465451E-7
829.50	9.5000001465451E-7
830.00	9.5000001465451E-7
830.50	9.5000001465451E-7
831.00	1.0813599828907E-6
831.50	9.5000001465451E-7
832.00	9.5000001465451E-7
832.50	9.6751898581715E-7
833.00	1.301330030401E-6
833.50	1.1024700370399E-6
834.00	9.5000001465451E-7
834.50	9.5000001465451E-7
835.00	9.5625898666185E-7
835.50	9.5000001465451E-7
836.00	9.5000001465451E-7
836.50	9.5000001465451E-7
837.00	9.5000001465451E-7
837.50	9.5000001465451E-7
838.00	9.5000001465451E-7
838.50	9.5000001465451E-7
839.00	9.5000001465451E-7
839.50	9.5000001465451E-7
840.00	9.5000001465451E-7
840.50	9.5000001465451E-7
841.00	9.5000001465451E-7
841.50	9.5000001465451E-7
842.00	9.5000001465451E-7
842.50	9.5000001465451E-7
843.00	9.5000001465451E-7
843.50	9.5000001465451E-7
844.00	9.5000001465451E-7
844.50	9.5000001465451E-7
845.00	9.5000001465451E-7
845.50	9.5000001465451E-7
846.00	9.5000001465451E-7
846.50	9.5000001465451E-7
847.00	9.5000001465451E-7
847.50	9.5000001465451E-7
848.00	9.5000001465451E-7
848.50	9.5000001465451E-7
849.00	9.5000001465451E-7
849.50	9.5000001465451E-7
850.00	9.5000001465451E-7
850.50	9.5000001465451E-7
851.00	9.5000001465451E-7
851.50	9.5000001465451E-7
852.00	9.5000001465451E-7
852.50	9.5000001465451E-7
853.00	9.5000001465451E-7
853.50	9.5000001465451E-7
854.00	9.5000001465451E-7
854.50	9.5000001465451E-7
855.00	9.5000001465451E-7
855.50	9.5000001465451E-7
856.00	9.5000001465451E-7
856.50	9.5884604434104E-7
857.00	1.120560000345E-6
857.50	1.1006400200131E-6
858.00	1.0807300441229E-6
858.50	1.1372900416973E-6
859.00	1.1938700481551E-6
859.50	1.2862000176028E-6
860.00	1.3785900137009E-6
860.50	1.3942900523034E-6
861.00	1.4099899772191E-6
861.50	1.193949970002E-6
862.00	9.7786403330247E-7
862.50	1.0055399570774E-6
863.00	1.0332299780202E-6
863.50	1.122420030697E-6
864.00	1.2115899608034E-6
864.50	1.1672700566123E-6
865.00	1.122930029851E-6
865.50	1.0290500540577E-6
866.00	9.5000001465451E-7
866.50	9.6123596904363E-7
867.00	9.8731300113286E-7
867.50	9.5000001465451E-7
868.00	9.5000001465451E-7
868.50	9.5000001465451E-7
869.00	9.5000001465451E-7
869.50	9.5000001465451E-7
870.00	9.5000001465451E-7
870.50	9.5000001465451E-7
871.00	9.5000001465451E-7
871.50	9.5000001465451E-7
872.00	9.5000001465451E-7
872.50	9.5000001465451E-7
873.00	9.5000001465451E-7
873.50	9.5000001465451E-7
874.00	9.5000001465451E-7
874.50	9.5000001465451E-7
875.00	9.5000001465451E-7
875.50	9.5000001465451E-7
876.00	9.5000001465451E-7
876.50	9.5000001465451E-7
877.00	9.5000001465451E-7
877.50	9.5000001465451E-7
878.00	9.5000001465451E-7
878.50	9.5000001465451E-7
879.00	9.5000001465451E-7
879.50	9.5000001465451E-7
880.00	9.5000001465451E-7
880.50	9.5000001465451E-7
881.00	9.5000001465451E-7
881.50	9.5000001465451E-7
882.00	9.5000001465451E-7
882.50	9.5000001465451E-7
883.00	9.5000001465451E-7
883.50	9.5000001465451E-7
884.00	9.5000001465451E-7
884.50	9.5000001465451E-7
885.00	9.5000001465451E-7
885.50	9.5000001465451E-7
886.00	9.5000001465451E-7
886.50	9.5000001465451E-7
887.00	9.5000001465451E-7
887.50	9.5000001465451E-7
888.00	9.5000001465451E-7
888.50	9.5000001465451E-7
889.00	9.5000001465451E-7
889.50	9.5000001465451E-7
890.00	9.5000001465451E-7
890.50	9.5000001465451E-7
891.00	9.5000001465451E-7
891.50	9.5000001465451E-7
892.00	9.5000001465451E-7
892.50	9.5000001465451E-7
893.00	9.5273298938992E-7
893.50	1.0110300081578E-6
894.00	1.0693700005504E-6
894.50	1.095500010706E-6
895.00	1.1216300208616E-6
895.50	1.2725399756164E-6
896.00	1.4234700529414E-6
896.50	1.526090045445E-6
897.00	1.6287400512738E-6
897.50	1.7334999711238E-6
898.00	1.8382800135441E-6
898.50	1.928129904627E-6
899.00	2.0180300452921E-6
899.50	2.0334700820968E-6
900.00	2.0489098915277E-6
900.50	2.2068400085118E-6
901.00	2.3648599380977E-6
901.50	2.3723700905975E-6
902.00	2.3798900201655E-6
902.50	2.3967299966898E-6
903.00	2.4135799776559E-6
903.50	2.4046501039265E-6
904.00	2.3957200028235E-6
904.50	2.340299943171E-6
905.00	2.284850097567E-6
905.50	2.2297399482341E-6
906.00	2.1746200218331E-6
906.50	2.0883398974547E-6
907.00	2.0019699604745E-6
907.50	1.953950004463E-6
908.00	1.905910039568E-6
908.50	1.7703899857224E-6
909.00	1.6348800500054E-6
909.50	1.6046500377342E-6
910.00	1.5743900121379E-6
910.50	1.5090199667611E-6
911.00	1.4436300261877E-6
911.50	1.3619400078824E-6
912.00	1.2802199762518E-6
912.50	1.2772500213032E-6
913.00	1.274269948226E-6
913.50	1.1428600146246E-6
914.00	1.0113999451278E-6
914.50	1.0154600431633E-6
915.00	1.019520027512E-6
915.50	1.0125099834113E-6
916.00	1.0055000529974E-6
916.50	9.8829298167402E-7
917.00	9.7107704277732E-7
917.50	9.96643052531E-7
918.00	1.0222199762211E-6
918.50	9.9090198091289E-7
919.00	9.5957000212366E-7
919.50	9.5000001465451E-7
920.00	9.5000001465451E-7
920.50	9.5000001465451E-7
921.00	9.5229898988691E-7
921.50	9.5000001465451E-7
922.00	9.5000001465451E-7
922.50	9.5000001465451E-7
923.00	9.6696999207779E-7
923.50	9.8178895768797E-7
924.00	9.966120160243E-7
924.50	1.0497899438633E-6
925.00	1.1029500228688E-6
925.50	1.0718499652285E-6
926.00	1.0407400168333E-6
926.50	1.0735999467215E-6
927.00	1.1064599902966E-6
927.50	1.0862199815165E-6
928.00	1.0659499594112E-6
928.50	1.1336400120854E-6
929.00	1.2013599643979E-6
929.50	1.2158800473117E-6
930.00	1.2303900120969E-6
930.50	1.2373000117805E-6
931.00	1.244210011464E-6
931.50	1.3017499895795E-6
932.00	1.3592599543699E-6
932.50	1.4213900385585E-6
933.00	1.4835300135019E-6
933.50	1.5329700318034E-6
934.00	1.5824299453016E-6
934.50	1.6412999457316E-6
935.00	1.7001699461616E-6
935.50	1.7697999510347E-6
936.00	1.8394000562694E-6
936.50	1.9687099666044E-6
937.00	2.09813993024E-6
937.50	2.2679300855089E-6
938.00	2.4376699911954E-6
938.50	2.6102900392289E-6
939.00	2.7827700250782E-6
939.50	2.9549698865594E-6
940.00	3.1271499665309E-6
940.50	3.4518700431363E-6
941.00	3.7766099012515E-6
941.50	4.1396801861993E-6
942.00	4.5030901674181E-6
942.50	5.0242001634615E-6
943.00	5.5454302128055E-6
943.50	6.168979780341E-6
944.00	6.7917999331257E-6
944.50	7.6067999543739E-6
945.00	8.4216299001127E-6
945.50	9.4171800810727E-6
946.00	1.0413000381959E-5
946.50	1.1678999726428E-5
947.00	1.2945900380146E-5
947.50	1.4390499927686E-5
948.00	1.5832800272619E-5
948.50	1.7332000425085E-5
949.00	1.88319991139E-5
949.50	2.0265999410185E-5
950.00	2.1699699573219E-5
950.50	2.3096399672795E-5
951.00	2.4492299417034E-5
951.50	2.5547200493747E-5
952.00	2.6603100195643E-5
952.50	2.7353900804883E-5
953.00	2.810409932863E-5
953.50	2.8440099413274E-5
954.00	2.8775999453501E-5
954.50	2.8635300623137E-5
955.00	2.8494499929366E-5
955.50	2.8038199161529E-5
956.00	2.7581800168264E-5
956.50	2.687629967113E-5
957.00	2.6171699573752E-5
957.50	2.5297200409113E-5
958.00	2.4422499336652E-5
958.50	2.3497399524786E-5
959.00	2.2571999579668E-5
959.50	2.1706700863433E-5
960.00	2.0842300727963E-5
960.50	2.0037299691467E-5
961.00	1.9232300473959E-5
961.50	1.8665399693418E-5
962.00	1.809840068745E-5
962.50	1.7591399227967E-5
963.00	1.7084499631892E-5
963.50	1.6738300473662E-5
964.00	1.6392099496443E-5
964.50	1.6127200069604E-5
965.00	1.5862400687183E-5
965.50	1.5725499906694E-5
966.00	1.5588699170621E-5
966.50	1.5539000742137E-5
967.00	1.5489300494664E-5
967.50	1.5473500752705E-5
968.00	1.5457699191757E-5
968.50	1.5532599718426E-5
969.00	1.5607500245096E-5
969.50	1.5790999896126E-5
970.00	1.5974399502738E-5
970.50	1.6188900190173E-5
971.00	1.6403499103035E-5
971.50	1.6772299204604E-5
972.00	1.714119935059E-5
972.50	1.7569100236869E-5
973.00	1.7997099348577E-5
973.50	1.8473099771654E-5
974.00	1.8948900105897E-5
974.50	1.9588200302678E-5
975.00	2.0227500499459E-5
975.50	2.0951500118827E-5
976.00	2.1674999516108E-5
976.50	2.2583799363929E-5
977.00	2.3493099433836E-5
977.50	2.455120011291E-5
978.00	2.5609200747567E-5
978.50	2.6860299840337E-5
979.00	2.8111700885347E-5
979.50	2.9684200853808E-5
980.00	3.1256098736776E-5
980.50	3.3027099561878E-5
981.00	3.4797001717379E-5
981.50	3.6909801565344E-5
982.00	3.9024198486004E-5
982.50	4.1634000808699E-5
983.00	4.4242100557312E-5
983.50	4.7328700020444E-5
984.00	5.0415001169313E-5
984.50	5.4226300562732E-5
985.00	5.8040601288667E-5
985.50	6.2687897298019E-5
986.00	6.7330496676732E-5
986.50	7.3018898547161E-5
987.00	7.8709999797866E-5
987.50	8.5821200627834E-5
988.00	9.2937298177276E-5
988.50	0.00010169199958909
989.00	0.0001104379989556
989.50	0.00012171999696875
990.00	0.00013299800048117
990.50	0.00014734000433236
991.00	0.00016169200534932
991.50	0.00017981299606618
992.00	0.0001979439985007
992.50	0.00022186999558471
993.00	0.00024576199939474
993.50	0.00027628600946628
994.00	0.00030683100339957
994.50	0.00034722298732959
995.00	0.00038759899325669
995.50	0.00044323899783194
996.00	0.00049886602209881
996.50	0.00057088502217084
997.00	0.00064296001801267
997.50	0.00074130902066827
998.00	0.00083958398317918
998.50	0.0009723289986141
999.00	0.0011051699984819
999.50	0.0012788299936801
1,000.00	0.0014525200240314
1,000.50	0.0016812699614093
1,001.00	0.0019097799668089
1,001.50	0.0021969499066472
1,002.00	0.0024843399878591
1,002.50	0.0028349000494927
1,003.00	0.0031856000423431
1,003.50	0.0035961999092251
1,004.00	0.0040067499503493
1,004.50	0.0044421697966754
1,005.00	0.0048775500617921
1,005.50	0.0053384900093079
1,006.00	0.0057995598763227
1,006.50	0.0062298597767949
1,007.00	0.0066601200960577
1,007.50	0.0070500001311302
1,008.00	0.0074401898309588
1,008.50	0.0077804699540138
1,009.00	0.0081205498427153
1,009.50	0.0083854598924518
1,010.00	0.0086501901969314
1,010.50	0.0088759595528245
1,011.00	0.0091019095852971
1,011.50	0.0093107102438807
1,012.00	0.0095195798203349
1,012.50	0.0097210397943854
1,013.00	0.0099224699661136
1,013.50	0.010162100195885
1,014.00	0.010401800274849
1,014.50	0.010699500329792
1,015.00	0.010997099801898
1,015.50	0.011403700336814
1,016.00	0.011810599826276
1,016.50	0.012347499839962
1,017.00	0.012884399853647
1,017.50	0.013583200052381
1,018.00	0.01428209990263
1,018.50	0.015223800204694
1,019.00	0.016165299341083
1,019.50	0.0174017008394
1,020.00	0.018638599663973
1,020.50	0.020184399560094
1,021.00	0.021729800850153
1,021.50	0.023861300200224
1,022.00	0.025992099195719
1,022.50	0.028654800727963
1,023.00	0.031318798661232
1,023.50	0.034921400249004
1,024.00	0.038526598364115
1,024.50	0.043566700071096
1,025.00	0.048603501170874
1,025.50	0.055226899683475
1,026.00	0.061849601566792
1,026.50	0.071509897708893
1,027.00	0.081178702414036
1,027.50	0.094841696321964
1,028.00	0.10850799828768
1,028.50	0.12721399962902
1,029.00	0.14591200649738
1,029.50	0.17057499289513
1,030.00	0.19524000585079
1,030.50	0.22147600352764
1,031.00	0.24772800505161
1,031.50	0.26784199476242
1,032.00	0.28795099258423
1,032.50	0.29358100891113
1,033.00	0.29921099543571
1,033.50	0.29043599963188
1,034.00	0.28165599703789
1,034.50	0.26495599746704
1,035.00	0.24825300276279
1,035.50	0.23165500164032
1,036.00	0.21505799889565
1,036.50	0.20083700120449
1,037.00	0.18661400675774
1,037.50	0.17523799836636
1,038.00	0.16385899484158
1,038.50	0.15580700337887
1,039.00	0.1477510035038
1,039.50	0.14200800657272
1,040.00	0.13626599311829
1,040.50	0.13230200111866
1,041.00	0.12833899259567
1,041.50	0.12595200538635
1,042.00	0.12356600165367
1,042.50	0.12256100028753
1,043.00	0.12155699729919
1,043.50	0.12177100032568
1,044.00	0.12198600172997
1,044.50	0.12321799993515
1,045.00	0.12445099651814
1,045.50	0.12697799503803
1,046.00	0.12950600683689
1,046.50	0.13298599421978
1,047.00	0.13646599650383
1,047.50	0.14131900668144
1,048.00	0.14617200195789
1,048.50	0.1523579955101
1,049.00	0.15854699909687
1,049.50	0.1662379950285
1,050.00	0.17393100261688
1,050.50	0.18383799493313
1,051.00	0.19374400377274
1,051.50	0.20513500273228
1,052.00	0.21652899682522
1,052.50	0.23004500567913
1,053.00	0.24356600642204
1,053.50	0.25982800126076
1,054.00	0.27608901262283
1,054.50	0.29346400499344
1,055.00	0.31083700060844
1,055.50	0.32903000712395
1,056.00	0.34721800684929
1,056.50	0.36630800366402
1,057.00	0.38540500402451
1,057.50	0.40119001269341
1,058.00	0.4169810116291
1,058.50	0.43009400367737
1,059.00	0.44320601224899
1,059.50	0.45106101036072
1,060.00	0.45892199873924
1,060.50	0.46183699369431
1,061.00	0.46475100517273
1,061.50	0.46351799368858
1,062.00	0.46228501200676
1,062.50	0.45757600665092
1,063.00	0.45286899805069
1,063.50	0.44650700688362
1,064.00	0.44014498591423
1,064.50	0.43320000171661
1,065.00	0.42625299096107
1,065.50	0.42005300521851
1,066.00	0.41384899616241
1,066.50	0.40804100036621
1,067.00	0.40223601460457
1,067.50	0.39849901199341
1,068.00	0.39476099610329
1,068.50	0.39193698763847
1,069.00	0.38911101222038
1,069.50	0.38916999101639
1,070.00	0.38923001289368
1,070.50	0.39011201262474
1,071.00	0.3909940123558
1,071.50	0.39450100064278
1,072.00	0.39800900220871
1,072.50	0.40253099799156
1,073.00	0.40705499053001
1,073.50	0.4144249856472
1,074.00	0.42179700732231
1,074.50	0.43065801262856
1,075.00	0.43951401114464
1,075.50	0.45058000087738
1,076.00	0.46164399385452
1,076.50	0.47474199533463
1,077.00	0.48784399032593
1,077.50	0.5025600194931
1,078.00	0.51727801561356
1,078.50	0.53268700838089
1,079.00	0.54811197519302
1,079.50	0.56448400020599
1,080.00	0.58084398508072
1,080.50	0.59616297483444
1,081.00	0.61149197816849
1,081.50	0.62484502792358
1,082.00	0.63819301128387
1,082.50	0.6489030122757
1,083.00	0.65961301326752
1,083.50	0.66494101285934
1,084.00	0.67027199268341
1,084.50	0.67093598842621
1,085.00	0.67159801721573
1,085.50	0.66675502061844
1,086.00	0.66191202402115
1,086.50	0.65276598930359
1,087.00	0.64361798763275
1,087.50	0.63055902719498
1,088.00	0.61749601364136
1,088.50	0.60257202386856
1,089.00	0.58765399456024
1,089.50	0.57160997390747
1,090.00	0.55556201934814
1,090.50	0.5393739938736
1,091.00	0.52318501472473
1,091.50	0.50772202014923
1,092.00	0.49226599931717
1,092.50	0.4775770008564
1,093.00	0.46288499236107
1,093.50	0.45044100284576
1,094.00	0.43799498677254
1,094.50	0.42656001448631
1,095.00	0.4151299893856
1,095.50	0.40516498684883
1,096.00	0.39519500732422
1,096.50	0.38719999790192
1,097.00	0.37920498847961
1,097.50	0.37220901250839
1,098.00	0.36520901322365
1,098.50	0.35968199372292
1,099.00	0.35415399074554
1,099.50	0.34959200024605
1,100.00	0.34503400325775
1,100.50	0.34148299694061
1,101.00	0.33792999386787
1,101.50	0.33549299836159
1,102.00	0.33305498957634
1,102.50	0.33146899938583
1,103.00	0.32988399267197
1,103.50	0.32911801338196
1,104.00	0.32835200428963
1,104.50	0.32822498679161
1,105.00	0.32809799909592
1,105.50	0.32874700427055
1,106.00	0.32939600944519
1,106.50	0.33067300915718
1,107.00	0.33194899559021
1,107.50	0.33318099379539
1,108.00	0.33441200852394
1,108.50	0.33692601323128
1,109.00	0.33944401144981
1,109.50	0.34193199872971
1,110.00	0.3444199860096
1,110.50	0.34687098860741
1,111.00	0.34932199120522
1,111.50	0.35234901309013
1,112.00	0.35537400841713
1,112.50	0.35859099030495
1,113.00	0.36181101202965
1,113.50	0.3648529946804
1,114.00	0.36789599061012
1,114.50	0.37091198563576
1,115.00	0.37392699718475
1,115.50	0.37688100337982
1,116.00	0.37983700633049
1,116.50	0.38243401050568
1,117.00	0.3850300014019
1,117.50	0.3876020014286
1,118.00	0.39017599821091
1,118.50	0.39276599884033
1,119.00	0.39535599946976
1,119.50	0.39741799235344
1,120.00	0.39947798848152
1,120.50	0.40139800310135
1,121.00	0.40331700444221
1,121.50	0.40524101257324
1,122.00	0.40716600418091
1,122.50	0.40884599089622
1,123.00	0.4105269908905
1,123.50	0.41175299882889
1,124.00	0.41297701001167
1,124.50	0.41420900821686
1,125.00	0.41544100642204
1,125.50	0.41675201058388
1,126.00	0.41806399822235
1,126.50	0.41981101036072
1,127.00	0.42156198620796
1,127.50	0.42316100001335
1,128.00	0.42475900053978
1,128.50	0.4264740049839
1,129.00	0.42818900942802
1,129.50	0.43049800395966
1,130.00	0.43280500173569
1,130.50	0.43499100208282
1,131.00	0.43717700242996
1,131.50	0.43998399376869
1,132.00	0.44279199838638
1,132.50	0.44584500789642
1,133.00	0.44890001416206
1,133.50	0.45234799385071
1,134.00	0.45579698681831
1,134.50	0.45938700437546
1,135.00	0.46297100186348
1,135.50	0.46650099754333
1,136.00	0.47002899646759
1,136.50	0.47458600997925
1,137.00	0.47914901375771
1,137.50	0.48478999733925
1,138.00	0.49043300747871
1,138.50	0.49579501152039
1,139.00	0.50115597248077
1,139.50	0.50650298595428
1,140.00	0.51184898614883
1,140.50	0.51701098680496
1,141.00	0.52216702699661
1,141.50	0.52866500616074
1,142.00	0.53516000509262
1,142.50	0.5422700047493
1,143.00	0.54938900470734
1,143.50	0.55577701330185
1,144.00	0.5621640086174
1,144.50	0.56830900907516
1,145.00	0.57445597648621
1,145.50	0.58110398054123
1,146.00	0.58775097131729
1,146.50	0.59442800283432
1,147.00	0.60109800100327
1,147.50	0.6071879863739
1,148.00	0.61327797174454
1,148.50	0.61911600828171
1,149.00	0.62496197223663
1,149.50	0.62994402647018
1,150.00	0.63492298126221
1,150.50	0.64113199710846
1,151.00	0.64734202623367
1,151.50	0.65141600370407
1,152.00	0.65548598766327
1,152.50	0.65841197967529
1,153.00	0.66133797168732
1,153.50	0.66402399539948
1,154.00	0.66671001911163
1,154.50	0.66849100589752
1,155.00	0.67027199268341
1,155.50	0.67196899652481
1,156.00	0.67366898059845
1,156.50	0.67391097545624
1,157.00	0.67415398359299
1,157.50	0.67339998483658
1,158.00	0.67264699935913
1,158.50	0.67048197984695
1,159.00	0.6683189868927
1,159.50	0.66573399305344
1,160.00	0.66314697265625
1,160.50	0.65896099805832
1,161.00	0.65477800369263
1,161.50	0.65045702457428
1,162.00	0.64613401889801
1,162.50	0.64125502109528
1,163.00	0.63637000322342
1,163.50	0.63025802373886
1,164.00	0.62414997816086
1,164.50	0.61866897344589
1,165.00	0.61318802833557
1,165.50	0.60675102472305
1,166.00	0.60031801462173
1,166.50	0.5937420129776
1,167.00	0.58716797828674
1,167.50	0.58031797409058
1,168.00	0.57347100973129
1,168.50	0.56650000810623
1,169.00	0.55952697992325
1,169.50	0.55274498462677
1,170.00	0.54595899581909
1,170.50	0.53913801908493
1,171.00	0.53231501579285
1,171.50	0.52595597505569
1,172.00	0.51959699392319
1,172.50	0.51407599449158
1,173.00	0.50855398178101
1,173.50	0.50339299440384
1,174.00	0.49823600053787
1,174.50	0.49359199404716
1,175.00	0.48895001411438
1,175.50	0.48506900668144
1,176.00	0.4811879992485
1,176.50	0.47775000333786
1,177.00	0.47431200742722
1,177.50	0.47132098674774
1,178.00	0.46833100914955
1,178.50	0.46624898910522
1,179.00	0.46416500210762
1,179.50	0.46253898739815
1,180.00	0.46091198921204
1,180.50	0.46002900600433
1,181.00	0.45914700627327
1,181.50	0.45885801315308
1,182.00	0.45856899023056
1,182.50	0.4590930044651
1,183.00	0.45961698889732
1,183.50	0.46132001280785
1,184.00	0.46302199363708
1,184.50	0.46570700407028
1,185.00	0.46839201450348
1,185.50	0.47192800045013
1,186.00	0.47546100616455
1,186.50	0.48028498888016
1,187.00	0.48511001467705
1,187.50	0.49140700697899
1,188.00	0.49770501255989
1,188.50	0.50490802526474
1,189.00	0.51211702823639
1,189.50	0.52132499217987
1,190.00	0.53052997589111
1,190.50	0.540078997612
1,191.00	0.549624979496
1,191.50	0.56117498874664
1,192.00	0.57274001836777
1,192.50	0.58639097213745
1,193.00	0.60005301237106
1,193.50	0.61378401517868
1,194.00	0.62751001119614
1,194.50	0.64342200756073
1,195.00	0.65933299064636
1,195.50	0.67627102136612
1,196.00	0.69319897890091
1,196.50	0.71114099025726
1,197.00	0.72908902168274
1,197.50	0.74775499105453
1,198.00	0.76639997959137
1,198.50	0.78515601158142
1,199.00	0.80392301082611
1,199.50	0.82249599695206
1,200.00	0.8410570025444
