400,000	0,063
401,000	0,063
402,000	0,064
403,000	0,064
404,000	0,064
405,000	0,065
406,000	0,065
407,000	0,065
408,000	0,066
409,000	0,066
410,000	0,067
411,000	0,067
412,000	0,067
413,000	0,068
414,000	0,068
415,000	0,068
416,000	0,069
417,000	0,069
418,000	0,070
419,000	0,071
420,000	0,072
421,000	0,073
422,000	0,074
423,000	0,075
424,000	0,076
425,000	0,077
426,000	0,077
427,000	0,078
428,000	0,079
429,000	0,080
430,000	0,081
431,000	0,082
432,000	0,085
433,000	0,088
434,000	0,090
435,000	0,093
436,000	0,095
437,000	0,098
438,000	0,100
439,000	0,103
440,000	0,105
441,000	0,108
442,000	0,110
443,000	0,113
444,000	0,116
445,000	0,118
446,000	0,121
447,000	0,123
448,000	0,125
449,000	0,126
450,000	0,128
451,000	0,129
452,000	0,131
453,000	0,132
454,000	0,134
455,000	0,135
456,000	0,137
457,000	0,138
458,000	0,140
459,000	0,141
460,000	0,143
461,000	0,144
462,000	0,146
463,000	0,147
464,000	0,149
465,000	0,150
466,000	0,152
467,000	0,154
468,000	0,155
469,000	0,155
470,000	0,156
471,000	0,156
472,000	0,157
473,000	0,157
474,000	0,158
475,000	0,159
476,000	0,159
477,000	0,160
478,000	0,160
479,000	0,161
480,000	0,161
481,000	0,162
482,000	0,162
483,000	0,163
484,000	0,163
485,000	0,164
486,000	0,164
487,000	0,165
488,000	0,165
489,000	0,166
490,000	0,167
491,000	0,167
492,000	0,167
493,000	0,167
494,000	0,168
495,000	0,168
496,000	0,168
497,000	0,168
498,000	0,168
499,000	0,168
500,000	0,169
501,000	0,169
502,000	0,169
503,000	0,169
504,000	0,169
505,000	0,169
506,000	0,170
507,000	0,170
508,000	0,170
509,000	0,170
510,000	0,170
511,000	0,171
512,000	0,174
513,000	0,177
514,000	0,179
515,000	0,182
516,000	0,184
517,000	0,187
518,000	0,189
519,000	0,192
520,000	0,195
521,000	0,197
522,000	0,200
523,000	0,202
524,000	0,205
525,000	0,207
526,000	0,212
527,000	0,218
528,000	0,224
529,000	0,230
530,000	0,236
531,000	0,242
532,000	0,248
533,000	0,254
534,000	0,260
535,000	0,266
536,000	0,272
537,000	0,278
538,000	0,283
539,000	0,286
540,000	0,289
541,000	0,292
542,000	0,295
543,000	0,298
544,000	0,301
545,000	0,304
546,000	0,307
547,000	0,310
548,000	0,313
549,000	0,316
550,000	0,319
551,000	0,323
552,000	0,326
553,000	0,329
554,000	0,333
555,000	0,337
556,000	0,342
557,000	0,346
558,000	0,350
559,000	0,355
560,000	0,359
561,000	0,374
562,000	0,393
563,000	0,411
564,000	0,429
565,000	0,447
566,000	0,465
567,000	0,483
568,000	0,501
569,000	0,520
570,000	0,545
571,000	0,581
572,000	0,616
573,000	0,652
574,000	0,687
575,000	0,723
576,000	0,758
577,000	0,794
578,000	0,829
579,000	0,864
580,000	0,900
581,000	0,935
582,000	0,960
583,000	0,984
584,000	0,994
585,000	0,998
586,000	0,999
587,000	1,000
588,000	0,975
589,000	0,949
590,000	0,922
591,000	0,895
592,000	0,862
593,000	0,814
594,000	0,766
595,000	0,718
596,000	0,657
597,000	0,596
598,000	0,535
599,000	0,478
600,000	0,424
601,000	0,370
602,000	0,329
603,000	0,288
604,000	0,248
605,000	0,207
606,000	0,173
607,000	0,159
608,000	0,144
609,000	0,129
610,000	0,115
611,000	0,100
612,000	0,087
613,000	0,080
614,000	0,074
615,000	0,067
616,000	0,060
617,000	0,054
618,000	0,047
619,000	0,040
620,000	0,034
621,000	0,030
622,000	0,027
623,000	0,023
624,000	0,019
625,000	0,016
626,000	0,013
627,000	0,012
628,000	0,011
629,000	0,010
630,000	0,009
631,000	0,009
632,000	0,008
633,000	0,007
634,000	0,006
635,000	0,005
636,000	0,005
637,000	0,004
638,000	0,003
639,000	0,003
640,000	0,003
641,000	0,003
642,000	0,003
643,000	0,003
644,000	0,003
645,000	0,003
646,000	0,003
647,000	0,003
648,000	0,003
649,000	0,003
650,000	0,003
