300.00	3.95714E-06
301.00	2.81086E-06
302.00	1.00000E-08
303.00	7.98360E-06
304.00	8.76879E-07
305.00	6.92766E-06
306.00	2.24736E-06
307.00	6.64709E-07
308.00	1.00000E-08
309.00	1.00000E-08
310.00	1.00000E-08
311.00	2.84869E-06
312.00	1.83328E-06
313.00	7.43192E-06
314.00	1.00000E-08
315.00	5.06776E-06
316.00	6.43373E-06
317.00	4.20290E-06
318.00	1.63415E-07
319.00	1.44115E-06
320.00	1.28476E-06
321.00	1.00000E-08
322.00	1.00000E-08
323.00	1.00000E-08
324.00	3.82912E-06
325.00	1.00000E-08
326.00	1.00000E-08
327.00	2.20480E-06
328.00	1.00000E-08
329.00	1.00000E-08
330.00	1.00000E-08
331.00	1.00000E-08
332.00	4.20357E-07
333.00	4.02254E-06
334.00	4.53819E-06
335.00	1.00000E-08
336.00	3.34489E-06
337.00	1.16388E-06
338.00	1.92843E-06
339.00	1.00000E-08
340.00	3.79226E-07
341.00	1.00000E-08
342.00	1.00000E-08
343.00	5.90013E-06
344.00	2.92618E-06
345.00	1.00000E-08
346.00	1.81343E-06
347.00	1.00000E-08
348.00	3.73187E-06
349.00	4.28770E-06
350.00	2.11324E-05
351.00	3.28167E-05
352.00	5.42215E-05
353.00	1.00718E-04
354.00	1.94617E-04
355.00	3.32396E-04
356.00	5.76764E-04
357.00	9.24818E-04
358.00	1.44310E-03
359.00	2.14135E-03
360.00	3.07434E-03
361.00	4.25991E-03
362.00	5.79781E-03
363.00	7.47408E-03
364.00	9.51680E-03
365.00	1.20360E-02
366.00	1.49244E-02
367.00	1.79833E-02
368.00	2.05140E-02
369.00	2.22970E-02
370.00	2.31238E-02
371.00	2.26916E-02
372.00	2.02370E-02
373.00	1.57360E-02
374.00	1.06251E-02
375.00	6.52311E-03
376.00	4.20555E-03
377.00	3.15545E-03
378.00	2.76665E-03
379.00	2.79720E-03
380.00	3.17866E-03
381.00	3.92378E-03
382.00	5.11806E-03
383.00	7.10688E-03
384.00	1.06173E-02
385.00	1.73392E-02
386.00	3.11046E-02
387.00	5.74834E-02
388.00	1.02287E-01
389.00	1.66849E-01
390.00	2.43686E-01
391.00	3.15904E-01
392.00	3.64017E-01
393.00	3.89520E-01
394.00	4.11694E-01
395.00	4.45598E-01
396.00	4.83957E-01
397.00	5.11136E-01
398.00	5.14855E-01
399.00	5.08223E-01
400.00	5.10328E-01
401.00	5.34684E-01
402.00	5.77837E-01
403.00	6.22533E-01
404.00	6.53352E-01
405.00	6.63352E-01
406.00	6.59622E-01
407.00	6.52784E-01
408.00	6.53310E-01
409.00	6.63243E-01
410.00	6.80751E-01
411.00	6.96939E-01
412.00	7.05708E-01
413.00	7.02292E-01
414.00	6.88434E-01
415.00	6.63594E-01
416.00	6.23664E-01
417.00	5.62310E-01
418.00	4.77580E-01
419.00	3.76643E-01
420.00	2.78478E-01
421.00	1.98949E-01
422.00	1.45562E-01
423.00	1.16454E-01
424.00	1.08868E-01
425.00	1.22843E-01
426.00	1.61446E-01
427.00	2.18287E-01
428.00	2.76580E-01
429.00	3.13820E-01
430.00	3.13871E-01
431.00	2.79997E-01
432.00	2.35620E-01
433.00	2.06411E-01
434.00	2.11024E-01
435.00	2.51968E-01
436.00	3.16270E-01
437.00	3.88361E-01
438.00	4.46559E-01
439.00	4.70434E-01
440.00	4.56152E-01
441.00	4.21307E-01
442.00	3.89551E-01
443.00	3.83284E-01
444.00	4.08911E-01
445.00	4.52694E-01
446.00	4.95333E-01
447.00	5.27065E-01
448.00	5.39542E-01
449.00	5.24805E-01
450.00	4.90978E-01
451.00	4.48848E-01
452.00	3.95777E-01
453.00	3.37683E-01
454.00	2.85291E-01
455.00	2.48654E-01
456.00	2.32969E-01
457.00	2.37069E-01
458.00	2.46521E-01
459.00	2.40742E-01
460.00	2.07450E-01
461.00	1.48745E-01
462.00	8.50918E-02
463.00	4.03549E-02
464.00	1.87502E-02
465.00	1.02902E-02
466.00	6.40386E-03
467.00	4.39909E-03
468.00	3.26900E-03
469.00	2.56083E-03
470.00	2.11497E-03
471.00	1.81038E-03
472.00	1.60358E-03
473.00	1.47962E-03
474.00	1.38290E-03
475.00	1.33743E-03
476.00	1.32729E-03
477.00	1.34458E-03
478.00	1.40841E-03
479.00	1.49061E-03
480.00	1.65156E-03
481.00	1.84187E-03
482.00	2.11406E-03
483.00	2.50844E-03
484.00	3.01162E-03
485.00	3.74461E-03
486.00	4.78263E-03
487.00	6.25497E-03
488.00	8.46172E-03
489.00	1.16702E-02
490.00	1.66328E-02
491.00	2.44702E-02
492.00	3.64936E-02
493.00	5.55629E-02
494.00	8.40685E-02
495.00	1.24180E-01
496.00	1.77245E-01
497.00	2.39760E-01
498.00	3.09374E-01
499.00	3.82736E-01
500.00	4.55202E-01
501.00	5.27318E-01
502.00	6.02794E-01
503.00	6.78519E-01
504.00	7.53036E-01
505.00	8.20723E-01
506.00	8.75302E-01
507.00	9.14997E-01
508.00	9.37828E-01
509.00	9.48241E-01
510.00	9.50166E-01
511.00	9.48529E-01
512.00	9.45798E-01
513.00	9.44056E-01
514.00	9.41043E-01
515.00	9.35688E-01
516.00	9.27461E-01
517.00	9.13556E-01
518.00	8.96276E-01
519.00	8.77887E-01
520.00	8.58514E-01
521.00	8.41192E-01
522.00	8.30253E-01
523.00	8.28214E-01
524.00	8.34350E-01
525.00	8.48784E-01
526.00	8.66807E-01
527.00	8.84164E-01
528.00	8.94593E-01
529.00	8.94516E-01
530.00	8.80997E-01
531.00	8.55521E-01
532.00	8.21558E-01
533.00	7.83571E-01
534.00	7.48382E-01
535.00	7.21899E-01
536.00	7.07707E-01
537.00	7.08445E-01
538.00	7.23222E-01
539.00	7.51183E-01
540.00	7.84969E-01
541.00	8.17210E-01
542.00	8.39148E-01
543.00	8.43487E-01
544.00	8.24465E-01
545.00	7.79481E-01
546.00	7.12485E-01
547.00	6.29610E-01
548.00	5.40203E-01
549.00	4.52128E-01
550.00	3.71630E-01
551.00	3.03905E-01
552.00	2.47964E-01
553.00	2.03776E-01
554.00	1.69704E-01
555.00	1.43833E-01
556.00	1.24430E-01
557.00	1.10174E-01
558.00	9.93826E-02
559.00	9.16781E-02
560.00	8.62963E-02
561.00	8.27377E-02
562.00	8.05758E-02
563.00	7.96868E-02
564.00	7.99675E-02
565.00	8.11518E-02
566.00	8.33945E-02
567.00	8.64784E-02
568.00	9.04872E-02
569.00	9.58023E-02
570.00	1.02351E-01
571.00	1.10419E-01
572.00	1.20284E-01
573.00	1.32235E-01
574.00	1.47226E-01
575.00	1.65383E-01
576.00	1.87802E-01
577.00	2.14914E-01
578.00	2.46812E-01
579.00	2.84959E-01
580.00	3.29038E-01
581.00	3.78244E-01
582.00	4.33726E-01
583.00	4.91576E-01
584.00	5.51394E-01
585.00	6.12451E-01
586.00	6.71671E-01
587.00	7.28568E-01
588.00	7.80589E-01
589.00	8.26449E-01
590.00	8.64460E-01
591.00	8.97376E-01
592.00	9.21300E-01
593.00	9.38964E-01
594.00	9.49714E-01
595.00	9.55491E-01
596.00	9.59185E-01
597.00	9.59747E-01
598.00	9.57013E-01
599.00	9.54769E-01
600.00	9.54146E-01
601.00	9.51282E-01
602.00	9.47706E-01
603.00	9.47009E-01
604.00	9.45038E-01
605.00	9.42627E-01
606.00	9.43831E-01
607.00	9.43769E-01
608.00	9.42914E-01
609.00	9.46230E-01
610.00	9.46470E-01
611.00	9.49071E-01
612.00	9.50543E-01
613.00	9.50078E-01
614.00	9.49991E-01
615.00	9.47342E-01
616.00	9.44791E-01
617.00	9.41294E-01
618.00	9.36952E-01
619.00	9.32065E-01
620.00	9.26124E-01
621.00	9.22374E-01
622.00	9.19604E-01
623.00	9.18767E-01
624.00	9.18793E-01
625.00	9.19896E-01
626.00	9.22087E-01
627.00	9.25866E-01
628.00	9.30156E-01
629.00	9.35495E-01
630.00	9.39830E-01
631.00	9.44320E-01
632.00	9.48061E-01
633.00	9.51177E-01
634.00	9.52298E-01
635.00	9.52194E-01
636.00	9.49253E-01
637.00	9.42946E-01
638.00	9.34924E-01
639.00	9.23104E-01
640.00	9.07764E-01
641.00	8.88813E-01
642.00	8.68422E-01
643.00	8.45152E-01
644.00	8.21639E-01
645.00	7.98701E-01
646.00	7.76210E-01
647.00	7.58075E-01
648.00	7.44445E-01
649.00	7.35799E-01
650.00	7.33334E-01
651.00	7.36780E-01
652.00	7.45278E-01
653.00	7.56878E-01
654.00	7.69753E-01
655.00	7.81883E-01
656.00	7.90863E-01
657.00	7.94157E-01
658.00	7.90050E-01
659.00	7.75571E-01
660.00	7.49570E-01
661.00	7.13314E-01
662.00	6.66645E-01
663.00	6.12080E-01
664.00	5.53190E-01
665.00	4.91357E-01
666.00	4.30149E-01
667.00	3.70356E-01
668.00	3.13694E-01
669.00	2.64198E-01
670.00	2.21277E-01
671.00	1.84790E-01
672.00	1.55434E-01
673.00	1.31922E-01
674.00	1.13576E-01
675.00	9.96160E-02
676.00	8.86890E-02
677.00	8.08258E-02
678.00	7.49686E-02
679.00	7.07661E-02
680.00	6.78671E-02
681.00	6.57314E-02
682.00	6.41501E-02
683.00	6.26750E-02
684.00	6.11716E-02
685.00	5.92848E-02
686.00	5.69698E-02
687.00	5.42369E-02
688.00	5.08517E-02
689.00	4.71519E-02
690.00	4.30977E-02
691.00	3.89252E-02
692.00	3.47410E-02
693.00	3.07789E-02
694.00	2.71591E-02
695.00	2.38308E-02
696.00	2.09783E-02
697.00	1.85215E-02
698.00	1.64819E-02
699.00	1.47535E-02
700.00	1.34489E-02
701.00	1.23484E-02
702.00	1.14432E-02
703.00	1.07624E-02
704.00	1.02474E-02
705.00	9.91105E-03
706.00	9.66607E-03
707.00	9.62393E-03
708.00	9.71386E-03
709.00	9.86196E-03
710.00	1.02507E-02
711.00	1.08190E-02
712.00	1.15613E-02
713.00	1.26264E-02
714.00	1.39907E-02
715.00	1.57976E-02
716.00	1.83196E-02
717.00	2.15161E-02
718.00	2.57239E-02
719.00	3.12820E-02
720.00	3.80902E-02
721.00	4.61269E-02
722.00	5.52067E-02
723.00	6.43721E-02
724.00	7.31449E-02
725.00	8.10411E-02
726.00	8.72616E-02
727.00	9.14621E-02
728.00	9.32727E-02
729.00	9.26160E-02
730.00	8.96179E-02
731.00	8.45010E-02
732.00	7.76632E-02
733.00	7.01464E-02
734.00	6.22214E-02
735.00	5.47727E-02
736.00	4.84524E-02
737.00	4.33896E-02
738.00	3.95453E-02
739.00	3.69744E-02
740.00	3.53603E-02
741.00	3.44637E-02
742.00	3.42404E-02
743.00	3.42339E-02
744.00	3.45885E-02
745.00	3.53042E-02
746.00	3.61317E-02
747.00	3.67838E-02
748.00	3.73852E-02
749.00	3.77791E-02
750.00	3.79641E-02
751.00	3.75900E-02
752.00	3.69837E-02
753.00	3.59327E-02
754.00	3.46256E-02
755.00	3.31527E-02
756.00	3.11837E-02
757.00	2.92263E-02
758.00	2.72203E-02
759.00	2.53915E-02
760.00	2.36557E-02
761.00	2.20864E-02
762.00	2.04213E-02
763.00	1.93236E-02
764.00	1.82011E-02
765.00	1.73319E-02
766.00	1.66869E-02
767.00	1.61600E-02
768.00	1.58275E-02
769.00	1.56355E-02
770.00	1.54626E-02
771.00	1.55134E-02
772.00	1.56507E-02
773.00	1.57353E-02
774.00	1.60400E-02
775.00	1.63298E-02
776.00	1.66618E-02
777.00	1.68643E-02
778.00	1.69949E-02
779.00	1.72320E-02
780.00	1.73442E-02
781.00	1.71878E-02
782.00	1.70429E-02
783.00	1.67382E-02
784.00	1.64583E-02
785.00	1.57884E-02
786.00	1.52399E-02
787.00	1.45737E-02
788.00	1.39503E-02
789.00	1.31178E-02
790.00	1.24939E-02
791.00	1.17998E-02
792.00	1.11861E-02
793.00	1.06315E-02
794.00	1.00224E-02
795.00	9.57186E-03
796.00	9.17584E-03
797.00	8.86159E-03
798.00	8.55027E-03
799.00	8.41527E-03
800.00	8.28693E-03
801.00	8.16690E-03
802.00	8.08498E-03
803.00	8.27136E-03
804.00	8.32534E-03
805.00	8.51125E-03
806.00	8.73145E-03
807.00	8.94626E-03
808.00	9.32124E-03
809.00	9.78163E-03
810.00	1.00503E-02
811.00	1.04212E-02
812.00	1.09257E-02
813.00	1.12987E-02
814.00	1.16773E-02
815.00	1.19531E-02
816.00	1.23187E-02
817.00	1.24856E-02
818.00	1.24139E-02
819.00	1.24721E-02
820.00	1.20112E-02
821.00	1.17950E-02
822.00	1.14871E-02
823.00	1.11051E-02
824.00	1.06802E-02
825.00	1.01989E-02
826.00	9.69776E-03
827.00	9.19430E-03
828.00	8.70301E-03
829.00	8.22667E-03
830.00	7.79058E-03
831.00	7.39397E-03
832.00	7.04815E-03
833.00	6.73594E-03
834.00	6.48606E-03
835.00	6.28720E-03
836.00	6.13039E-03
837.00	6.03985E-03
838.00	5.99965E-03
839.00	6.00378E-03
840.00	6.06773E-03
841.00	6.18959E-03
842.00	6.36599E-03
843.00	6.59763E-03
844.00	6.88473E-03
845.00	7.22887E-03
846.00	7.63912E-03
847.00	8.12766E-03
848.00	8.67369E-03
849.00	9.29998E-03
850.00	9.97492E-03
851.00	1.06815E-02
852.00	1.14298E-02
853.00	1.21206E-02
854.00	1.27392E-02
855.00	1.32517E-02
856.00	1.35823E-02
857.00	1.37136E-02
858.00	1.36353E-02
859.00	1.33349E-02
860.00	1.28268E-02
861.00	1.21442E-02
862.00	1.13146E-02
863.00	1.03800E-02
864.00	9.36966E-03
865.00	8.36381E-03
866.00	7.39100E-03
867.00	6.47119E-03
868.00	5.64333E-03
869.00	4.93875E-03
870.00	4.30965E-03
871.00	3.75787E-03
872.00	3.31757E-03
873.00	2.94273E-03
874.00	2.61911E-03
875.00	2.36130E-03
876.00	2.14539E-03
877.00	1.94314E-03
878.00	1.78199E-03
879.00	1.64734E-03
880.00	1.53548E-03
881.00	1.43892E-03
882.00	1.35614E-03
883.00	1.27780E-03
884.00	1.21709E-03
885.00	1.16220E-03
886.00	1.12162E-03
887.00	1.08187E-03
888.00	1.04330E-03
889.00	1.02080E-03
890.00	9.97869E-04
891.00	9.78475E-04
892.00	9.64116E-04
893.00	9.55756E-04
894.00	9.49128E-04
895.00	9.46500E-04
896.00	9.47584E-04
897.00	9.53855E-04
898.00	9.68536E-04
899.00	9.71578E-04
900.00	9.97834E-04
901.00	1.01215E-03
902.00	1.03539E-03
903.00	1.07008E-03
904.00	1.10888E-03
905.00	1.14523E-03
906.00	1.19382E-03
907.00	1.24085E-03
908.00	1.29441E-03
909.00	1.36885E-03
910.00	1.43551E-03
911.00	1.52162E-03
912.00	1.61368E-03
913.00	1.71951E-03
914.00	1.83567E-03
915.00	1.97044E-03
916.00	2.11555E-03
917.00	2.29102E-03
918.00	2.48970E-03
919.00	2.70759E-03
920.00	2.95560E-03
921.00	3.25641E-03
922.00	3.58595E-03
923.00	3.98530E-03
924.00	4.43100E-03
925.00	4.95424E-03
926.00	5.56589E-03
927.00	6.29890E-03
928.00	7.17982E-03
929.00	8.19035E-03
930.00	9.41357E-03
931.00	1.09307E-02
932.00	1.27107E-02
933.00	1.48385E-02
934.00	1.76237E-02
935.00	2.08487E-02
936.00	2.48605E-02
937.00	2.98754E-02
938.00	3.58329E-02
939.00	4.31391E-02
940.00	5.20047E-02
941.00	6.24175E-02
942.00	7.46224E-02
943.00	8.82651E-02
944.00	1.03526E-01
945.00	1.20166E-01
946.00	1.37672E-01
947.00	1.56624E-01
948.00	1.75176E-01
949.00	1.93732E-01
950.00	2.12415E-01
951.00	2.29732E-01
952.00	2.45889E-01
953.00	2.61338E-01
954.00	2.74344E-01
955.00	2.85611E-01
956.00	2.94934E-01
957.00	3.02048E-01
958.00	3.07130E-01
959.00	3.10253E-01
960.00	3.11497E-01
961.00	3.11213E-01
962.00	3.09976E-01
963.00	3.08272E-01
964.00	3.06634E-01
965.00	3.05660E-01
966.00	3.05921E-01
967.00	3.07949E-01
968.00	3.12407E-01
969.00	3.19965E-01
970.00	3.30694E-01
971.00	3.45007E-01
972.00	3.63890E-01
973.00	3.84956E-01
974.00	4.08698E-01
975.00	4.33825E-01
976.00	4.58142E-01
977.00	4.81391E-01
978.00	5.02573E-01
979.00	5.20360E-01
980.00	5.34841E-01
981.00	5.45011E-01
982.00	5.50804E-01
983.00	5.52055E-01
984.00	5.49153E-01
985.00	5.42527E-01
986.00	5.33710E-01
987.00	5.23491E-01
988.00	5.12703E-01
989.00	5.02415E-01
990.00	4.92386E-01
991.00	4.82413E-01
992.00	4.73602E-01
993.00	4.65353E-01
994.00	4.58100E-01
995.00	4.52316E-01
996.00	4.47964E-01
997.00	4.45780E-01
998.00	4.46180E-01
999.00	4.49736E-01
1000.00	4.56620E-01
1001.00	4.66969E-01
1002.00	4.80863E-01
1003.00	4.98151E-01
1004.00	5.18895E-01
1005.00	5.41342E-01
1006.00	5.65188E-01
1007.00	5.89742E-01
1008.00	6.12377E-01
1009.00	6.33012E-01
1010.00	6.52061E-01
1011.00	6.66684E-01
1012.00	6.77877E-01
1013.00	6.85147E-01
1014.00	6.88242E-01
1015.00	6.87827E-01
1016.00	6.84749E-01
1017.00	6.79718E-01
1018.00	6.73436E-01
1019.00	6.66604E-01
1020.00	6.60183E-01
1021.00	6.54758E-01
1022.00	6.50722E-01
1023.00	6.48533E-01
1024.00	6.48266E-01
1025.00	6.49464E-01
1026.00	6.51986E-01
1027.00	6.55820E-01
1028.00	6.60738E-01
1029.00	6.66816E-01
1030.00	6.73232E-01
1031.00	6.79799E-01
1032.00	6.86300E-01
1033.00	6.92137E-01
1034.00	6.97315E-01
1035.00	7.01792E-01
1036.00	7.05003E-01
1037.00	7.06346E-01
1038.00	7.05562E-01
1039.00	7.03033E-01
1040.00	6.98445E-01
1041.00	6.91790E-01
1042.00	6.82876E-01
1043.00	6.72259E-01
1044.00	6.59617E-01
1045.00	6.44978E-01
1046.00	6.29616E-01
1047.00	6.13296E-01
1048.00	5.95744E-01
1049.00	5.78295E-01
1050.00	5.60795E-01
1051.00	5.43372E-01
1052.00	5.26808E-01
1053.00	5.11053E-01
1054.00	4.95962E-01
1055.00	4.82404E-01
1056.00	4.69537E-01
1057.00	4.58036E-01
1058.00	4.47982E-01
1059.00	4.39109E-01
1060.00	4.31528E-01
1061.00	4.25004E-01
1062.00	4.19727E-01
1063.00	4.15534E-01
1064.00	4.12353E-01
1065.00	4.10375E-01
1066.00	4.09311E-01
1067.00	4.09207E-01
1068.00	4.09822E-01
1069.00	4.11304E-01
1070.00	4.13803E-01
1071.00	4.17130E-01
1072.00	4.21125E-01
1073.00	4.25958E-01
1074.00	4.31278E-01
1075.00	4.37398E-01
1076.00	4.44142E-01
1077.00	4.51641E-01
1078.00	4.59839E-01
1079.00	4.68502E-01
1080.00	4.77521E-01
1081.00	4.87142E-01
1082.00	4.97250E-01
1083.00	5.08110E-01
1084.00	5.18975E-01
1085.00	5.30115E-01
1086.00	5.42078E-01
1087.00	5.53626E-01
1088.00	5.65445E-01
1089.00	5.77798E-01
1090.00	5.89785E-01
1091.00	6.01505E-01
1092.00	6.13293E-01
1093.00	6.24418E-01
1094.00	6.35306E-01
1095.00	6.45623E-01
1096.00	6.55230E-01
1097.00	6.64202E-01
1098.00	6.71968E-01
1099.00	6.78934E-01
1100.00	6.84899E-01
