300	0.0044
301	0
302	0.0026
303	0.0043
304	-0.002
305	0.0017
306	0.0032
307	0.0025
308	0.0027
309	0.0007
310	0.0072
311	0.0031
312	-0.002
313	0.0006
314	0.003
315	-0.001
316	-0.006
317	-0.008
318	-0.009
319	-0.013
320	-0.003
321	-0.001
322	0.0039
323	-0.003
324	-0.001
325	0.0031
326	0.0009
327	-0.002
328	0
329	0
330	0.0011
331	-0.002
332	0.0006
333	0.0013
334	-0.001
335	-0.002
336	0.0007
337	0.001
338	-0.003
339	-0.001
340	0.0025
341	0.0003
342	-0.002
343	-0.002
344	0.0023
345	0.002
346	-0.003
347	0.0073
348	0.0179
349	0.0269
350	0.0468
351	0.0791
352	0.1268
353	0.1874
354	0.2605
355	0.3671
356	0.4985
357	0.6492
358	0.8401
359	1.0693
360	1.3301
361	1.611
362	1.9097
363	2.2341
364	2.5886
365	2.9408
366	3.358
367	3.8401
368	4.4007
369	5.1266
370	6.0025
371	6.9783
372	7.9802
373	8.7277
374	9.1484
375	8.9584
376	8.341
377	7.2757
378	6.0511
379	4.8453
380	3.8354
381	3.1243
382	2.6314
383	2.2822
384	2.0176
385	1.7769
386	1.5233
387	1.2366
388	0.9533
389	0.7061
390	0.4975
391	0.3435
392	0.2442
393	0.1743
394	0.1317
395	0.0974
396	0.0833
397	0.0757
398	0.0676
399	0.0685
400	0.0817
401	0.0951
402	0.1189
403	0.1648
404	0.2302
405	0.3268
406	0.4317
407	0.5374
408	0.6199
409	0.6511
410	0.638
411	0.5902
412	0.5274
413	0.4573
414	0.3912
415	0.3448
416	0.3081
417	0.2857
418	0.2681
419	0.2745
420	0.2999
421	0.3219
422	0.3589
423	0.3896
424	0.4093
425	0.4052
426	0.3809
427	0.35
428	0.3178
429	0.2705
430	0.2452
431	0.2374
432	0.2402
433	0.2584
434	0.2884
435	0.3308
436	0.3734
437	0.4024
438	0.4241
439	0.4295
440	0.4036
441	0.3739
442	0.3392
443	0.3032
444	0.288
445	0.2805
446	0.2964
447	0.334
448	0.3859
449	0.4617
450	0.5381
451	0.6028
452	0.6472
453	0.6533
454	0.6358
455	0.5843
456	0.5131
457	0.4497
458	0.4034
459	0.3751
460	0.3728
461	0.4079
462	0.4907
463	0.6076
464	0.7709
465	0.9665
466	1.1519
467	1.29
468	1.3628
469	1.3525
470	1.2609
471	1.105
472	0.9293
473	0.7815
474	0.6694
475	0.6161
476	0.6262
477	0.7216
478	0.9283
479	1.2748
480	1.732
481	2.1936
482	2.5735
483	2.7862
484	2.8042
485	2.5606
486	2.1296
487	1.6136
488	1.1179
489	0.7158
490	0.467
491	0.3389
492	0.2743
493	0.236
494	0.2109
495	0.1972
496	0.1978
497	0.1978
498	0.2007
499	0.2138
500	0.2393
501	0.2681
502	0.3002
503	0.3534
504	0.4144
505	0.4797
506	0.5553
507	0.6371
508	0.7209
509	0.8036
510	0.8689
511	0.9424
512	1.0028
513	1.0389
514	1.0781
515	1.1118
516	1.1408
517	1.1763
518	1.2201
519	1.2894
520	1.3881
521	1.5233
522	1.715
523	1.9891
524	2.3603
525	2.8946
526	3.6106
527	4.6082
528	5.956
529	7.7109
530	9.9112
531	12.663
532	15.848
533	19.547
534	23.633
535	28.005
536	32.676
537	37.43
538	42.23
539	47.202
540	52.192
541	57.276
542	62.501
543	67.659
544	72.93
545	77.881
546	82.336
547	86.339
548	89.446
549	91.689
550	93.35
551	94.256
552	94.985
553	95.417
554	95.63
555	96.168
556	96.266
557	96.305
558	96.457
559	96.293
560	96.142
561	96.069
562	95.785
563	95.709
564	95.553
565	95.655
566	95.693
567	95.897
568	96.175
569	96.292
570	96.624
571	96.879
572	97.007
573	97.295
574	97.387
575	97.586
576	97.831
577	97.66
578	97.758
579	97.891
580	97.93
581	97.972
582	97.993
583	98.039
584	98.224
585	98.177
586	98.164
587	98.289
588	98.147
589	98.238
590	98.143
591	98.112
592	98.166
593	97.996
594	97.942
595	97.95
596	97.838
597	97.906
598	97.875
599	97.682
600	97.731
601	97.664
602	97.623
603	97.5
604	97.248
605	97.074
606	97.134
607	96.757
608	96.522
609	96.378
610	96.129
611	96.026
612	95.754
613	95.658
614	95.721
615	95.481
616	95.621
617	95.617
618	95.606
619	95.791
620	95.929
621	96.016
622	96.225
623	96.277
624	96.435
625	96.704
626	96.647
627	96.9
628	96.978
629	96.888
630	96.975
631	96.815
632	96.79
633	96.867
634	96.648
635	96.63
636	96.607
637	96.442
638	96.429
639	96.221
640	96.178
641	96.335
642	96.207
643	96.3
644	96.202
645	96.284
646	96.408
647	96.517
648	96.524
649	96.762
650	96.783
651	96.863
652	96.982
653	96.964
654	97.073
655	97.17
656	97.176
657	97.226
658	97.085
659	97.267
660	97.307
661	97.249
662	97.249
663	97.279
664	97.187
665	97.292
666	97.27
667	97.307
668	97.434
669	97.376
670	97.42
671	97.543
672	97.403
673	97.627
674	97.509
675	97.555
676	97.638
677	97.598
678	97.56
679	97.45
680	97.205
681	97.191
682	96.98
683	96.707
684	96.495
685	96.146
686	95.748
687	95.536
688	95.037
689	94.594
690	94.261
691	93.779
692	93.159
693	92.733
694	92.429
695	91.863
696	91.499
697	91.086
698	90.683
699	90.38
700	89.983
701	89.679
702	89.54
703	89.279
704	89.109
705	89.076
706	88.875
707	88.95
708	89.074
709	89.084
710	89.329
711	89.479
712	89.734
713	90.044
714	90.375
715	90.785
716	91.245
717	91.615
718	92.223
719	92.579
720	93.171
721	93.784
722	94.096
723	94.716
724	95.226
725	95.663
726	96.198
727	96.565
728	96.844
729	97.229
730	97.272
731	97.582
732	97.673
733	97.676
734	97.82
735	97.754
736	97.371
737	97.469
738	97.344
739	97.031
740	96.883
741	96.481
742	96.222
743	96.104
744	95.702
745	95.596
746	95.379
747	95.207
748	94.93
749	94.615
750	94.817
751	94.827
752	94.638
753	94.652
754	94.482
755	94.55
756	94.791
757	94.861
758	94.786
759	95.07
760	95.093
761	95.339
762	95.386
763	95.663
764	95.82
765	95.985
766	96.021
767	96.321
768	96.212
769	96.338
770	96.495
771	96.496
772	96.478
773	96.54
774	96.604
775	96.557
776	96.438
777	96.387
778	96.358
779	96.18
780	96.03
781	96.101
782	95.955
783	95.881
784	95.701
785	95.661
786	95.678
787	95.568
788	95.559
789	95.37
790	95.334
791	95.42
792	95.494
793	95.477
794	95.438
795	95.355
796	95.292
797	95.525
798	95.217
799	95.352
800	95.37
801	95.245
802	95.174
803	95.006
804	94.879
805	94.597
806	94.367
807	94.195
808	94.018
809	93.569
810	93.328
811	92.86
812	92.71
813	91.91
814	91.375
815	91.255
816	90.925
817	90.42
818	89.711
819	89.086
820	89.154
821	88.624
822	88.057
823	87.93
824	87.319
825	87.084
826	87.077
827	86.764
828	86.916
829	86.606
830	86.31
831	86.63
832	86.702
833	86.631
834	86.681
835	87.209
836	87.718
837	87.881
838	88.329
839	88.895
840	88.867
841	89.453
842	89.893
843	90.935
844	91.167
845	92.143
846	91.914
847	92.789
848	93.412
849	93.364
850	94.123
851	94.379
852	94.269
853	94.235
854	94.105
855	94.967
856	94.834
857	94.841
858	94.549
859	93.738
860	93.477
861	92.436
862	92.468
863	92.464
864	90.174
865	90.403
866	89.825
867	88.968
868	87.342
869	86.965
870	86.409
871	86.45
872	86.379
873	83.376
874	86.8
875	81.908
876	82.275
877	81.269
878	79.519
879	80.011
880	78.616
881	79.693
882	77.372
883	78.303
884	78.338
885	76.912
886	78.158
887	76.913
888	75.526
889	77.157
890	75.87
891	77.316
892	77.011
893	79.399
894	76.248
895	77.932
896	74.621
897	78.338
898	78.69
899	79.306
900	80.455