Typical Measured Spectrum of Semrock BLP01-647R Optical Filter	
For wavelengths between 320 and 1120 nm, values near or below 3e-7 (Optical Density 6,5) are measurement noise limited,
For wavelengths < 320 nm and > 1120 nm, values near or below 3e-6 (Optical Density 5,5) are measurement noise limited, 
Data format:  Wavelength (nm) <tab> Transmission (0 to 1)
265,0	7,223e-05
265,2	6,9036e-05
265,4	6,5984e-05
265,6	6,3066e-05
265,8	6,0277e-05
266,0	5,7612e-05
266,2	5,5064e-05
266,4	5,263e-05
266,6	5,0302e-05
266,8	4,8078e-05
267,0	4,5952e-05
267,2	4,5563e-05
267,4	4,5568e-05
267,6	4,5573e-05
267,8	4,5578e-05
268,0	4,5582e-05
268,2	4,5587e-05
268,4	4,5592e-05
268,6	4,5597e-05
268,8	4,5602e-05
269,0	4,5607e-05
269,2	4,5612e-05
269,4	4,5616e-05
269,6	4,5621e-05
269,8	4,5626e-05
270,0	4,5631e-05
270,2	4,5636e-05
270,4	4,5641e-05
270,6	4,5646e-05
270,8	4,5513e-05
271,0	4,4389e-05
271,2	4,3293e-05
271,4	4,2224e-05
271,6	4,1181e-05
271,8	4,0164e-05
272,0	3,9173e-05
272,2	3,8205e-05
272,4	3,7262e-05
272,6	3,6342e-05
272,8	3,5444e-05
273,0	3,4569e-05
273,2	3,3715e-05
273,4	3,2883e-05
273,6	3,2071e-05
273,8	3,1279e-05
274,0	3,0507e-05
274,2	2,9753e-05
274,4	2,9019e-05
274,6	1,8919e-05
274,8	7,3098e-06
275,0	2,8244e-06
275,2	1,4121e-06
275,4	7,0604e-07
275,6	5,0047e-07
275,8	6,1957e-07
276,0	7,67e-07
276,2	9,4953e-07
276,4	1,1755e-06
276,6	1,4552e-06
276,8	1,8015e-06
277,0	2,2302e-06
277,2	2,7609e-06
277,4	3,4179e-06
277,6	4,2313e-06
277,8	5,2382e-06
278,0	6,4847e-06
278,2	8,0279e-06
278,4	9,9382e-06
278,6	1,2303e-05
278,8	1,5231e-05
279,0	1,8855e-05
279,2	2,3342e-05
279,4	2,4701e-05
279,6	2,4478e-05
279,8	2,4257e-05
280,0	2,4038e-05
280,2	2,382e-05
280,4	2,3605e-05
280,6	2,3392e-05
280,8	2,3181e-05
281,0	2,2971e-05
281,2	2,2763e-05
281,4	2,2558e-05
281,6	2,2354e-05
281,8	2,2152e-05
282,0	2,1952e-05
282,2	2,1754e-05
282,4	2,1557e-05
282,6	2,1362e-05
282,8	2,1169e-05
283,0	2,0869e-05
283,2	1,7385e-05
283,4	1,4483e-05
283,6	1,2065e-05
283,8	1,0051e-05
284,0	8,3729e-06
284,2	6,9751e-06
284,4	5,8107e-06
284,6	4,8406e-06
284,8	4,0325e-06
285,0	3,3593e-06
285,2	1,1745e-06
285,4	4,1063e-07
285,6	2,5508e-07
285,8	3,1113e-07
286,0	3,795e-07
286,2	4,6289e-07
286,4	5,6461e-07
286,6	6,8868e-07
286,8	8,4001e-07
287,0	1,0246e-06
287,2	1,2497e-06
287,4	1,5244e-06
287,6	1,8593e-06
287,8	2,2679e-06
288,0	2,7663e-06
288,2	3,3742e-06
288,4	4,1156e-06
288,6	5,02e-06
288,8	6,1231e-06
289,0	7,4686e-06
289,2	9,1098e-06
289,4	9,2763e-06
289,6	9,0032e-06
289,8	8,7382e-06
290,0	8,481e-06
290,2	8,2313e-06
290,4	7,989e-06
290,6	7,7539e-06
290,8	7,5256e-06
291,0	7,3041e-06
291,2	7,0891e-06
291,4	6,8804e-06
291,6	6,6779e-06
291,8	6,4813e-06
292,0	6,2905e-06
292,2	6,1054e-06
292,4	5,9257e-06
292,6	5,7512e-06
292,8	5,5819e-06
293,0	5,3746e-06
293,2	4,9058e-06
293,4	4,4779e-06
293,6	4,0874e-06
293,8	3,7309e-06
294,0	3,4055e-06
294,2	3,1084e-06
294,4	2,8373e-06
294,6	2,5898e-06
294,8	2,364e-06
295,0	2,1578e-06
295,2	2,1607e-06
295,4	2,1636e-06
295,6	2,1665e-06
295,8	2,1694e-06
296,0	2,1723e-06
296,2	2,1753e-06
296,4	2,1782e-06
296,6	2,1811e-06
296,8	2,1841e-06
297,0	2,187e-06
297,2	2,19e-06
297,4	2,1929e-06
297,6	2,1959e-06
297,8	2,1988e-06
298,0	2,2045e-06
298,2	2,2698e-06
298,4	2,337e-06
298,6	2,4062e-06
298,8	2,4774e-06
299,0	2,5508e-06
299,2	2,6263e-06
299,4	2,7041e-06
299,6	2,7841e-06
299,8	2,8665e-06
300,0	2,9514e-06
300,2	3,0388e-06
300,4	3,1288e-06
300,6	3,2214e-06
300,8	3,3168e-06
301,0	3,415e-06
301,2	3,5161e-06
301,4	3,6202e-06
301,6	3,7274e-06
301,8	3,8808e-06
302,0	4,1118e-06
302,2	4,3566e-06
302,4	4,6159e-06
302,6	4,8907e-06
302,8	5,1818e-06
303,0	5,4902e-06
303,2	5,817e-06
303,4	6,1633e-06
303,6	6,5302e-06
303,8	6,9189e-06
304,0	7,3307e-06
304,2	7,7671e-06
304,4	8,2294e-06
304,6	8,7193e-06
304,8	9,2383e-06
305,0	9,7882e-06
305,2	1,1537e-05
305,4	1,3599e-05
305,6	1,5325e-05
305,8	1,4925e-05
306,0	1,4535e-05
306,2	1,4156e-05
306,4	1,3786e-05
306,6	1,3426e-05
306,8	1,3076e-05
307,0	1,2734e-05
307,2	1,2402e-05
307,4	1,2078e-05
307,6	1,1762e-05
307,8	1,1455e-05
308,0	1,1156e-05
308,2	1,0865e-05
308,4	1,0581e-05
308,6	1,0305e-05
308,8	1,0035e-05
309,0	9,7734e-06
309,2	9,5182e-06
309,4	9,3299e-06
309,6	9,192e-06
309,8	9,0562e-06
310,0	8,9223e-06
310,2	8,7904e-06
310,4	8,6605e-06
310,6	8,5325e-06
310,8	8,4064e-06
311,0	8,2822e-06
311,2	8,1598e-06
311,4	8,0392e-06
311,6	7,9204e-06
311,8	7,8033e-06
312,0	7,688e-06
312,2	7,5744e-06
312,4	7,4624e-06
312,6	7,3521e-06
312,8	7,2435e-06
313,0	7,1364e-06
313,2	7,0318e-06
313,4	6,9288e-06
313,6	6,8273e-06
313,8	6,7272e-06
314,0	6,6287e-06
314,2	6,5316e-06
314,4	6,4359e-06
314,6	6,3416e-06
314,8	6,2487e-06
315,0	6,1571e-06
315,2	6,0669e-06
315,4	5,978e-06
315,6	5,8905e-06
315,8	5,8042e-06
316,0	5,7191e-06
316,2	5,6353e-06
316,4	5,5528e-06
316,6	5,4714e-06
316,8	5,3811e-06
317,0	5,2609e-06
317,2	5,1433e-06
317,4	5,0284e-06
317,6	4,9161e-06
317,8	4,8062e-06
318,0	4,6988e-06
318,2	4,5938e-06
318,4	4,4912e-06
318,6	4,3908e-06
318,8	4,2927e-06
319,0	4,1968e-06
319,2	4,103e-06
319,4	4,0113e-06
319,6	3,9217e-06
319,8	3,8341e-06
320,0	3,7484e-06
320,2	3,6647e-06
320,4	3,5828e-06
320,6	3,5115e-06
320,8	3,4478e-06
321,0	3,3851e-06
321,2	3,3237e-06
321,4	3,2633e-06
321,6	3,204e-06
321,8	3,1458e-06
322,0	3,0887e-06
322,2	3,0326e-06
322,4	2,9775e-06
322,6	2,9234e-06
322,8	2,8704e-06
323,0	2,8182e-06
323,2	2,767e-06
323,4	2,7168e-06
323,6	2,6674e-06
323,8	2,619e-06
324,0	2,5714e-06
324,2	2,5247e-06
324,4	2,5943e-06
324,6	2,6721e-06
324,8	2,7523e-06
325,0	2,835e-06
325,2	2,92e-06
325,4	3,0077e-06
325,6	3,098e-06
325,8	3,191e-06
326,0	3,2867e-06
326,2	3,3854e-06
326,4	3,487e-06
326,6	3,5917e-06
326,8	3,6995e-06
327,0	3,8105e-06
327,2	3,9249e-06
327,4	4,0427e-06
327,6	4,164e-06
327,8	4,289e-06
328,0	4,3079e-06
328,2	4,1015e-06
328,4	3,905e-06
328,6	3,7179e-06
328,8	3,5398e-06
329,0	3,3702e-06
329,2	3,2088e-06
329,4	3,055e-06
329,6	2,9087e-06
329,8	2,7693e-06
330,0	2,6366e-06
330,2	2,5103e-06
330,4	2,3901e-06
330,6	2,2755e-06
330,8	2,1665e-06
331,0	2,0627e-06
331,2	1,9639e-06
331,4	1,8698e-06
331,6	1,7802e-06
331,8	1,8158e-06
332,0	1,9088e-06
332,2	2,0067e-06
332,4	2,1095e-06
332,6	2,2177e-06
332,8	2,3313e-06
333,0	2,4508e-06
333,2	2,5764e-06
333,4	2,7085e-06
333,6	2,8473e-06
333,8	2,9933e-06
334,0	3,1467e-06
334,2	3,308e-06
334,4	3,4775e-06
334,6	3,6558e-06
334,8	3,8432e-06
335,0	4,0401e-06
335,2	4,6437e-06
335,4	5,3373e-06
335,6	5,9005e-06
335,8	5,8394e-06
336,0	5,7789e-06
336,2	5,719e-06
336,4	5,6597e-06
336,6	5,601e-06
336,8	5,543e-06
337,0	5,4856e-06
337,2	5,4287e-06
337,4	5,3725e-06
337,6	5,3168e-06
337,8	5,2617e-06
338,0	5,2071e-06
338,2	5,1532e-06
338,4	5,0998e-06
338,6	5,0469e-06
338,8	4,9946e-06
339,0	4,9429e-06
339,2	4,8916e-06
339,4	4,8566e-06
339,6	4,8314e-06
339,8	4,8063e-06
340,0	4,7813e-06
340,2	4,7565e-06
340,4	4,7318e-06
340,6	4,7072e-06
340,8	4,6827e-06
341,0	4,6584e-06
341,2	4,6342e-06
341,4	4,6101e-06
341,6	4,5862e-06
341,8	4,5624e-06
342,0	4,5387e-06
342,2	4,5151e-06
342,4	4,4916e-06
342,6	4,4683e-06
342,8	4,4451e-06
343,0	4,422e-06
343,2	4,3415e-06
343,4	4,2616e-06
343,6	4,1832e-06
343,8	4,1062e-06
344,0	4,0306e-06
344,2	3,9564e-06
344,4	3,8836e-06
344,6	3,8121e-06
344,8	3,742e-06
345,0	3,6731e-06
345,2	3,6055e-06
345,4	3,5392e-06
345,6	3,474e-06
345,8	3,4101e-06
346,0	3,3473e-06
346,2	3,2857e-06
346,4	3,2253e-06
346,6	3,1659e-06
346,8	3,1437e-06
347,0	3,185e-06
347,2	3,2269e-06
347,4	3,2693e-06
347,6	3,3123e-06
347,8	3,3558e-06
348,0	3,3999e-06
348,2	3,4445e-06
348,4	3,4898e-06
348,6	3,5357e-06
348,8	3,5821e-06
349,0	3,6292e-06
349,2	3,6769e-06
349,4	3,7252e-06
349,6	3,7741e-06
349,8	3,8237e-06
350,0	3,874e-06
350,2	3,9249e-06
350,4	3,9764e-06
350,6	3,9422e-06
350,8	3,8793e-06
351,0	3,8174e-06
351,2	3,7564e-06
351,4	3,6965e-06
351,6	3,6375e-06
351,8	3,5795e-06
352,0	3,5223e-06
352,2	3,4661e-06
352,4	3,4108e-06
352,6	3,3564e-06
352,8	3,3028e-06
353,0	3,2501e-06
353,2	3,1983e-06
353,4	3,1472e-06
353,6	3,097e-06
353,8	3,0476e-06
354,0	2,999e-06
354,2	2,9587e-06
354,4	2,9652e-06
354,6	2,9718e-06
354,8	2,9784e-06
355,0	2,9851e-06
355,2	2,9917e-06
355,4	2,9984e-06
355,6	3,005e-06
355,8	3,0117e-06
356,0	3,0184e-06
356,2	3,0251e-06
356,4	3,0318e-06
356,6	3,0386e-06
356,8	3,0453e-06
357,0	3,0521e-06
357,2	3,0589e-06
357,4	3,0657e-06
357,6	3,0725e-06
357,8	3,0794e-06
358,0	3,1185e-06
358,2	3,1863e-06
358,4	3,2555e-06
358,6	3,3263e-06
358,8	3,3985e-06
359,0	3,4724e-06
359,2	3,5479e-06
359,4	3,625e-06
359,6	3,7037e-06
359,8	3,7842e-06
360,0	3,8665e-06
360,2	3,9505e-06
360,4	4,0363e-06
360,6	4,1241e-06
360,8	4,2137e-06
361,0	4,3053e-06
361,2	4,3988e-06
361,4	4,4944e-06
361,6	4,5921e-06
361,8	4,8221e-06
362,0	5,0717e-06
362,2	5,3342e-06
362,4	5,6103e-06
362,6	5,9007e-06
362,8	6,2061e-06
363,0	6,5273e-06
363,2	6,8652e-06
363,4	7,2205e-06
363,6	7,5943e-06
363,8	7,9874e-06
364,0	8,4008e-06
364,2	8,8356e-06
364,4	9,293e-06
364,6	9,774e-06
364,8	1,028e-05
365,0	1,0812e-05
365,2	1,0853e-05
365,4	1,0894e-05
365,6	1,0935e-05
365,8	1,0977e-05
366,0	1,1018e-05
366,2	1,106e-05
366,4	1,1102e-05
366,6	1,1144e-05
366,8	1,1186e-05
367,0	1,1138e-05
367,2	1,095e-05
367,4	1,0766e-05
367,6	1,0585e-05
367,8	1,0407e-05
368,0	1,0232e-05
368,2	1,006e-05
368,4	9,8903e-06
368,6	9,7239e-06
368,8	9,5603e-06
369,0	9,3994e-06
369,2	9,2412e-06
369,4	9,0857e-06
369,6	8,9329e-06
369,8	8,7825e-06
370,0	8,6348e-06
370,2	8,4895e-06
370,4	8,3466e-06
370,6	8,2061e-06
370,8	7,99e-06
371,0	7,7563e-06
371,2	7,5295e-06
371,4	7,3093e-06
371,6	7,0956e-06
371,8	6,8881e-06
372,0	6,6866e-06
372,2	6,4911e-06
372,4	6,3013e-06
372,6	6,117e-06
372,8	5,9381e-06
373,0	5,7645e-06
373,2	5,5959e-06
373,4	5,4322e-06
373,6	5,2734e-06
373,8	5,1192e-06
374,0	4,9695e-06
374,2	4,8241e-06
374,4	4,6972e-06
374,6	4,6524e-06
374,8	4,608e-06
375,0	4,564e-06
375,2	4,5205e-06
375,4	4,4773e-06
375,6	4,4346e-06
375,8	4,3923e-06
376,0	4,3504e-06
376,2	4,3089e-06
376,4	4,2678e-06
376,6	4,227e-06
376,8	4,1867e-06
377,0	4,1467e-06
377,2	4,1072e-06
377,4	4,068e-06
377,6	4,0292e-06
377,8	3,9907e-06
378,0	3,9526e-06
378,2	3,9568e-06
378,4	3,997e-06
378,6	4,0377e-06
378,8	4,0788e-06
379,0	4,1202e-06
379,2	4,1621e-06
379,4	4,2045e-06
379,6	4,2472e-06
379,8	4,2904e-06
380,0	4,334e-06
380,2	4,3781e-06
380,4	4,4226e-06
380,6	4,4676e-06
380,8	4,513e-06
381,0	4,5589e-06
381,2	4,6053e-06
381,4	4,6521e-06
381,6	4,6994e-06
381,8	4,7472e-06
382,0	4,6961e-06
382,2	4,6394e-06
382,4	4,5833e-06
382,6	4,528e-06
382,8	4,4732e-06
383,0	4,4192e-06
383,2	4,3658e-06
383,4	4,3131e-06
383,6	4,261e-06
383,8	4,2095e-06
384,0	4,1586e-06
384,2	4,1084e-06
384,4	4,0587e-06
384,6	4,0097e-06
384,8	3,9613e-06
385,0	3,9134e-06
385,2	3,8661e-06
385,4	3,8194e-06
385,6	3,769e-06
385,8	3,7116e-06
386,0	3,655e-06
386,2	3,5993e-06
386,4	3,5444e-06
386,6	3,4903e-06
386,8	3,4371e-06
387,0	3,3847e-06
387,2	3,3331e-06
387,4	3,2823e-06
387,6	3,2323e-06
387,8	3,183e-06
388,0	3,1345e-06
388,2	3,0867e-06
388,4	3,0396e-06
388,6	2,9933e-06
388,8	2,9476e-06
389,0	2,9027e-06
389,2	2,8584e-06
389,4	2,1068e-06
389,6	1,4206e-06
389,8	9,5791e-07
390,0	6,4591e-07
390,2	4,3553e-07
390,4	2,9368e-07
390,6	1,9802e-07
390,8	1,3353e-07
391,0	9,0036e-08
391,2	6,0711e-08
391,4	4,0937e-08
391,6	2,7603e-08
391,8	1,8613e-08
392,0	1,255e-08
392,2	1,2417e-08
392,4	1,2285e-08
392,6	1,2154e-08
392,8	1,2025e-08
393,0	1,3016e-08
393,2	1,4591e-08
393,4	1,6356e-08
393,6	1,8335e-08
393,8	2,0553e-08
394,0	2,3039e-08
394,2	2,5826e-08
394,4	2,895e-08
394,6	3,2452e-08
394,8	3,6378e-08
395,0	4,0779e-08
395,2	4,5712e-08
395,4	5,1242e-08
395,6	5,7441e-08
395,8	6,4389e-08
396,0	7,2178e-08
396,2	8,091e-08
396,4	9,0698e-08
396,6	1,0e-07
396,8	1,0e-07
397,0	1,0e-07
397,2	1,0e-07
397,4	1,0e-07
397,6	1,0e-07
397,8	1,0e-07
398,0	1,0e-07
398,2	1,0e-07
398,4	1,0e-07
398,6	1,0e-07
398,8	1,0e-07
399,0	1,0e-07
399,2	1,0e-07
399,4	1,0e-07
399,6	1,0e-07
399,8	1,0e-07
400,0	1,0e-07
400,2	1,0e-07
400,4	1,0e-07
400,6	1,0e-07
400,8	1,0e-07
401,0	1,0e-07
401,2	1,0e-07
401,4	1,0e-07
401,6	1,0e-07
401,8	1,0e-07
402,0	1,0e-07
402,2	1,0e-07
402,4	1,0e-07
402,6	1,0e-07
402,8	1,0e-07
403,0	1,0e-07
403,2	1,0e-07
403,4	1,0e-07
403,6	1,0e-07
403,8	1,0e-07
404,0	1,0e-07
404,2	1,0e-07
404,4	1,0e-07
404,6	1,0e-07
404,8	1,0e-07
405,0	1,0e-07
405,2	1,0e-07
405,4	1,0e-07
405,6	1,0e-07
405,8	1,0e-07
406,0	1,0e-07
406,2	1,0e-07
406,4	1,0e-07
406,6	1,0e-07
406,8	1,0e-07
407,0	1,0e-07
407,2	1,0e-07
407,4	1,0e-07
407,6	1,0e-07
407,8	1,0e-07
408,0	1,0e-07
408,2	1,0e-07
408,4	1,0e-07
408,6	1,0e-07
408,8	1,0e-07
409,0	1,0e-07
409,2	1,0e-07
409,4	1,0e-07
409,6	1,0e-07
409,8	1,0e-07
410,0	1,0e-07
410,2	1,0e-07
410,4	1,0e-07
410,6	1,0e-07
410,8	1,0e-07
411,0	1,0e-07
411,2	1,0e-07
411,4	1,0e-07
411,6	1,0e-07
411,8	1,0e-07
412,0	1,0e-07
412,2	1,0e-07
412,4	1,0e-07
412,6	1,0e-07
412,8	1,0e-07
413,0	1,0e-07
413,2	1,0e-07
413,4	1,0e-07
413,6	1,0e-07
413,8	1,0e-07
414,0	1,0e-07
414,2	1,0e-07
414,4	1,0e-07
414,6	1,0e-07
414,8	1,0e-07
415,0	1,0e-07
415,2	1,0e-07
415,4	1,0e-07
415,6	1,0e-07
415,8	1,0e-07
416,0	1,0e-07
416,2	1,0e-07
416,4	1,0e-07
416,6	1,0e-07
416,8	1,0e-07
417,0	1,0e-07
417,2	1,0e-07
417,4	1,0e-07
417,6	1,0e-07
417,8	1,0e-07
418,0	1,0e-07
418,2	1,0e-07
418,4	1,0e-07
418,6	1,0e-07
418,8	1,0e-07
419,0	1,0e-07
419,2	1,0e-07
419,4	1,0e-07
419,6	1,0e-07
419,8	1,0e-07
420,0	1,0e-07
420,2	1,0e-07
420,4	1,0e-07
420,6	1,0e-07
420,8	1,0e-07
421,0	1,0e-07
421,2	1,0e-07
421,4	1,0e-07
421,6	1,0e-07
421,8	1,0e-07
422,0	1,0e-07
422,2	1,0e-07
422,4	1,0e-07
422,6	1,0e-07
422,8	1,0e-07
423,0	1,0e-07
423,2	1,0e-07
423,4	1,0e-07
423,6	1,0e-07
423,8	1,0e-07
424,0	1,0e-07
424,2	1,0e-07
424,4	1,0e-07
424,6	1,0e-07
424,8	1,0e-07
425,0	1,0e-07
425,2	1,0e-07
425,4	1,0e-07
425,6	1,0e-07
425,8	1,0e-07
426,0	1,0e-07
426,2	1,0e-07
426,4	2,2016e-07
426,6	5,3702e-07
426,8	1,31e-06
427,0	3,1954e-06
427,2	3,1708e-06
427,4	3,1465e-06
427,6	3,1223e-06
427,8	3,0983e-06
428,0	3,0745e-06
428,2	3,0509e-06
428,4	3,0274e-06
428,6	3,0041e-06
428,8	2,9811e-06
429,0	2,9581e-06
429,2	2,9354e-06
429,4	2,9129e-06
429,6	2,8905e-06
429,8	2,8683e-06
430,0	2,8462e-06
430,2	2,8791e-06
430,4	3,0336e-06
430,6	3,1964e-06
430,8	3,3679e-06
431,0	3,5486e-06
431,2	3,739e-06
431,4	3,9397e-06
431,6	4,1511e-06
431,8	4,3738e-06
432,0	4,6085e-06
432,2	4,8558e-06
432,4	5,1164e-06
432,6	5,391e-06
432,8	5,6803e-06
433,0	5,9851e-06
433,2	6,3062e-06
433,4	6,6446e-06
433,6	7,0012e-06
433,8	7,3769e-06
434,0	7,5539e-06
434,2	7,6713e-06
434,4	7,7906e-06
434,6	7,9116e-06
434,8	8,0346e-06
435,0	8,1595e-06
435,2	8,2863e-06
435,4	8,4151e-06
435,6	8,5459e-06
435,8	8,6787e-06
436,0	8,8136e-06
436,2	8,9506e-06
436,4	9,0897e-06
436,6	9,231e-06
436,8	9,3745e-06
437,0	9,5202e-06
437,2	9,6681e-06
437,4	9,8184e-06
437,6	9,945e-06
437,8	9,99e-06
438,0	1,0035e-05
438,2	1,0081e-05
438,4	1,0126e-05
438,6	1,0172e-05
438,8	1,0218e-05
439,0	1,0264e-05
439,2	1,0311e-05
439,4	1,0358e-05
439,6	1,0404e-05
439,8	1,0452e-05
440,0	1,0499e-05
440,2	1,0546e-05
440,4	1,0594e-05
440,6	1,0642e-05
440,8	1,069e-05
441,0	1,0739e-05
441,2	1,0787e-05
441,4	1,0811e-05
441,6	1,0825e-05
441,8	1,0839e-05
442,0	1,0853e-05
442,2	1,0867e-05
442,4	1,0882e-05
442,6	1,0896e-05
442,8	1,091e-05
443,0	1,0924e-05
443,2	1,0938e-05
443,4	1,0952e-05
443,6	1,0967e-05
443,8	1,0981e-05
444,0	1,0995e-05
444,2	1,1009e-05
444,4	1,1024e-05
444,6	1,1038e-05
444,8	1,1052e-05
445,0	1,1063e-05
445,2	1,1059e-05
445,4	1,1055e-05
445,6	1,1052e-05
445,8	1,1048e-05
446,0	1,1044e-05
446,2	1,104e-05
446,4	1,1036e-05
446,6	1,1033e-05
446,8	1,1029e-05
447,0	1,1025e-05
447,2	1,1021e-05
447,4	1,1017e-05
447,6	1,1014e-05
447,8	1,101e-05
448,0	1,1006e-05
448,2	1,1002e-05
448,4	1,0999e-05
448,6	1,0995e-05
448,8	1,107e-05
449,0	1,1179e-05
449,2	1,129e-05
449,4	1,1401e-05
449,6	1,1514e-05
449,8	1,1628e-05
450,0	1,1743e-05
450,2	1,1859e-05
450,4	1,1976e-05
450,6	1,2095e-05
450,8	1,2214e-05
451,0	1,2335e-05
451,2	1,2457e-05
451,4	1,258e-05
451,6	1,2704e-05
451,8	1,283e-05
452,0	1,2957e-05
452,2	1,3085e-05
452,4	1,3227e-05
452,6	1,3422e-05
452,8	1,3619e-05
453,0	1,3819e-05
453,2	1,4022e-05
453,4	1,4228e-05
453,6	1,4437e-05
453,8	1,465e-05
454,0	1,4865e-05
454,2	1,5083e-05
454,4	1,5305e-05
454,6	1,553e-05
454,8	1,5758e-05
455,0	1,599e-05
455,2	1,6225e-05
455,4	1,6463e-05
455,6	1,6705e-05
455,8	1,6951e-05
456,0	1,72e-05
456,2	1,7038e-05
456,4	1,672e-05
456,6	1,6408e-05
456,8	1,6101e-05
457,0	1,5801e-05
457,2	1,5506e-05
457,4	1,5216e-05
457,6	1,4932e-05
457,8	1,4654e-05
458,0	1,438e-05
458,2	1,4112e-05
458,4	1,3848e-05
458,6	1,359e-05
458,8	1,3336e-05
459,0	1,3087e-05
459,2	1,2843e-05
459,4	1,2603e-05
459,6	1,2368e-05
459,8	1,2188e-05
460,0	1,2165e-05
460,2	1,2143e-05
460,4	1,2121e-05
460,6	1,2099e-05
460,8	1,2076e-05
461,0	1,2054e-05
461,2	1,2032e-05
461,4	1,201e-05
461,6	1,1988e-05
461,8	1,1966e-05
462,0	1,1944e-05
462,2	1,1922e-05
462,4	1,19e-05
462,6	1,1878e-05
462,8	1,1856e-05
463,0	1,1835e-05
463,2	1,1813e-05
463,4	1,1791e-05
463,6	1,1652e-05
463,8	1,1484e-05
464,0	1,1317e-05
464,2	1,1154e-05
464,4	1,0992e-05
464,6	1,0833e-05
464,8	1,0676e-05
465,0	1,0522e-05
465,2	1,037e-05
465,4	1,0219e-05
465,6	1,0072e-05
465,8	9,9258e-06
466,0	9,7822e-06
466,2	9,6406e-06
466,4	9,5011e-06
466,6	9,3636e-06
466,8	9,228e-06
467,0	9,0945e-06
467,2	7,561e-06
467,4	4,4505e-06
467,6	2,6197e-06
467,8	1,542e-06
468,0	9,0763e-07
468,2	9,1296e-07
468,4	9,1831e-07
468,6	9,237e-07
468,8	9,2912e-07
469,0	9,3457e-07
469,2	9,4006e-07
469,4	9,4557e-07
469,6	9,5112e-07
469,8	9,567e-07
470,0	9,6232e-07
470,2	9,6796e-07
470,4	9,7364e-07
470,6	9,8114e-07
470,8	9,9397e-07
471,0	1,007e-06
471,2	1,0201e-06
471,4	1,0335e-06
471,6	1,047e-06
471,8	1,0607e-06
472,0	1,0746e-06
472,2	1,0886e-06
472,4	1,1029e-06
472,6	1,1173e-06
472,8	1,1319e-06
473,0	1,1467e-06
473,2	1,1617e-06
473,4	1,1769e-06
473,6	1,1923e-06
473,8	1,2079e-06
474,0	1,2237e-06
474,2	1,2397e-06
474,4	1,2227e-06
474,6	1,196e-06
474,8	1,17e-06
475,0	1,1444e-06
475,2	1,1195e-06
475,4	1,0951e-06
475,6	1,0712e-06
475,8	1,0478e-06
476,0	1,0249e-06
476,2	1,0026e-06
476,4	9,8072e-07
476,6	9,5933e-07
476,8	9,384e-07
477,0	9,1794e-07
477,2	8,9791e-07
477,4	8,7833e-07
477,6	8,5917e-07
477,8	8,4043e-07
478,0	8,4307e-07
478,2	9,0087e-07
478,4	9,6264e-07
478,6	1,0287e-06
478,8	1,0992e-06
479,0	1,1746e-06
479,2	1,2551e-06
479,4	1,3412e-06
479,6	1,4331e-06
479,8	1,5314e-06
480,0	1,6364e-06
480,2	1,7486e-06
480,4	1,8685e-06
480,6	1,9966e-06
480,8	2,1335e-06
481,0	2,2798e-06
481,2	2,4361e-06
481,4	2,6032e-06
481,6	2,7817e-06
481,8	2,6174e-06
482,0	2,3927e-06
482,2	2,1873e-06
482,4	1,9995e-06
482,6	1,8278e-06
482,8	1,6709e-06
483,0	1,5275e-06
483,2	1,3963e-06
483,4	1,2765e-06
483,6	1,1669e-06
483,8	1,0667e-06
484,0	9,7514e-07
484,2	8,9143e-07
484,4	8,149e-07
484,6	7,4494e-07
484,8	6,8099e-07
485,0	6,2253e-07
485,2	5,6909e-07
485,4	5,4013e-07
485,6	5,4802e-07
485,8	5,5603e-07
486,0	5,6415e-07
486,2	5,7239e-07
486,4	5,8076e-07
486,6	5,8924e-07
486,8	5,9785e-07
487,0	6,0658e-07
487,2	6,1545e-07
487,4	6,2444e-07
487,6	6,3356e-07
487,8	6,4282e-07
488,0	6,5221e-07
488,2	6,6173e-07
488,4	6,714e-07
488,6	6,8121e-07
488,8	6,9116e-07
489,0	7,0126e-07
489,2	6,9814e-07
489,4	6,9373e-07
489,6	6,8935e-07
489,8	6,85e-07
490,0	6,8067e-07
490,2	6,7637e-07
490,4	6,721e-07
490,6	6,6786e-07
490,8	6,6364e-07
491,0	6,5945e-07
491,2	6,5528e-07
491,4	6,5114e-07
491,6	6,4703e-07
491,8	6,4295e-07
492,0	6,3889e-07
492,2	6,3485e-07
492,4	6,3084e-07
492,6	6,2686e-07
492,8	6,2363e-07
493,0	6,2123e-07
493,2	6,1885e-07
493,4	6,1647e-07
493,6	6,1409e-07
493,8	6,1173e-07
494,0	6,0938e-07
494,2	6,0704e-07
494,4	6,047e-07
494,6	6,0238e-07
494,8	6,0006e-07
495,0	5,9775e-07
495,2	5,9545e-07
495,4	5,9316e-07
495,6	5,9088e-07
495,8	5,8861e-07
496,0	5,8635e-07
496,2	5,8409e-07
496,4	5,8137e-07
496,6	5,6867e-07
496,8	5,5626e-07
497,0	5,4411e-07
497,2	5,3224e-07
497,4	5,2062e-07
497,6	5,0925e-07
497,8	4,9813e-07
498,0	4,8726e-07
498,2	4,7662e-07
498,4	4,6621e-07
498,6	4,5604e-07
498,8	4,4608e-07
499,0	4,3634e-07
499,2	4,2681e-07
499,4	4,175e-07
499,6	4,0838e-07
499,8	3,9947e-07
500,0	3,9074e-07
500,2	3,4074e-07
500,4	2,9714e-07
500,6	2,5911e-07
500,8	2,3002e-07
501,0	2,1837e-07
501,2	2,0732e-07
501,4	1,9682e-07
501,6	1,8685e-07
501,8	1,7739e-07
502,0	1,6841e-07
502,2	1,5988e-07
502,4	1,5178e-07
502,6	1,441e-07
502,8	1,368e-07
503,0	1,2987e-07
503,2	1,2329e-07
503,4	1,1705e-07
503,6	1,1112e-07
503,8	1,055e-07
504,0	1,0015e-07
504,2	9,5082e-08
504,4	9,0268e-08
504,6	8,8469e-08
504,8	8,7735e-08
505,0	8,7006e-08
505,2	8,6283e-08
505,4	8,5566e-08
505,6	8,4855e-08
505,8	8,415e-08
506,0	8,3451e-08
506,2	8,2758e-08
506,4	8,2071e-08
506,6	8,1389e-08
506,8	8,0713e-08
507,0	8,0042e-08
507,2	7,9377e-08
507,4	7,8718e-08
507,6	7,8064e-08
507,8	7,7416e-08
508,0	7,6772e-08
508,2	7,6591e-08
508,4	7,7722e-08
508,6	7,8869e-08
508,8	8,0033e-08
509,0	8,1215e-08
509,2	8,2413e-08
509,4	8,363e-08
509,6	8,4864e-08
509,8	8,6117e-08
510,0	8,7388e-08
510,2	8,8678e-08
510,4	8,9987e-08
510,6	9,1315e-08
510,8	9,2663e-08
511,0	9,4031e-08
511,2	9,5419e-08
511,4	9,6828e-08
511,6	9,8257e-08
511,8	9,9707e-08
512,0	9,0526e-08
512,2	7,9935e-08
512,4	7,0583e-08
512,6	6,2325e-08
512,8	5,5033e-08
513,0	4,8595e-08
513,2	4,2909e-08
513,4	3,7889e-08
513,6	3,3456e-08
513,8	2,9542e-08
514,0	2,6086e-08
514,2	2,3034e-08
514,4	2,0339e-08
514,6	1,796e-08
514,8	1,5859e-08
515,0	1,4003e-08
515,2	1,2365e-08
515,4	1,0918e-08
515,6	1,0261e-08
515,8	1,0829e-08
516,0	1,1427e-08
516,2	1,2059e-08
516,4	1,2725e-08
516,6	1,3428e-08
516,8	1,417e-08
517,0	1,4954e-08
517,2	1,578e-08
517,4	1,6652e-08
517,6	1,7572e-08
517,8	1,8544e-08
518,0	1,9568e-08
518,2	2,065e-08
518,4	2,1791e-08
518,6	2,2995e-08
518,8	2,4266e-08
519,0	2,5607e-08
519,2	2,7023e-08
519,4	2,7584e-08
519,6	2,8065e-08
519,8	2,8555e-08
520,0	2,9053e-08
520,2	2,9559e-08
520,4	3,0075e-08
520,6	3,0599e-08
520,8	3,1133e-08
521,0	3,1676e-08
521,2	3,2228e-08
521,4	3,279e-08
521,6	3,3362e-08
521,8	3,3943e-08
522,0	3,4535e-08
522,2	3,5138e-08
522,4	3,575e-08
522,6	3,6374e-08
522,8	3,7008e-08
523,0	3,7007e-08
523,2	3,632e-08
523,4	3,5645e-08
523,6	3,4983e-08
523,8	3,4333e-08
524,0	3,3696e-08
524,2	3,307e-08
524,4	3,2455e-08
524,6	3,1852e-08
524,8	3,1261e-08
525,0	3,068e-08
525,2	3,011e-08
525,4	2,9551e-08
525,6	2,9002e-08
525,8	2,8463e-08
526,0	2,7934e-08
526,2	2,7415e-08
526,4	2,6906e-08
526,6	2,6436e-08
526,8	2,6429e-08
527,0	2,6422e-08
527,2	2,6415e-08
527,4	2,6408e-08
527,6	2,6401e-08
527,8	2,6394e-08
528,0	2,6387e-08
528,2	2,6379e-08
528,4	2,6372e-08
528,6	2,6365e-08
528,8	2,6358e-08
529,0	2,6351e-08
529,2	2,6344e-08
529,4	2,6337e-08
529,6	2,633e-08
529,8	2,6323e-08
530,0	2,6316e-08
530,2	2,6309e-08
530,4	2,7578e-08
530,6	2,9654e-08
530,8	3,1886e-08
531,0	3,4286e-08
531,2	3,6866e-08
531,4	3,9641e-08
531,6	4,2625e-08
531,8	4,5834e-08
532,0	4,9283e-08
532,2	5,2993e-08
532,4	5,6982e-08
532,6	6,1271e-08
532,8	6,5883e-08
533,0	7,0842e-08
533,2	7,6174e-08
533,4	8,1908e-08
533,6	8,8073e-08
533,8	9,4703e-08
534,0	1,0e-07
534,2	1,0e-07
534,4	1,0e-07
534,6	1,0e-07
534,8	1,0e-07
535,0	1,0e-07
535,2	1,0e-07
535,4	1,0e-07
535,6	1,0e-07
535,8	1,0e-07
536,0	1,0e-07
536,2	1,0e-07
536,4	1,0e-07
536,6	1,0e-07
536,8	1,0e-07
537,0	1,0e-07
537,2	1,0e-07
537,4	1,0e-07
537,6	1,0e-07
537,8	9,1664e-08
538,0	8,2841e-08
538,2	7,4867e-08
538,4	6,766e-08
538,6	6,1147e-08
538,8	5,5262e-08
539,0	4,9942e-08
539,2	4,5135e-08
539,4	4,079e-08
539,6	3,6864e-08
539,8	3,3316e-08
540,0	3,0109e-08
540,2	2,7211e-08
540,4	2,4591e-08
540,6	2,2224e-08
540,8	2,0085e-08
541,0	1,8152e-08
541,2	1,6404e-08
541,4	1,7034e-08
541,6	2,0499e-08
541,8	2,4668e-08
542,0	2,9685e-08
542,2	3,5722e-08
542,4	4,2987e-08
542,6	5,173e-08
542,8	6,2251e-08
543,0	7,4912e-08
543,2	9,0828e-08
543,4	1,1013e-07
543,6	1,3353e-07
543,8	1,4031e-07
544,0	1,3867e-07
544,2	1,3705e-07
544,4	1,3545e-07
544,6	1,3387e-07
544,8	1,323e-07
545,0	1,3076e-07
545,2	1,2923e-07
545,4	1,2772e-07
545,6	1,2623e-07
545,8	1,2475e-07
546,0	1,233e-07
546,2	1,2186e-07
546,4	1,2043e-07
546,6	1,1903e-07
546,8	1,1764e-07
547,0	1,1626e-07
547,2	1,149e-07
547,4	1,1414e-07
547,6	1,1534e-07
547,8	1,1656e-07
548,0	1,1778e-07
548,2	1,1902e-07
548,4	1,2028e-07
548,6	1,2154e-07
548,8	1,2282e-07
549,0	1,2411e-07
549,2	1,2542e-07
549,4	1,2674e-07
549,6	1,2807e-07
549,8	1,2942e-07
550,0	1,3078e-07
550,2	1,3216e-07
550,4	1,3355e-07
550,6	1,3495e-07
550,8	1,3637e-07
551,0	1,3781e-07
551,2	1,3845e-07
551,4	1,3886e-07
551,6	1,3927e-07
551,8	1,3968e-07
552,0	1,4009e-07
552,2	1,405e-07
552,4	1,4091e-07
552,6	1,4133e-07
552,8	1,4174e-07
553,0	1,4216e-07
553,2	1,4258e-07
553,4	1,43e-07
553,6	1,4342e-07
553,8	1,4384e-07
554,0	1,4426e-07
554,2	1,4469e-07
554,4	1,4511e-07
554,6	1,4554e-07
554,8	1,4582e-07
555,0	1,4581e-07
555,2	1,4579e-07
555,4	1,4577e-07
555,6	1,4576e-07
555,8	1,4574e-07
556,0	1,4573e-07
556,2	1,4571e-07
556,4	1,4569e-07
556,6	1,4568e-07
556,8	1,4566e-07
557,0	1,4564e-07
557,2	1,4563e-07
557,4	1,4561e-07
557,6	1,456e-07
557,8	1,4558e-07
558,0	1,4556e-07
558,2	1,4555e-07
558,4	1,4553e-07
558,6	1,4644e-07
558,8	1,4747e-07
559,0	1,4852e-07
559,2	1,4956e-07
559,4	1,5062e-07
559,6	1,5169e-07
559,8	1,5276e-07
560,0	1,5384e-07
560,2	1,5493e-07
560,4	1,5602e-07
560,6	1,5712e-07
560,8	1,5823e-07
561,0	1,5935e-07
561,2	1,6048e-07
561,4	1,6161e-07
561,6	1,6275e-07
561,8	1,639e-07
562,0	1,6506e-07
562,2	1,6642e-07
562,4	1,6803e-07
562,6	1,6965e-07
562,8	1,7129e-07
563,0	1,7295e-07
563,2	1,7462e-07
563,4	1,763e-07
563,6	1,78e-07
563,8	1,7972e-07
564,0	1,8146e-07
564,2	1,8321e-07
564,4	1,8498e-07
564,6	1,8677e-07
564,8	1,8857e-07
565,0	1,9039e-07
565,2	1,9223e-07
565,4	1,9408e-07
565,6	1,9596e-07
565,8	1,9791e-07
566,0	2,0137e-07
566,2	2,0488e-07
566,4	2,0846e-07
566,6	2,121e-07
566,8	2,1581e-07
567,0	2,1958e-07
567,2	2,2341e-07
567,4	2,2731e-07
567,6	2,3128e-07
567,8	2,3532e-07
568,0	2,3943e-07
568,2	2,4362e-07
568,4	2,4787e-07
568,6	2,522e-07
568,8	2,566e-07
569,0	2,6109e-07
569,2	2,6565e-07
569,4	2,7028e-07
569,6	2,7372e-07
569,8	2,7645e-07
570,0	2,792e-07
570,2	2,8198e-07
570,4	2,8478e-07
570,6	2,8761e-07
570,8	2,9048e-07
571,0	2,9337e-07
571,2	2,9629e-07
571,4	2,9923e-07
571,6	3,0221e-07
571,8	3,0522e-07
572,0	3,0825e-07
572,2	3,1132e-07
572,4	3,1442e-07
572,6	3,1755e-07
572,8	3,2071e-07
573,0	3,239e-07
573,2	3,2614e-07
573,4	3,2523e-07
573,6	3,2432e-07
573,8	3,2342e-07
574,0	3,2251e-07
574,2	3,2161e-07
574,4	3,2071e-07
574,6	3,1982e-07
574,8	3,1892e-07
575,0	3,1803e-07
575,2	3,1714e-07
575,4	3,1625e-07
575,6	3,1537e-07
575,8	3,1449e-07
576,0	3,1361e-07
576,2	3,1273e-07
576,4	3,1186e-07
576,6	3,1099e-07
576,8	3,1012e-07
577,0	3,1309e-07
577,2	3,1681e-07
577,4	3,2058e-07
577,6	3,2439e-07
577,8	3,2824e-07
578,0	3,3214e-07
578,2	3,3609e-07
578,4	3,4008e-07
578,6	3,4412e-07
578,8	3,4821e-07
579,0	3,5235e-07
579,2	3,5654e-07
579,4	3,6078e-07
579,6	3,6506e-07
579,8	3,694e-07
580,0	3,7379e-07
580,2	3,7823e-07
580,4	3,8273e-07
580,6	3,869e-07
580,8	3,9069e-07
581,0	3,9452e-07
581,2	3,9838e-07
581,4	4,0229e-07
581,6	4,0623e-07
581,8	4,1021e-07
582,0	4,1422e-07
582,2	4,1828e-07
582,4	4,2238e-07
582,6	4,2652e-07
582,8	4,307e-07
583,0	4,3492e-07
583,2	4,3918e-07
583,4	4,4348e-07
583,6	4,4782e-07
583,8	4,5221e-07
584,0	4,5664e-07
584,2	4,6085e-07
584,4	4,6267e-07
584,6	4,6451e-07
584,8	4,6635e-07
585,0	4,682e-07
585,2	4,7005e-07
585,4	4,7192e-07
585,6	4,7379e-07
585,8	4,7566e-07
586,0	4,7755e-07
586,2	4,7944e-07
586,4	4,8134e-07
586,6	4,8325e-07
586,8	4,8516e-07
587,0	4,8709e-07
587,2	4,8902e-07
587,4	4,9095e-07
587,6	4,929e-07
587,8	4,9485e-07
588,0	5,0358e-07
588,2	5,1485e-07
588,4	5,2636e-07
588,6	5,3813e-07
588,8	5,5017e-07
589,0	5,6248e-07
589,2	5,7506e-07
589,4	5,8792e-07
589,6	6,0107e-07
589,8	6,1451e-07
590,0	6,2826e-07
590,2	6,4231e-07
590,4	6,5668e-07
590,6	6,7136e-07
590,8	6,8638e-07
591,0	7,0173e-07
591,2	7,1743e-07
591,4	7,3348e-07
591,6	7,4499e-07
591,8	7,4913e-07
592,0	7,5329e-07
592,2	7,5747e-07
592,4	7,6168e-07
592,6	7,6592e-07
592,8	7,7017e-07
593,0	7,7445e-07
593,2	7,7875e-07
593,4	7,8308e-07
593,6	7,8743e-07
593,8	7,9181e-07
594,0	7,9621e-07
594,2	8,0063e-07
594,4	8,0508e-07
594,6	8,0956e-07
594,8	8,1405e-07
595,0	8,1858e-07
595,2	8,2921e-07
595,4	9,4264e-07
595,6	1,0716e-06
595,8	1,2182e-06
596,0	1,3848e-06
596,2	1,5743e-06
596,4	1,7896e-06
596,6	2,0344e-06
596,8	2,3127e-06
597,0	2,6291e-06
597,2	2,9888e-06
597,4	3,3976e-06
597,6	3,8624e-06
597,8	4,3908e-06
598,0	4,9914e-06
598,2	5,6742e-06
598,4	6,4504e-06
598,6	7,3328e-06
598,8	8,3359e-06
599,0	7,3767e-06
599,2	5,9642e-06
599,4	4,8222e-06
599,6	3,8989e-06
599,8	3,1523e-06
600,0	2,5487e-06
600,2	2,0607e-06
600,4	1,6661e-06
600,6	1,3471e-06
600,8	1,0892e-06
601,0	8,8062e-07
601,2	7,12e-07
601,4	5,7567e-07
601,6	4,6544e-07
601,8	3,7632e-07
602,0	3,0426e-07
602,2	2,46e-07
602,4	1,989e-07
602,6	1,6082e-07
602,8	1,3002e-07
603,0	1,0654e-07
603,2	1,077e-07
603,4	1,0886e-07
603,6	1,1004e-07
603,8	1,1123e-07
604,0	1,1243e-07
604,2	1,1365e-07
604,4	1,1488e-07
604,6	1,1612e-07
604,8	1,1738e-07
605,0	1,1865e-07
605,2	1,1993e-07
605,4	1,2123e-07
605,6	1,2254e-07
605,8	1,2386e-07
606,0	1,252e-07
606,2	1,2656e-07
606,4	1,2793e-07
606,6	1,2685e-07
606,8	1,2375e-07
607,0	1,2072e-07
607,2	1,1776e-07
607,4	1,1488e-07
607,6	1,1207e-07
607,8	1,0932e-07
608,0	1,0664e-07
608,2	1,0403e-07
608,4	1,0149e-07
608,6	9,9001e-08
608,8	9,6577e-08
609,0	9,4212e-08
609,2	9,1906e-08
609,4	8,9655e-08
609,6	8,746e-08
609,8	8,5319e-08
610,0	8,3362e-08
610,2	8,6638e-08
610,4	9,0044e-08
610,6	9,3583e-08
610,8	9,7262e-08
611,0	1,0108e-07
611,2	1,0506e-07
611,4	1,0919e-07
611,6	1,1348e-07
611,8	1,1794e-07
612,0	1,2258e-07
612,2	1,2739e-07
612,4	1,324e-07
612,6	1,3761e-07
612,8	1,4288e-07
613,0	1,4313e-07
613,2	1,4339e-07
613,4	1,4364e-07
613,6	1,4389e-07
613,8	1,4414e-07
614,0	1,444e-07
614,2	1,4465e-07
614,4	1,4491e-07
614,6	1,4516e-07
614,8	1,4542e-07
615,0	1,4567e-07
615,2	1,4593e-07
615,4	1,4618e-07
615,6	1,4644e-07
615,8	1,467e-07
616,0	1,4696e-07
616,2	1,4722e-07
616,4	1,4785e-07
616,6	1,4884e-07
616,8	1,4984e-07
617,0	1,5084e-07
617,2	1,5185e-07
617,4	1,5287e-07
617,6	1,5389e-07
617,8	1,5492e-07
618,0	1,5596e-07
618,2	1,57e-07
618,4	1,5805e-07
618,6	1,5911e-07
618,8	1,6018e-07
619,0	1,6125e-07
619,2	1,6233e-07
619,4	1,6342e-07
619,6	1,6451e-07
619,8	1,6559e-07
620,0	1,6475e-07
620,2	1,6392e-07
620,4	1,6309e-07
620,6	1,6226e-07
620,8	1,6143e-07
621,0	1,6061e-07
621,2	1,598e-07
621,4	1,5899e-07
621,6	1,5818e-07
621,8	1,5738e-07
622,0	1,5658e-07
622,2	1,5578e-07
622,4	1,5499e-07
622,6	1,5425e-07
622,8	1,5615e-07
623,0	1,5808e-07
623,2	1,6003e-07
623,4	1,62e-07
623,6	1,64e-07
623,8	1,6603e-07
624,0	1,6807e-07
624,2	1,7015e-07
624,4	1,7225e-07
624,6	1,7437e-07
624,8	1,7652e-07
625,0	1,787e-07
625,2	1,8091e-07
625,4	1,8314e-07
625,6	1,854e-07
625,8	1,8769e-07
626,0	1,9e-07
626,2	1,9109e-07
626,4	1,9099e-07
626,6	1,909e-07
626,8	1,9081e-07
627,0	1,9071e-07
627,2	1,9062e-07
627,4	1,9052e-07
627,6	1,9043e-07
627,8	1,9034e-07
628,0	1,9024e-07
628,2	1,9015e-07
628,4	1,9006e-07
628,6	1,8996e-07
628,8	1,8987e-07
629,0	1,8977e-07
629,2	1,8968e-07
629,4	1,8959e-07
629,6	1,8948e-07
629,8	1,8841e-07
630,0	1,8734e-07
630,2	1,8629e-07
630,4	1,8524e-07
630,6	1,8419e-07
630,8	1,8315e-07
631,0	1,8212e-07
631,2	1,8109e-07
631,4	1,8007e-07
631,6	1,7906e-07
631,8	1,7805e-07
632,0	1,7704e-07
632,2	1,7605e-07
632,4	1,751e-07
632,6	1,7597e-07
632,8	1,7685e-07
633,0	1,7773e-07
633,2	1,7862e-07
633,4	1,7951e-07
633,6	1,804e-07
633,8	1,813e-07
634,0	1,822e-07
634,2	1,8311e-07
634,4	1,8403e-07
634,6	1,8494e-07
634,8	1,8587e-07
635,0	1,8679e-07
635,2	1,8772e-07
635,4	1,8866e-07
635,6	1,896e-07
635,8	1,9054e-07
636,0	1,9214e-07
636,2	1,9431e-07
636,4	1,965e-07
636,6	1,9872e-07
636,8	2,0096e-07
637,0	2,0323e-07
637,2	2,0552e-07
637,4	2,0785e-07
637,6	2,1019e-07
637,8	2,1257e-07
638,0	2,1496e-07
638,2	2,1739e-07
638,4	2,1985e-07
638,6	2,2233e-07
638,8	2,2484e-07
639,0	2,2738e-07
639,2	2,2994e-07
639,4	2,3231e-07
639,6	2,3068e-07
639,8	2,2906e-07
640,0	2,2746e-07
640,2	2,2587e-07
640,4	2,2429e-07
640,6	2,2272e-07
640,8	2,2116e-07
641,0	2,1961e-07
641,2	2,1807e-07
641,4	2,1654e-07
641,6	2,1503e-07
641,8	2,1352e-07
642,0	2,1202e-07
642,2	2,1059e-07
642,4	2,1415e-07
642,6	2,1776e-07
642,8	2,2144e-07
643,0	2,2518e-07
643,2	2,2899e-07
643,4	2,3285e-07
643,6	2,3679e-07
643,8	2,4079e-07
644,0	2,4485e-07
644,2	2,4899e-07
644,4	2,5319e-07
644,6	2,5747e-07
644,8	2,6182e-07
645,0	2,6624e-07
645,2	2,7074e-07
645,4	2,7531e-07
645,6	2,7996e-07
645,8	3,1177e-07
646,0	3,7571e-07
646,2	4,5276e-07
646,4	5,4563e-07
646,6	6,5753e-07
646,8	7,9239e-07
647,0	9,549e-07
647,2	1,1508e-06
647,4	1,3868e-06
647,6	1,6712e-06
647,8	2,0139e-06
648,0	2,427e-06
648,2	2,9248e-06
648,4	3,5246e-06
648,6	4,2475e-06
648,8	5,1186e-06
649,0	6,1685e-06
649,2	7,58e-06
649,4	1,2332e-05
649,6	2,0063e-05
649,8	3,2642e-05
650,0	5,3105e-05
650,2	8,6398e-05
650,4	1,4056e-04
650,6	2,2869e-04
650,8	2,259e-04
651,0	2,3348e-04
651,2	2,2908e-04
651,4	2,4014e-04
651,6	2,372e-04
651,8	3,0347e-04
652,0	3,4904e-04
652,2	2,8217e-04
652,4	3,538e-04
652,6	3,2435e-04
652,8	3,1449e-04
653,0	3,8336e-04
653,2	3,2521e-04
653,4	4,273e-04
653,6	3,8965e-04
653,8	3,9345e-04
654,0	4,9e-04
654,2	4,536e-04
654,4	5,9772e-04
654,6	5,9515e-04
654,8	7,0178e-04
655,0	8,4249e-04
655,2	9,294e-04
655,4	0,00125
655,6	0,00147
655,8	0,00186
656,0	0,00245
656,2	0,00302
656,4	0,00421
656,6	0,00549
656,8	0,00751
657,0	0,01042
657,2	0,01425
657,4	0,02057
657,6	0,02853
657,8	0,04123
658,0	0,05946
658,2	0,08481
658,4	0,12557
658,6	0,1772
658,8	0,25418
659,0	0,35099
659,2	0,46655
659,4	0,60202
659,6	0,71951
659,8	0,82539
660,0	0,899
660,2	0,94556
660,4	0,97138
660,6	0,98165
660,8	0,98608
661,0	0,98414
661,2	0,98234
661,4	0,9796
661,6	0,97852
661,8	0,97419
662,0	0,97562
662,2	0,97748
662,4	0,97906
662,6	0,98098
662,8	0,98246
663,0	0,98437
663,2	0,98576
663,4	0,98622
663,6	0,98639
663,8	0,98585
664,0	0,98588
664,2	0,98497
664,4	0,98366
664,6	0,98261
664,8	0,98138
665,0	0,98072
665,2	0,97974
665,4	0,97918
665,6	0,97853
665,8	0,97865
666,0	0,97885
666,2	0,97939
666,4	0,97939
666,6	0,97998
666,8	0,98115
667,0	0,9824
667,2	0,98398
667,4	0,98497
667,6	0,98564
667,8	0,98627
668,0	0,98682
668,2	0,98764
668,4	0,98817
668,6	0,98818
668,8	0,98795
669,0	0,98814
669,2	0,98772
669,4	0,98723
669,6	0,98698
669,8	0,98659
670,0	0,98608
670,2	0,98586
670,4	0,98511
670,6	0,98475
670,8	0,98401
671,0	0,9838
671,2	0,98395
671,4	0,98384
671,6	0,98395
671,8	0,98367
672,0	0,98406
672,2	0,98417
672,4	0,98434
672,6	0,98461
672,8	0,98447
673,0	0,98577
673,2	0,98794
673,4	0,9883
673,6	0,98814
673,8	0,98791
674,0	0,9874
674,2	0,98752
674,4	0,98727
674,6	0,98694
674,8	0,98672
675,0	0,98603
675,2	0,98553
675,4	0,98538
675,6	0,985
675,8	0,98503
676,0	0,98466
676,2	0,98473
676,4	0,98439
676,6	0,98454
676,8	0,98456
677,0	0,98463
677,2	0,98481
677,4	0,98534
677,6	0,98593
677,8	0,98634
678,0	0,98672
678,2	0,9873
678,4	0,98815
678,6	0,98864
678,8	0,98949
679,0	0,98986
679,2	0,99073
679,4	0,9909
679,6	0,99141
679,8	0,99187
680,0	0,99211
680,2	0,99224
680,4	0,99236
680,6	0,99232
680,8	0,99217
681,0	0,99198
681,2	0,99153
681,4	0,99125
681,6	0,99086
681,8	0,99046
682,0	0,99007
682,2	0,98938
682,4	0,98885
682,6	0,98821
682,8	0,98787
683,0	0,98708
683,2	0,98672
683,4	0,98604
683,6	0,98616
683,8	0,98551
684,0	0,98484
684,2	0,98531
684,4	0,98496
684,6	0,9851
684,8	0,98535
685,0	0,98556
685,2	0,98623
685,4	0,98692
685,6	0,98672
685,8	0,9876
686,0	0,98763
686,2	0,98847
686,4	0,98907
686,6	0,98954
686,8	0,99
687,0	0,9906
687,2	0,99078
687,4	0,99141
687,6	0,99159
687,8	0,99193
688,0	0,99197
688,2	0,99224
688,4	0,9922
688,6	0,99183
688,8	0,99208
689,0	0,9918
689,2	0,99176
689,4	0,99097
689,6	0,99083
689,8	0,99052
690,0	0,99019
690,2	0,98997
690,4	0,98906
690,6	0,98856
690,8	0,98818
691,0	0,98794
691,2	0,9871
691,4	0,98713
691,6	0,98709
691,8	0,98651
692,0	0,98648
692,2	0,98645
692,4	0,98632
692,6	0,98636
692,8	0,98661
693,0	0,98666
693,2	0,98682
693,4	0,98753
693,6	0,98726
693,8	0,98757
694,0	0,98821
694,2	0,98857
694,4	0,98917
694,6	0,98933
694,8	0,98973
695,0	0,99085
695,2	0,99117
695,4	0,99154
695,6	0,99241
695,8	0,9921
696,0	0,99319
696,2	0,99288
696,4	0,99355
696,6	0,9934
696,8	0,99382
697,0	0,99382
697,2	0,99376
697,4	0,99336
697,6	0,99342
697,8	0,9935
698,0	0,99289
698,2	0,99259
698,4	0,99255
698,6	0,99198
698,8	0,99137
699,0	0,99075
699,2	0,99064
699,4	0,99003
699,6	0,98949
699,8	0,98893
700,0	0,98825
700,2	0,98801
700,4	0,98772
700,6	0,98722
700,8	0,98751
701,0	0,98669
701,2	0,98651
701,4	0,98649
701,6	0,98608
701,8	0,98599
702,0	0,98591
702,2	0,98565
702,4	0,98603
702,6	0,98621
702,8	0,98631
703,0	0,98625
703,2	0,98652
703,4	0,98708
703,6	0,98709
703,8	0,9877
704,0	0,98753
704,2	0,98774
704,4	0,9884
704,6	0,98891
704,8	0,98917
705,0	0,98917
705,2	0,98952
705,4	0,98904
705,6	0,98954
705,8	0,9901
706,0	0,99017
706,2	0,98988
706,4	0,98988
706,6	0,99014
706,8	0,99001
707,0	0,98976
707,2	0,98981
707,4	0,98954
707,6	0,98959
707,8	0,98934
708,0	0,98909
708,2	0,98882
708,4	0,98834
708,6	0,9882
708,8	0,98845
709,0	0,9883
709,2	0,98792
709,4	0,98736
709,6	0,98781
709,8	0,98729
710,0	0,98728
710,2	0,98698
710,4	0,98662
710,6	0,98678
710,8	0,98711
711,0	0,9868
711,2	0,9871
711,4	0,98736
711,6	0,98749
711,8	0,98777
712,0	0,98759
712,2	0,98791
712,4	0,98867
712,6	0,98859
712,8	0,98914
713,0	0,9897
713,2	0,9901
713,4	0,99038
713,6	0,99098
713,8	0,99126
714,0	0,99133
714,2	0,99214
714,4	0,99219
714,6	0,99245
714,8	0,99291
715,0	0,99353
715,2	0,99367
715,4	0,99354
715,6	0,99425
715,8	0,99409
716,0	0,99428
716,2	0,99466
716,4	0,99454
716,6	0,99461
716,8	0,99482
717,0	0,9944
717,2	0,99452
717,4	0,99408
717,6	0,99389
717,8	0,99357
718,0	0,99393
718,2	0,9937
718,4	0,99366
718,6	0,99315
718,8	0,99249
719,0	0,9924
719,2	0,99198
719,4	0,99167
719,6	0,99146
719,8	0,9911
720,0	0,99069
720,2	0,99072
720,4	0,99036
720,6	0,98999
720,8	0,98937
721,0	0,98931
721,2	0,98901
721,4	0,98877
721,6	0,98873
721,8	0,98847
722,0	0,98823
722,2	0,98795
722,4	0,98785
722,6	0,98775
722,8	0,98813
723,0	0,98803
723,2	0,98768
723,4	0,98764
723,6	0,98776
723,8	0,98791
724,0	0,98845
724,2	0,9877
724,4	0,98791
724,6	0,98771
724,8	0,9879
725,0	0,98825
725,2	0,98799
725,4	0,98836
725,6	0,98827
725,8	0,9882
726,0	0,98805
726,2	0,98841
726,4	0,98791
726,6	0,98813
726,8	0,98818
727,0	0,98807
727,2	0,98813
727,4	0,98807
727,6	0,98784
727,8	0,98762
728,0	0,98708
728,2	0,98745
728,4	0,9872
728,6	0,98713
728,8	0,98689
729,0	0,98673
729,2	0,98655
729,4	0,98652
729,6	0,98613
729,8	0,98597
730,0	0,9862
730,2	0,98594
730,4	0,98628
730,6	0,98658
730,8	0,98622
731,0	0,98598
731,2	0,98625
731,4	0,98621
731,6	0,98656
731,8	0,98637
732,0	0,98675
732,2	0,98717
732,4	0,98729
732,6	0,98726
732,8	0,9877
733,0	0,98805
733,2	0,98844
733,4	0,9887
733,6	0,98874
733,8	0,9891
734,0	0,98961
734,2	0,98973
734,4	0,99004
734,6	0,99013
734,8	0,99037
735,0	0,99054
735,2	0,99141
735,4	0,99139
735,6	0,99181
735,8	0,99211
736,0	0,99232
736,2	0,99271
736,4	0,99281
736,6	0,99295
736,8	0,99341
737,0	0,99304
737,2	0,99314
737,4	0,99357
737,6	0,9933
737,8	0,99337
738,0	0,99346
738,2	0,99319
738,4	0,99329
738,6	0,99323
738,8	0,99275
739,0	0,99274
739,2	0,99236
739,4	0,99227
739,6	0,99212
739,8	0,99128
740,0	0,9911
740,2	0,99095
740,4	0,99066
740,6	0,98961
740,8	0,98956
741,0	0,98942
741,2	0,98905
741,4	0,98852
741,6	0,98842
741,8	0,98816
742,0	0,98791
742,2	0,98757
742,4	0,98745
742,6	0,98701
742,8	0,98682
743,0	0,98649
743,2	0,98627
743,4	0,98567
743,6	0,98579
743,8	0,98578
744,0	0,9858
744,2	0,98604
744,4	0,98614
744,6	0,98649
744,8	0,9861
745,0	0,98647
745,2	0,98667
745,4	0,98692
745,6	0,98717
745,8	0,98753
746,0	0,98744
746,2	0,98782
746,4	0,98759
746,6	0,98837
746,8	0,98871
747,0	0,989
747,2	0,98862
747,4	0,98959
747,6	0,98955
747,8	0,98976
748,0	0,99011
748,2	0,99016
748,4	0,99104
748,6	0,99082
748,8	0,99106
749,0	0,9912
749,2	0,99142
749,4	0,99153
749,6	0,99157
749,8	0,99157
750,0	0,99172
750,2	0,99235
750,4	0,99177
750,6	0,99152
750,8	0,99164
751,0	0,99123
751,2	0,99146
751,4	0,99107
751,6	0,99081
751,8	0,99054
752,0	0,99051
752,2	0,99044
752,4	0,99021
752,6	0,98975
752,8	0,98965
753,0	0,98964
753,2	0,98901
753,4	0,98883
753,6	0,98833
753,8	0,98811
754,0	0,98804
754,2	0,98786
754,4	0,98771
754,6	0,98749
754,8	0,98714
755,0	0,98701
755,2	0,98643
755,4	0,98661
755,6	0,98643
755,8	0,98641
756,0	0,98662
756,2	0,98653
756,4	0,9866
756,6	0,98639
756,8	0,98657
757,0	0,9868
757,2	0,98718
757,4	0,98745
757,6	0,9872
757,8	0,98753
758,0	0,98774
758,2	0,98788
758,4	0,98796
758,6	0,98837
758,8	0,98909
759,0	0,98891
759,2	0,98934
759,4	0,98978
759,6	0,99006
759,8	0,99034
760,0	0,99077
760,2	0,99101
760,4	0,99122
760,6	0,99178
760,8	0,9919
761,0	0,99247
761,2	0,99239
761,4	0,99245
761,6	0,99254
761,8	0,99324
762,0	0,99343
762,2	0,99412
762,4	0,9941
762,6	0,99384
762,8	0,99415
763,0	0,99378
763,2	0,99433
763,4	0,99391
763,6	0,99405
763,8	0,99368
764,0	0,99363
764,2	0,99396
764,4	0,9936
764,6	0,99329
764,8	0,99311
765,0	0,99306
765,2	0,99251
765,4	0,9923
765,6	0,99192
765,8	0,99133
766,0	0,99124
766,2	0,99089
766,4	0,99081
766,6	0,99045
766,8	0,98966
767,0	0,98972
767,2	0,98945
767,4	0,98902
767,6	0,988
767,8	0,98744
768,0	0,98775
768,2	0,98774
768,4	0,98727
768,6	0,98729
768,8	0,98701
769,0	0,98656
769,2	0,98589
769,4	0,98628
769,6	0,98583
769,8	0,98585
770,0	0,98554
770,2	0,98533
770,4	0,98543
770,6	0,98516
770,8	0,98557
771,0	0,98496
771,2	0,98525
771,4	0,98515
771,6	0,98505
771,8	0,98501
772,0	0,98541
772,2	0,9854
772,4	0,98595
772,6	0,98578
772,8	0,98613
773,0	0,98629
773,2	0,98659
773,4	0,98657
773,6	0,98675
773,8	0,98702
774,0	0,98723
774,2	0,98728
774,4	0,9876
774,6	0,98758
774,8	0,98817
775,0	0,98799
775,2	0,98817
775,4	0,98883
775,6	0,98912
775,8	0,98945
776,0	0,98892
776,2	0,98925
776,4	0,98904
776,6	0,98929
776,8	0,98925
777,0	0,98928
777,2	0,98963
777,4	0,9897
777,6	0,98943
777,8	0,98987
778,0	0,98934
778,2	0,98969
778,4	0,98959
778,6	0,98974
778,8	0,98897
779,0	0,98883
779,2	0,98882
779,4	0,98861
779,6	0,98781
779,8	0,9884
780,0	0,98825
780,2	0,98785
780,4	0,98761
780,6	0,98729
780,8	0,98723
781,0	0,98686
781,2	0,98689
781,4	0,98694
781,6	0,98648
781,8	0,9861
782,0	0,98609
782,2	0,98574
782,4	0,9856
782,6	0,98544
782,8	0,98486
783,0	0,9849
783,2	0,98466
783,4	0,98503
783,6	0,98477
783,8	0,98428
784,0	0,98439
784,2	0,98442
784,4	0,98406
784,6	0,98436
784,8	0,98476
785,0	0,9841
785,2	0,9843
785,4	0,98393
785,6	0,98446
785,8	0,98429
786,0	0,98454
786,2	0,98444
786,4	0,98477
786,6	0,98527
786,8	0,98501
787,0	0,98584
787,2	0,98589
787,4	0,98591
787,6	0,98601
787,8	0,98613
788,0	0,98649
788,2	0,98662
788,4	0,98665
788,6	0,9872
788,8	0,98741
789,0	0,98763
789,2	0,98783
789,4	0,98819
789,6	0,98832
789,8	0,98824
790,0	0,98877
790,2	0,98881
790,4	0,98876
790,6	0,98947
790,8	0,98981
791,0	0,98964
791,2	0,98951
791,4	0,99018
791,6	0,99031
791,8	0,99036
792,0	0,99003
792,2	0,98987
792,4	0,99066
792,6	0,99016
792,8	0,98995
793,0	0,99029
793,2	0,98983
793,4	0,98973
793,6	0,99011
793,8	0,98971
794,0	0,9895
794,2	0,98953
794,4	0,98916
794,6	0,98958
794,8	0,98965
795,0	0,9899
795,2	0,98974
795,4	0,98925
795,6	0,98918
795,8	0,98902
796,0	0,98906
796,2	0,98903
796,4	0,98876
796,6	0,98846
796,8	0,98808
797,0	0,9883
797,2	0,98797
797,4	0,98782
797,6	0,98743
797,8	0,98748
798,0	0,98738
798,2	0,98647
798,4	0,98717
798,6	0,98682
798,8	0,98655
799,0	0,98647
799,2	0,98643
799,4	0,98634
799,6	0,98586
799,8	0,98622
800,0	0,98617
800,2	0,98594
800,4	0,98597
800,6	0,98605
800,8	0,98585
801,0	0,98616
801,2	0,98602
801,4	0,98619
801,6	0,98612
801,8	0,98626
802,0	0,98618
802,2	0,98594
802,4	0,98647
802,6	0,98606
802,8	0,98616
803,0	0,98595
803,2	0,98634
803,4	0,98643
803,6	0,98641
803,8	0,98666
804,0	0,98648
804,2	0,98667
804,4	0,98715
804,6	0,98683
804,8	0,98681
805,0	0,98667
805,2	0,987
805,4	0,98713
805,6	0,98724
805,8	0,98752
806,0	0,98735
806,2	0,98764
806,4	0,98713
806,6	0,98764
806,8	0,98747
807,0	0,98772
807,2	0,9879
807,4	0,98772
807,6	0,98753
807,8	0,98782
808,0	0,98757
808,2	0,98773
808,4	0,98759
808,6	0,98749
808,8	0,98741
809,0	0,98716
809,2	0,98741
809,4	0,98751
809,6	0,9871
809,8	0,98727
810,0	0,98695
810,2	0,98709
810,4	0,98693
810,6	0,98676
810,8	0,98673
811,0	0,98684
811,2	0,98693
811,4	0,98673
811,6	0,98636
811,8	0,98625
812,0	0,98617
812,2	0,98656
812,4	0,98663
812,6	0,98642
812,8	0,98605
813,0	0,98616
813,2	0,98625
813,4	0,98647
813,6	0,98674
813,8	0,98636
814,0	0,98643
814,2	0,98646
814,4	0,98657
814,6	0,98629
814,8	0,98667
815,0	0,98689
815,2	0,98659
815,4	0,98649
815,6	0,98638
815,8	0,9869
816,0	0,98725
816,2	0,98723
816,4	0,98721
816,6	0,98762
816,8	0,98743
817,0	0,98727
817,2	0,98771
817,4	0,98764
817,6	0,98784
817,8	0,98809
818,0	0,98807
818,2	0,98849
818,4	0,98884
818,6	0,98852
818,8	0,98892
819,0	0,98897
819,2	0,98914
819,4	0,98927
819,6	0,98955
819,8	0,98979
820,0	0,98955
820,2	0,98988
820,4	0,99
820,6	0,99009
820,8	0,99031
821,0	0,9905
821,2	0,99098
821,4	0,99054
821,6	0,99084
821,8	0,99104
822,0	0,99124
822,2	0,9909
822,4	0,99132
822,6	0,99128
822,8	0,99124
823,0	0,99079
823,2	0,99163
823,4	0,99129
823,6	0,99151
823,8	0,99106
824,0	0,99102
824,2	0,99116
824,4	0,9911
824,6	0,99111
824,8	0,99075
825,0	0,99081
825,2	0,99094
825,4	0,99075
825,6	0,99075
825,8	0,9907
826,0	0,9906
826,2	0,99039
826,4	0,99021
826,6	0,99016
826,8	0,99017
827,0	0,99004
827,2	0,99011
827,4	0,99007
827,6	0,99015
827,8	0,9896
828,0	0,98957
828,2	0,98909
828,4	0,98927
828,6	0,98929
828,8	0,98955
829,0	0,98927
829,2	0,98937
829,4	0,98885
829,6	0,98922
829,8	0,9894
830,0	0,989
830,2	0,98895
830,4	0,98864
830,6	0,98874
830,8	0,98877
831,0	0,98888
831,2	0,98888
831,4	0,98915
831,6	0,98889
831,8	0,98914
832,0	0,989
832,2	0,98949
832,4	0,98925
832,6	0,98944
832,8	0,98963
833,0	0,98953
833,2	0,98993
833,4	0,98972
833,6	0,98984
833,8	0,98945
834,0	0,98985
834,2	0,99056
834,4	0,99025
834,6	0,99027
834,8	0,99016
835,0	0,99057
835,2	0,99072
835,4	0,99067
835,6	0,99055
835,8	0,99076
836,0	0,99087
836,2	0,99117
836,4	0,99107
836,6	0,99124
836,8	0,99157
837,0	0,99154
837,2	0,99141
837,4	0,99176
837,6	0,99191
837,8	0,99175
838,0	0,99157
838,2	0,99143
838,4	0,99179
838,6	0,99198
838,8	0,99193
839,0	0,99179
839,2	0,99175
839,4	0,99145
839,6	0,99189
839,8	0,99179
840,0	0,99145
840,2	0,99151
840,4	0,99178
840,6	0,99163
840,8	0,99173
841,0	0,99125
841,2	0,99095
841,4	0,99115
841,6	0,99127
841,8	0,99087
842,0	0,99056
842,2	0,9904
842,4	0,99049
842,6	0,98981
842,8	0,99011
843,0	0,9899
843,2	0,98939
843,4	0,98963
843,6	0,98903
843,8	0,98915
844,0	0,98841
844,2	0,98828
844,4	0,98813
844,6	0,98808
844,8	0,98775
845,0	0,98786
845,2	0,98762
845,4	0,98717
845,6	0,98671
845,8	0,98659
846,0	0,98672
846,2	0,98673
846,4	0,9864
846,6	0,98646
846,8	0,9863
847,0	0,98628
847,2	0,98557
847,4	0,98565
847,6	0,98535
847,8	0,98539
848,0	0,98514
848,2	0,98497
848,4	0,98502
848,6	0,98479
848,8	0,98474
849,0	0,98466
849,2	0,98464
849,4	0,98445
849,6	0,9845
849,8	0,98449
850,0	0,9844
850,2	0,98441
850,4	0,98445
850,6	0,98442
850,8	0,9841
851,0	0,98404
851,2	0,98399
851,4	0,98427
851,6	0,98429
851,8	0,98397
852,0	0,98394
852,2	0,98407
852,4	0,98435
852,6	0,98428
852,8	0,98387
853,0	0,98418
853,2	0,98427
853,4	0,98441
853,6	0,98413
853,8	0,98447
854,0	0,98425
854,2	0,98442
854,4	0,98458
854,6	0,98484
854,8	0,98451
855,0	0,9849
855,2	0,98471
855,4	0,98467
855,6	0,98481
855,8	0,98507
856,0	0,98468
856,2	0,98505
856,4	0,98478
856,6	0,98465
856,8	0,98499
857,0	0,98486
857,2	0,98488
857,4	0,98467
857,6	0,98504
857,8	0,98525
858,0	0,98556
858,2	0,98482
858,4	0,98503
858,6	0,98464
858,8	0,98515
859,0	0,98511
859,2	0,98538
859,4	0,98528
859,6	0,98511
859,8	0,98475
860,0	0,98491
860,2	0,98479
860,4	0,98482
860,6	0,98465
860,8	0,9849
861,0	0,98451
861,2	0,98446
861,4	0,98471
861,6	0,98399
861,8	0,98475
862,0	0,98393
862,2	0,98452
862,4	0,98458
862,6	0,98469
862,8	0,98466
863,0	0,98452
863,2	0,9846
863,4	0,98446
863,6	0,9845
863,8	0,98433
864,0	0,98445
864,2	0,98435
864,4	0,98403
864,6	0,98433
864,8	0,9841
865,0	0,98435
865,2	0,98442
865,4	0,98421
865,6	0,98456
865,8	0,98433
866,0	0,98463
866,2	0,98434
866,4	0,98437
866,6	0,98451
866,8	0,98416
867,0	0,98443
867,2	0,98462
867,4	0,98466
867,6	0,98455
867,8	0,98449
868,0	0,98469
868,2	0,98462
868,4	0,98402
868,6	0,98338
868,8	0,98386
869,0	0,98527
869,2	0,98523
869,4	0,98526
869,6	0,98515
869,8	0,98531
870,0	0,98481
870,2	0,98448
870,4	0,98498
870,6	0,9855
870,8	0,98568
871,0	0,98522
871,2	0,98504
871,4	0,98435
871,6	0,98466
871,8	0,98533
872,0	0,98572
872,2	0,98561
872,4	0,98632
872,6	0,98613
872,8	0,98496
873,0	0,98588
873,2	0,98549
873,4	0,98495
873,6	0,98515
873,8	0,985
874,0	0,98514
874,2	0,98618
874,4	0,9853
874,6	0,98578
874,8	0,9854
875,0	0,98496
875,2	0,98522
875,4	0,98519
875,6	0,98565
875,8	0,98533
876,0	0,98469
876,2	0,98472
876,4	0,98472
876,6	0,98442
876,8	0,98553
877,0	0,98534
877,2	0,98447
877,4	0,98468
877,6	0,98415
877,8	0,98411
878,0	0,98416
878,2	0,98382
878,4	0,98408
878,6	0,9843
878,8	0,9846
879,0	0,9841
879,2	0,98359
879,4	0,98308
879,6	0,98335
879,8	0,98327
880,0	0,98327
880,2	0,98356
880,4	0,98345
880,6	0,98358
880,8	0,98313
881,0	0,98293
881,2	0,98292
881,4	0,98306
881,6	0,98278
881,8	0,98325
882,0	0,98299
882,2	0,983
882,4	0,98267
882,6	0,98238
882,8	0,98244
883,0	0,98335
883,2	0,98363
883,4	0,98289
883,6	0,98264
883,8	0,9825
884,0	0,98213
884,2	0,98217
884,4	0,98293
884,6	0,98297
884,8	0,98285
885,0	0,98312
885,2	0,9829
885,4	0,98281
885,6	0,98355
885,8	0,98372
886,0	0,98338
886,2	0,98279
886,4	0,98284
886,6	0,98373
886,8	0,98361
887,0	0,98338
887,2	0,98325
887,4	0,98387
887,6	0,98376
887,8	0,9836
888,0	0,9838
888,2	0,98385
888,4	0,98431
888,6	0,98503
888,8	0,98461
889,0	0,98445
889,2	0,98454
889,4	0,98395
889,6	0,98405
889,8	0,98499
890,0	0,98483
890,2	0,98527
890,4	0,98528
890,6	0,98515
890,8	0,98494
891,0	0,98561
891,2	0,9847
891,4	0,98547
891,6	0,98568
891,8	0,98559
892,0	0,98536
892,2	0,98587
892,4	0,98534
892,6	0,98545
892,8	0,98616
893,0	0,98583
893,2	0,98589
893,4	0,98627
893,6	0,9861
893,8	0,98555
894,0	0,98599
894,2	0,98538
894,4	0,98527
894,6	0,98599
894,8	0,98641
895,0	0,98594
895,2	0,98596
895,4	0,98599
895,6	0,98634
895,8	0,98584
896,0	0,98563
896,2	0,98596
896,4	0,98532
896,6	0,98549
896,8	0,9859
897,0	0,98606
897,2	0,98579
897,4	0,98596
897,6	0,98546
897,8	0,98506
898,0	0,98588
898,2	0,98594
898,4	0,98567
898,6	0,98536
898,8	0,98565
899,0	0,9854
899,2	0,98541
899,4	0,98455
899,6	0,98559
899,8	0,98534
900,0	0,98534
900,2	0,98534
900,4	0,98564
900,6	0,9846
900,8	0,98466
901,0	0,98519
901,2	0,9849
901,4	0,9853
901,6	0,98565
901,8	0,98542
902,0	0,98499
902,2	0,98567
902,4	0,98532
902,6	0,9856
902,8	0,98523
903,0	0,98525
903,2	0,98556
903,4	0,98567
903,6	0,98586
903,8	0,9855
904,0	0,98664
904,2	0,98542
904,4	0,98522
904,6	0,9859
904,8	0,98587
905,0	0,98613
905,2	0,98576
905,4	0,98556
905,6	0,98592
905,8	0,98639
906,0	0,98669
906,2	0,98723
906,4	0,98656
906,6	0,98666
906,8	0,98707
907,0	0,98762
907,2	0,98747
907,4	0,98679
907,6	0,98713
907,8	0,98747
908,0	0,98741
908,2	0,98795
908,4	0,98727
908,6	0,98827
908,8	0,98744
909,0	0,98788
909,2	0,98751
909,4	0,98817
909,6	0,98836
909,8	0,98845
910,0	0,98769
910,2	0,98771
910,4	0,98793
910,6	0,98854
910,8	0,98863
911,0	0,98784
911,2	0,98828
911,4	0,98832
911,6	0,98844
911,8	0,98861
912,0	0,98799
912,2	0,98788
912,4	0,98843
912,6	0,98827
912,8	0,98821
913,0	0,98825
913,2	0,98787
913,4	0,98793
913,6	0,98858
913,8	0,98793
914,0	0,98826
914,2	0,98832
914,4	0,9881
914,6	0,98776
914,8	0,98713
915,0	0,98745
915,2	0,98782
915,4	0,98665
915,6	0,98675
915,8	0,98714
916,0	0,98766
916,2	0,98685
916,4	0,98693
916,6	0,98624
916,8	0,98691
917,0	0,98655
917,2	0,98644
917,4	0,98644
917,6	0,98615
917,8	0,98577
918,0	0,98523
918,2	0,98535
918,4	0,98614
918,6	0,98512
918,8	0,98452
919,0	0,98454
919,2	0,9855
919,4	0,98519
919,6	0,98511
919,8	0,98448
920,0	0,98413
920,2	0,98429
920,4	0,98452
920,6	0,98397
920,8	0,9835
921,0	0,98371
921,2	0,98331
921,4	0,98367
921,6	0,98266
921,8	0,98222
922,0	0,98362
922,2	0,98351
922,4	0,98249
922,6	0,98319
922,8	0,98357
923,0	0,98331
923,2	0,98197
923,4	0,98254
923,6	0,9824
923,8	0,98236
924,0	0,98196
924,2	0,98271
924,4	0,98213
924,6	0,9824
924,8	0,98223
925,0	0,98287
925,2	0,98274
925,4	0,98147
925,6	0,98144
925,8	0,98204
926,0	0,98251
926,2	0,98215
926,4	0,9823
926,6	0,98191
926,8	0,98222
927,0	0,98261
927,2	0,98291
927,4	0,98217
927,6	0,98207
927,8	0,9818
928,0	0,98145
928,2	0,98283
928,4	0,98285
928,6	0,98232
928,8	0,98237
929,0	0,98231
929,2	0,98309
929,4	0,98302
929,6	0,98265
929,8	0,98266
930,0	0,98261
930,2	0,9826
930,4	0,98274
930,6	0,9838
930,8	0,98481
931,0	0,98373
931,2	0,98266
931,4	0,98276
931,6	0,98423
931,8	0,98363
932,0	0,98296
932,2	0,98222
932,4	0,98218
932,6	0,98259
932,8	0,98213
933,0	0,9823
933,2	0,98243
933,4	0,9829
933,6	0,98257
933,8	0,98326
934,0	0,98258
934,2	0,98326
934,4	0,98294
934,6	0,98267
934,8	0,98274
935,0	0,98316
935,2	0,98324
935,4	0,98357
935,6	0,98266
935,8	0,98308
936,0	0,98274
936,2	0,98285
936,4	0,98331
936,6	0,98344
936,8	0,98347
937,0	0,98315
937,2	0,98283
937,4	0,9829
937,6	0,98341
937,8	0,98322
938,0	0,98326
938,2	0,98283
938,4	0,98382
938,6	0,98334
938,8	0,98328
939,0	0,98325
939,2	0,98285
939,4	0,98281
939,6	0,98305
939,8	0,98268
940,0	0,98294
940,2	0,98222
940,4	0,98267
940,6	0,98266
940,8	0,98269
941,0	0,98254
941,2	0,98227
941,4	0,9819
941,6	0,98225
941,8	0,98233
942,0	0,98279
942,2	0,98214
942,4	0,9818
942,6	0,98228
942,8	0,98223
943,0	0,98153
943,2	0,98172
943,4	0,98235
943,6	0,9821
943,8	0,98151
944,0	0,98221
944,2	0,98144
944,4	0,98169
944,6	0,98164
944,8	0,98192
945,0	0,98182
945,2	0,98148
945,4	0,98245
945,6	0,98167
945,8	0,98215
946,0	0,9825
946,2	0,98114
946,4	0,98226
946,6	0,98174
946,8	0,98188
947,0	0,98171
947,2	0,98226
947,4	0,98192
947,6	0,982
947,8	0,98183
948,0	0,98197
948,2	0,98185
948,4	0,98201
948,6	0,98184
948,8	0,98216
949,0	0,98253
949,2	0,98233
949,4	0,98286
949,6	0,98235
949,8	0,98204
950,0	0,98247
950,2	0,98219
950,4	0,98237
950,6	0,98236
950,8	0,98261
951,0	0,9827
951,2	0,98222
951,4	0,98261
951,6	0,98279
951,8	0,98275
952,0	0,98311
952,2	0,98313
952,4	0,98275
952,6	0,98272
952,8	0,98306
953,0	0,98302
953,2	0,98296
953,4	0,98324
953,6	0,98286
953,8	0,9832
954,0	0,98272
954,2	0,98293
954,4	0,98335
954,6	0,98264
954,8	0,98306
955,0	0,98326
955,2	0,98303
955,4	0,98307
955,6	0,98331
955,8	0,98271
956,0	0,98299
956,2	0,98338
956,4	0,98304
956,6	0,98293
956,8	0,98289
957,0	0,98279
957,2	0,98234
957,4	0,98246
957,6	0,98246
957,8	0,98271
958,0	0,9824
958,2	0,98237
958,4	0,98255
958,6	0,98257
958,8	0,98283
959,0	0,98233
959,2	0,98265
959,4	0,98219
959,6	0,98173
959,8	0,9824
960,0	0,98192
960,2	0,98216
960,4	0,98212
960,6	0,98225
960,8	0,98256
961,0	0,98218
961,2	0,98232
961,4	0,98185
961,6	0,98152
961,8	0,98157
962,0	0,98168
962,2	0,98125
962,4	0,98173
962,6	0,98195
962,8	0,98158
963,0	0,98193
963,2	0,98172
963,4	0,98211
963,6	0,98161
963,8	0,98129
964,0	0,98122
964,2	0,98194
964,4	0,98151
964,6	0,98146
964,8	0,98171
965,0	0,98134
965,2	0,98136
965,4	0,98114
965,6	0,98147
965,8	0,98126
966,0	0,98117
966,2	0,98124
966,4	0,98148
966,6	0,98141
966,8	0,98159
967,0	0,98195
967,2	0,98181
967,4	0,98161
967,6	0,98155
967,8	0,98193
968,0	0,98168
968,2	0,98178
968,4	0,98189
968,6	0,98202
968,8	0,98186
969,0	0,98228
969,2	0,98221
969,4	0,98184
969,6	0,98221
969,8	0,98245
970,0	0,9826
970,2	0,98228
970,4	0,98286
970,6	0,98233
970,8	0,98237
971,0	0,9826
971,2	0,98333
971,4	0,98323
971,6	0,9829
971,8	0,98324
972,0	0,98301
972,2	0,9833
972,4	0,98298
972,6	0,9832
972,8	0,9836
973,0	0,9835
973,2	0,98358
973,4	0,98425
973,6	0,98394
973,8	0,98393
974,0	0,98366
974,2	0,98354
974,4	0,983
974,6	0,98373
974,8	0,98406
975,0	0,98433
975,2	0,98377
975,4	0,98409
975,6	0,98419
975,8	0,98405
976,0	0,98388
976,2	0,98468
976,4	0,98439
976,6	0,98406
976,8	0,9845
977,0	0,98466
977,2	0,98475
977,4	0,98446
977,6	0,98428
977,8	0,98453
978,0	0,9846
978,2	0,9842
978,4	0,98442
978,6	0,98493
978,8	0,98483
979,0	0,98455
979,2	0,98469
979,4	0,98463
979,6	0,98411
979,8	0,9836
980,0	0,98391
980,2	0,98483
980,4	0,98444
980,6	0,98394
980,8	0,98427
981,0	0,98443
981,2	0,98499
981,4	0,98418
981,6	0,98423
981,8	0,98399
982,0	0,98365
982,2	0,98397
982,4	0,98387
982,6	0,98395
982,8	0,98399
983,0	0,98392
983,2	0,98315
983,4	0,98416
983,6	0,98398
983,8	0,98348
984,0	0,98385
984,2	0,98386
984,4	0,98333
984,6	0,98345
984,8	0,98341
985,0	0,98354
985,2	0,98394
985,4	0,98393
985,6	0,98368
985,8	0,98332
986,0	0,98275
986,2	0,98271
986,4	0,98345
986,6	0,9828
986,8	0,98323
987,0	0,98376
987,2	0,98335
987,4	0,98354
987,6	0,98311
987,8	0,98355
988,0	0,9836
988,2	0,98346
988,4	0,98309
988,6	0,98316
988,8	0,98391
989,0	0,98346
989,2	0,98347
989,4	0,98389
989,6	0,98354
989,8	0,98385
990,0	0,98397
990,2	0,98397
990,4	0,98396
990,6	0,98408
990,8	0,98386
991,0	0,98413
991,2	0,98445
991,4	0,98437
991,6	0,98409
991,8	0,98443
992,0	0,98469
992,2	0,98518
992,4	0,9848
992,6	0,98496
992,8	0,98564
993,0	0,98515
993,2	0,98531
993,4	0,98543
993,6	0,98519
993,8	0,98548
994,0	0,98525
994,2	0,9854
994,4	0,9855
994,6	0,9858
994,8	0,98536
995,0	0,986
995,2	0,98603
995,4	0,98653
995,6	0,98654
995,8	0,9869
996,0	0,98672
996,2	0,98636
996,4	0,9864
996,6	0,98673
996,8	0,98679
997,0	0,98692
997,2	0,98732
997,4	0,98661
997,6	0,98729
997,8	0,98716
998,0	0,98785
998,2	0,98769
998,4	0,98776
998,6	0,98758
998,8	0,98775
999,0	0,98809
999,2	0,98782
999,4	0,98821
999,6	0,98849
999,8	0,98813
1000,0	0,98618
1000,2	0,98249
1000,4	0,9824
1000,6	0,98293
1000,8	0,98317
1001,0	0,98279
1001,2	0,98263
1001,4	0,98334
1001,6	0,98268
1001,8	0,9831
1002,0	0,98289
1002,2	0,98305
1002,4	0,98297
1002,6	0,98301
1002,8	0,98285
1003,0	0,98298
1003,2	0,98289
1003,4	0,98276
1003,6	0,98264
1003,8	0,9827
1004,0	0,98212
1004,2	0,98272
1004,4	0,9824
1004,6	0,98212
1004,8	0,98221
1005,0	0,98255
1005,2	0,98244
1005,4	0,98231
1005,6	0,98275
1005,8	0,98223
1006,0	0,98247
1006,2	0,98217
1006,4	0,98242
1006,6	0,98204
1006,8	0,98205
1007,0	0,9819
1007,2	0,98173
1007,4	0,98191
1007,6	0,98154
1007,8	0,98103
1008,0	0,98127
1008,2	0,98151
1008,4	0,98137
1008,6	0,98157
1008,8	0,98145
1009,0	0,98115
1009,2	0,98096
1009,4	0,981
1009,6	0,98077
1009,8	0,98054
1010,0	0,98091
1010,2	0,9808
1010,4	0,98083
1010,6	0,98075
1010,8	0,98034
1011,0	0,98078
1011,2	0,98103
1011,4	0,98102
1011,6	0,98053
1011,8	0,98079
1012,0	0,98011
1012,2	0,98047
1012,4	0,98007
1012,6	0,98036
1012,8	0,98033
1013,0	0,98048
1013,2	0,9806
1013,4	0,98102
1013,6	0,98053
1013,8	0,98022
1014,0	0,98015
1014,2	0,98012
1014,4	0,98086
1014,6	0,98102
1014,8	0,98043
1015,0	0,98026
1015,2	0,98061
1015,4	0,98096
1015,6	0,9807
1015,8	0,98114
1016,0	0,98114
1016,2	0,98086
1016,4	0,98115
1016,6	0,98091
1016,8	0,98136
1017,0	0,98176
1017,2	0,98098
1017,4	0,98113
1017,6	0,981
1017,8	0,98148
1018,0	0,98128
1018,2	0,98176
1018,4	0,98205
1018,6	0,98164
1018,8	0,98198
1019,0	0,98182
1019,2	0,98226
1019,4	0,98141
1019,6	0,9824
1019,8	0,98298
1020,0	0,98175
1020,2	0,98278
1020,4	0,98288
1020,6	0,98325
1020,8	0,98327
1021,0	0,98286
1021,2	0,98347
1021,4	0,98377
1021,6	0,9831
1021,8	0,98328
1022,0	0,98393
1022,2	0,98395
1022,4	0,98356
1022,6	0,9839
1022,8	0,98477
1023,0	0,98427
1023,2	0,98421
1023,4	0,98445
1023,6	0,98404
1023,8	0,98425
1024,0	0,9848
1024,2	0,98508
1024,4	0,98457
1024,6	0,98419
1024,8	0,98464
1025,0	0,98464
1025,2	0,9845
1025,4	0,98373
1025,6	0,98366
1025,8	0,98365
1026,0	0,98389
1026,2	0,98454
1026,4	0,98493
1026,6	0,98498
1026,8	0,98388
1027,0	0,98404
1027,2	0,98375
1027,4	0,98446
1027,6	0,98396
1027,8	0,98417
1028,0	0,98441
1028,2	0,98383
1028,4	0,9844
1028,6	0,98451
1028,8	0,9837
1029,0	0,98382
1029,2	0,98379
1029,4	0,98341
1029,6	0,98387
1029,8	0,98345
1030,0	0,98403
1030,2	0,98355
1030,4	0,98366
1030,6	0,98308
1030,8	0,98405
1031,0	0,98324
1031,2	0,98285
1031,4	0,98237
1031,6	0,98336
1031,8	0,98304
1032,0	0,98271
1032,2	0,98288
1032,4	0,98231
1032,6	0,98274
1032,8	0,98232
1033,0	0,98261
1033,2	0,98257
1033,4	0,98227
1033,6	0,98087
1033,8	0,98155
1034,0	0,98179
1034,2	0,98108
1034,4	0,98138
1034,6	0,98239
1034,8	0,9823
1035,0	0,98083
1035,2	0,98189
1035,4	0,98176
1035,6	0,97997
1035,8	0,98139
1036,0	0,98064
1036,2	0,98049
1036,4	0,98062
1036,6	0,98046
1036,8	0,98031
1037,0	0,98057
1037,2	0,97996
1037,4	0,98034
1037,6	0,98048
1037,8	0,9792
1038,0	0,97999
1038,2	0,97995
1038,4	0,97997
1038,6	0,97955
1038,8	0,97983
1039,0	0,97959
1039,2	0,98009
1039,4	0,97958
1039,6	0,9796
1039,8	0,98002
1040,0	0,97939
1040,2	0,97946
1040,4	0,97923
1040,6	0,97886
1040,8	0,978
1041,0	0,97879
1041,2	0,97918
1041,4	0,97888
1041,6	0,97926
1041,8	0,97915
1042,0	0,97826
1042,2	0,97851
1042,4	0,97883
1042,6	0,97882
1042,8	0,97784
1043,0	0,97791
1043,2	0,97804
1043,4	0,97855
1043,6	0,97767
1043,8	0,97839
1044,0	0,97821
1044,2	0,9789
1044,4	0,97876
1044,6	0,97991
1044,8	0,9781
1045,0	0,97885
1045,2	0,9779
1045,4	0,97906
1045,6	0,97891
1045,8	0,97828
1046,0	0,97871
1046,2	0,97835
1046,4	0,97857
1046,6	0,97888
1046,8	0,97861
1047,0	0,978
1047,2	0,9779
1047,4	0,97787
1047,6	0,97883
1047,8	0,97895
1048,0	0,97752
1048,2	0,97839
1048,4	0,97833
1048,6	0,97893
1048,8	0,97927
1049,0	0,97869
1049,2	0,97825
1049,4	0,97875
1049,6	0,97842
1049,8	0,97901
1050,0	0,97913
1050,2	0,98004
1050,4	0,97946
1050,6	0,97979
1050,8	0,97963
1051,0	0,97935
1051,2	0,97913
1051,4	0,98096
1051,6	0,97985
1051,8	0,97997
1052,0	0,97991
1052,2	0,97882
1052,4	0,97866
1052,6	0,97946
1052,8	0,9802
1053,0	0,98016
1053,2	0,97987
1053,4	0,97997
1053,6	0,98001
1053,8	0,97922
1054,0	0,9793
1054,2	0,97973
1054,4	0,97959
1054,6	0,98076
1054,8	0,97995
1055,0	0,98038
1055,2	0,9789
1055,4	0,97978
1055,6	0,98004
1055,8	0,97977
1056,0	0,98015
1056,2	0,97962
1056,4	0,97908
1056,6	0,97919
1056,8	0,98084
1057,0	0,9806
1057,2	0,97989
1057,4	0,97954
1057,6	0,98026
1057,8	0,98034
1058,0	0,97992
1058,2	0,98002
1058,4	0,97911
1058,6	0,9803
1058,8	0,9785
1059,0	0,97843
1059,2	0,98027
1059,4	0,97988
1059,6	0,97988
1059,8	0,98007
1060,0	0,97823
1060,2	0,97933
1060,4	0,97866
1060,6	0,97987
1060,8	0,97959
1061,0	0,97911
1061,2	0,97959
1061,4	0,97979
1061,6	0,97969
1061,8	0,9797
1062,0	0,97946
1062,2	0,97945
1062,4	0,97916
1062,6	0,97964
1062,8	0,97904
1063,0	0,97885
1063,2	0,97836
1063,4	0,97814
1063,6	0,97777
1063,8	0,97909
1064,0	0,97924
1064,2	0,97887
1064,4	0,97711
1064,6	0,9785
1064,8	0,97813
1065,0	0,97828
1065,2	0,97682
1065,4	0,97818
1065,6	0,97537
1065,8	0,97747
1066,0	0,97733
1066,2	0,9779
1066,4	0,97643
1066,6	0,97795
1066,8	0,97723
1067,0	0,97694
1067,2	0,97776
1067,4	0,97901
1067,6	0,97726
1067,8	0,97743
1068,0	0,97697
1068,2	0,97667
1068,4	0,97705
1068,6	0,97571
1068,8	0,97787
1069,0	0,97703
1069,2	0,9768
1069,4	0,97733
1069,6	0,9793
1069,8	0,97782
1070,0	0,97826
1070,2	0,97754
1070,4	0,97685
1070,6	0,97787
1070,8	0,97786
1071,0	0,97671
1071,2	0,97571
1071,4	0,97694
1071,6	0,97673
1071,8	0,97768
1072,0	0,97656
1072,2	0,97741
1072,4	0,97719
1072,6	0,97938
1072,8	0,97848
1073,0	0,97765
1073,2	0,9765
1073,4	0,97805
1073,6	0,97829
1073,8	0,97808
1074,0	0,97832
1074,2	0,97915
1074,4	0,97753
1074,6	0,97968
1074,8	0,9769
1075,0	0,97709
1075,2	0,97868
1075,4	0,97924
1075,6	0,97873
1075,8	0,97792
1076,0	0,97776
1076,2	0,97863
1076,4	0,97813
1076,6	0,9772
1076,8	0,97761
1077,0	0,97812
1077,2	0,97802
1077,4	0,97943
1077,6	0,97839
1077,8	0,9787
1078,0	0,97773
1078,2	0,97812
1078,4	0,97843
1078,6	0,97841
1078,8	0,97839
1079,0	0,97689
1079,2	0,97825
1079,4	0,97735
1079,6	0,97788
1079,8	0,97787
1080,0	0,97894
1080,2	0,9781
1080,4	0,97658
1080,6	0,97812
1080,8	0,97708
1081,0	0,97854
1081,2	0,97783
1081,4	0,97867
1081,6	0,97811
1081,8	0,97647
1082,0	0,9775
1082,2	0,97832
1082,4	0,97881
1082,6	0,97851
1082,8	0,97721
1083,0	0,97852
1083,2	0,97808
1083,4	0,97772
1083,6	0,97837
1083,8	0,97731
1084,0	0,97622
1084,2	0,97688
1084,4	0,97792
1084,6	0,9782
1084,8	0,97724
1085,0	0,97753
1085,2	0,97814
1085,4	0,97769
1085,6	0,97565
1085,8	0,97692
1086,0	0,97698
1086,2	0,97647
1086,4	0,9774
1086,6	0,97765
1086,8	0,97809
1087,0	0,97707
1087,2	0,97692
1087,4	0,97703
1087,6	0,9764
1087,8	0,97694
1088,0	0,97798
1088,2	0,97705
1088,4	0,97834
1088,6	0,97763
1088,8	0,97627
1089,0	0,97769
1089,2	0,97675
1089,4	0,97722
1089,6	0,97591
1089,8	0,97803
1090,0	0,97816
1090,2	0,97724
1090,4	0,97873
1090,6	0,97603
1090,8	0,97666
1091,0	0,97535
1091,2	0,9756
1091,4	0,9778
1091,6	0,97608
1091,8	0,97652
1092,0	0,97642
1092,2	0,97807
1092,4	0,97671
1092,6	0,97679
1092,8	0,97746
1093,0	0,97864
1093,2	0,97966
1093,4	0,97823
1093,6	0,97776
1093,8	0,97866
1094,0	0,97716
1094,2	0,97696
1094,4	0,97788
1094,6	0,97758
1094,8	0,9785
1095,0	0,9789
1095,2	0,97929
1095,4	0,97896
1095,6	0,97762
1095,8	0,97779
1096,0	0,97889
1096,2	0,97717
1096,4	0,97887
1096,6	0,97823
1096,8	0,97787
1097,0	0,97763
1097,2	0,97791
1097,4	0,97756
1097,6	0,97798
1097,8	0,97896
1098,0	0,97999
1098,2	0,97857
1098,4	0,98086
1098,6	0,97989
1098,8	0,97755
1099,0	0,97963
1099,2	0,97821
1099,4	0,97855
1099,6	0,97785
1099,8	0,98065
1100,0	0,97782
1100,2	0,98028
1100,4	0,97884
1100,6	0,97793
1100,8	0,97913
1101,0	0,97869
1101,2	0,97979
1101,4	0,97889
1101,6	0,98043
1101,8	0,98169
1102,0	0,9807
1102,2	0,97849
1102,4	0,97883
1102,6	0,98208
1102,8	0,98014
1103,0	0,98233
1103,2	0,98034
1103,4	0,97916
1103,6	0,98047
1103,8	0,98131
1104,0	0,98131
1104,2	0,98143
1104,4	0,98144
1104,6	0,98098
1104,8	0,98191
1105,0	0,98222
1105,2	0,98297
1105,4	0,98046
1105,6	0,981
1105,8	0,98211
1106,0	0,97965
1106,2	0,9812
1106,4	0,98109
1106,6	0,9829
1106,8	0,98094
1107,0	0,98108
1107,2	0,98179
1107,4	0,98321
1107,6	0,98363
1107,8	0,98222
1108,0	0,97935
1108,2	0,98067
1108,4	0,982
1108,6	0,98148
1108,8	0,97957
1109,0	0,97968
1109,2	0,97948
1109,4	0,97949
1109,6	0,98319
1109,8	0,98024
1110,0	0,97816
1110,2	0,98059
1110,4	0,97976
1110,6	0,98195
1110,8	0,98174
1111,0	0,98183
1111,2	0,97914
1111,4	0,97949
1111,6	0,9796
1111,8	0,97737
1112,0	0,98004
1112,2	0,98079
1112,4	0,98165
1112,6	0,9806
1112,8	0,97772
1113,0	0,97705
1113,2	0,97827
1113,4	0,97968
1113,6	0,97821
1113,8	0,97915
1114,0	0,97887
1114,2	0,97662
1114,4	0,97588
1114,6	0,97831
1114,8	0,97606
1115,0	0,98124
1115,2	0,97497
1115,4	0,97822
1115,6	0,97745
1115,8	0,97533
1116,0	0,97691
1116,2	0,97846
1116,4	0,9779
1116,6	0,97657
1116,8	0,97466
1117,0	0,9751
1117,2	0,97635
1117,4	0,97572
1117,6	0,97731
1117,8	0,97634
1118,0	0,97451
1118,2	0,97516
1118,4	0,97632
1118,6	0,97233
1118,8	0,9782
1119,0	0,97512
1119,2	0,97405
1119,4	0,97834
1119,6	0,97598
1119,8	0,97758
1120,0	0,93707
1120,2	0,93701
1120,4	0,93694
1120,6	0,93688
1120,8	0,93681
1121,0	0,93675
1121,2	0,93668
1121,4	0,93662
1121,6	0,93655
1121,8	0,93649
1122,0	0,93642
1122,2	0,93636
1122,4	0,93629
1122,6	0,93623
1122,8	0,93616
1123,0	0,9361
1123,2	0,93603
1123,4	0,93597
1123,6	0,9359
1123,8	0,93584
1124,0	0,93577
1124,2	0,93571
1124,4	0,93565
1124,6	0,93558
1124,8	0,93552
1125,0	0,93545
1125,2	0,93549
1125,4	0,93553
1125,6	0,93557
1125,8	0,93561
1126,0	0,93566
1126,2	0,9357
1126,4	0,93574
1126,6	0,93578
1126,8	0,93582
1127,0	0,93586
1127,2	0,9359
1127,4	0,93594
1127,6	0,93598
1127,8	0,93603
1128,0	0,93607
1128,2	0,93611
1128,4	0,93615
1128,6	0,93619
1128,8	0,93623
1129,0	0,93627
1129,2	0,93631
1129,4	0,93635
1129,6	0,9364
1129,8	0,93644
1130,0	0,93648
1130,2	0,93653
1130,4	0,93659
1130,6	0,93665
1130,8	0,93671
1131,0	0,93676
1131,2	0,93682
1131,4	0,93688
1131,6	0,93693
1131,8	0,93699
1132,0	0,93705
1132,2	0,93711
1132,4	0,93716
1132,6	0,93722
1132,8	0,93728
1133,0	0,93733
1133,2	0,93739
1133,4	0,93745
1133,6	0,93751
1133,8	0,93756
1134,0	0,93762
1134,2	0,93768
1134,4	0,93773
1134,6	0,93779
1134,8	0,93785
1135,0	0,93791
1135,2	0,93798
1135,4	0,93805
1135,6	0,93812
1135,8	0,93819
1136,0	0,93826
1136,2	0,93833
1136,4	0,93841
1136,6	0,93848
1136,8	0,93855
1137,0	0,93862
1137,2	0,93869
1137,4	0,93876
1137,6	0,93884
1137,8	0,93891
1138,0	0,93898
1138,2	0,93905
1138,4	0,93912
1138,6	0,93919
1138,8	0,93927
1139,0	0,93934
1139,2	0,93941
1139,4	0,93948
1139,6	0,93955
1139,8	0,93962
1140,0	0,9397
1140,2	0,93967
1140,4	0,93965
1140,6	0,93963
1140,8	0,93961
1141,0	0,93958
1141,2	0,93956
1141,4	0,93954
1141,6	0,93952
1141,8	0,9395
1142,0	0,93947
1142,2	0,93945
1142,4	0,93943
1142,6	0,93941
1142,8	0,93939
1143,0	0,93936
1143,2	0,93934
1143,4	0,93932
1143,6	0,9393
1143,8	0,93927
1144,0	0,93925
1144,2	0,93923
1144,4	0,93921
1144,6	0,93919
1144,8	0,93916
1145,0	0,93914
1145,2	0,93902
1145,4	0,93889
1145,6	0,93877
1145,8	0,93864
1146,0	0,93852
1146,2	0,93839
1146,4	0,93827
1146,6	0,93814
1146,8	0,93802
1147,0	0,9379
1147,2	0,93777
1147,4	0,93765
1147,6	0,93752
1147,8	0,9374
1148,0	0,93727
1148,2	0,93715
1148,4	0,93702
1148,6	0,9369
1148,8	0,93678
1149,0	0,93665
1149,2	0,93653
1149,4	0,9364
1149,6	0,93628
1149,8	0,93615
1150,0	0,93603
1150,2	0,93596
1150,4	0,93588
1150,6	0,93581
1150,8	0,93574
1151,0	0,93567
1151,2	0,9356
1151,4	0,93552
1151,6	0,93545
1151,8	0,93538
1152,0	0,93531
1152,2	0,93523
1152,4	0,93516
1152,6	0,93509
1152,8	0,93502
1153,0	0,93494
1153,2	0,93487
1153,4	0,9348
1153,6	0,93473
1153,8	0,93465
1154,0	0,93458
1154,2	0,93451
1154,4	0,93444
1154,6	0,93437
1154,8	0,93429
1155,0	0,93422
1155,2	0,93433
1155,4	0,93445
1155,6	0,93456
1155,8	0,93467
1156,0	0,93478
1156,2	0,9349
1156,4	0,93501
1156,6	0,93512
1156,8	0,93524
1157,0	0,93535
1157,2	0,93546
1157,4	0,93557
1157,6	0,93569
1157,8	0,9358
1158,0	0,93591
1158,2	0,93602
1158,4	0,93614
1158,6	0,93625
1158,8	0,93636
1159,0	0,93648
1159,2	0,93659
1159,4	0,9367
1159,6	0,93681
1159,8	0,93693
1160,0	0,93704
1160,2	0,93691
1160,4	0,93679
1160,6	0,93666
1160,8	0,93653
1161,0	0,9364
1161,2	0,93627
1161,4	0,93615
1161,6	0,93602
1161,8	0,93589
1162,0	0,93576
1162,2	0,93564
1162,4	0,93551
1162,6	0,93538
1162,8	0,93525
1163,0	0,93513
1163,2	0,935
1163,4	0,93487
1163,6	0,93474
1163,8	0,93462
1164,0	0,93449
1164,2	0,93436
1164,4	0,93424
1164,6	0,93411
1164,8	0,93398
1165,0	0,93385
1165,2	0,93386
1165,4	0,93387
1165,6	0,93388
1165,8	0,93389
1166,0	0,93389
1166,2	0,9339
1166,4	0,93391
1166,6	0,93392
1166,8	0,93393
1167,0	0,93394
1167,2	0,93394
1167,4	0,93395
1167,6	0,93396
1167,8	0,93397
1168,0	0,93398
1168,2	0,93399
1168,4	0,93399
1168,6	0,934
1168,8	0,93401
1169,0	0,93402
1169,2	0,93403
1169,4	0,93403
1169,6	0,93404
1169,8	0,93405
1170,0	0,93406
1170,2	0,93413
1170,4	0,93421
1170,6	0,93428
1170,8	0,93435
1171,0	0,93442
1171,2	0,9345
1171,4	0,93457
1171,6	0,93464
1171,8	0,93471
1172,0	0,93479
1172,2	0,93486
1172,4	0,93493
1172,6	0,93501
1172,8	0,93508
1173,0	0,93515
1173,2	0,93522
1173,4	0,9353
1173,6	0,93537
1173,8	0,93544
1174,0	0,93552
1174,2	0,93559
1174,4	0,93566
1174,6	0,93573
1174,8	0,93581
1175,0	0,93588
1175,2	0,93583
1175,4	0,93577
1175,6	0,93572
1175,8	0,93567
1176,0	0,93561
1176,2	0,93556
1176,4	0,93551
1176,6	0,93545
1176,8	0,9354
1177,0	0,93535
1177,2	0,93529
1177,4	0,93524
1177,6	0,93519
1177,8	0,93513
1178,0	0,93508
1178,2	0,93502
1178,4	0,93497
1178,6	0,93492
1178,8	0,93486
1179,0	0,93481
1179,2	0,93476
1179,4	0,9347
1179,6	0,93465
1179,8	0,9346
1180,0	0,93454
1180,2	0,93451
1180,4	0,93447
1180,6	0,93443
1180,8	0,93439
1181,0	0,93435
1181,2	0,93432
1181,4	0,93428
1181,6	0,93424
1181,8	0,9342
1182,0	0,93416
1182,2	0,93413
1182,4	0,93409
1182,6	0,93405
1182,8	0,93401
1183,0	0,93397
1183,2	0,93394
1183,4	0,9339
1183,6	0,93386
1183,8	0,93382
1184,0	0,93378
1184,2	0,93375
1184,4	0,93371
1184,6	0,93367
1184,8	0,93363
1185,0	0,93359
1185,2	0,93363
1185,4	0,93366
1185,6	0,93369
1185,8	0,93373
1186,0	0,93376
1186,2	0,93379
1186,4	0,93382
1186,6	0,93386
1186,8	0,93389
1187,0	0,93392
1187,2	0,93396
1187,4	0,93399
1187,6	0,93402
1187,8	0,93405
1188,0	0,93409
1188,2	0,93412
1188,4	0,93415
1188,6	0,93419
1188,8	0,93422
1189,0	0,93425
1189,2	0,93428
1189,4	0,93432
1189,6	0,93435
1189,8	0,93438
1190,0	0,93442
1190,2	0,93441
1190,4	0,93441
1190,6	0,93441
1190,8	0,93441
1191,0	0,93441
1191,2	0,9344
1191,4	0,9344
1191,6	0,9344
1191,8	0,9344
1192,0	0,93439
1192,2	0,93439
1192,4	0,93439
1192,6	0,93439
1192,8	0,93439
1193,0	0,93438
1193,2	0,93438
1193,4	0,93438
1193,6	0,93438
1193,8	0,93438
1194,0	0,93437
1194,2	0,93437
1194,4	0,93437
1194,6	0,93437
1194,8	0,93436
1195,0	0,93436
1195,2	0,93443
1195,4	0,93449
1195,6	0,93456
1195,8	0,93463
1196,0	0,93469
1196,2	0,93476
1196,4	0,93482
1196,6	0,93489
1196,8	0,93495
1197,0	0,93502
1197,2	0,93508
1197,4	0,93515
1197,6	0,93522
1197,8	0,93528
1198,0	0,93535
1198,2	0,93541
1198,4	0,93548
1198,6	0,93554
1198,8	0,93561
1199,0	0,93568
1199,2	0,93574
1199,4	0,93581
1199,6	0,93587
1199,8	0,93594
1200,0	0,936
1200,2	0,93606
1200,4	0,93611
1200,6	0,93616
1200,8	0,93621
1201,0	0,93626
1201,2	0,93631
1201,4	0,93636
1201,6	0,93642
1201,8	0,93647
1202,0	0,93652
1202,2	0,93657
1202,4	0,93662
1202,6	0,93667
1202,8	0,93672
1203,0	0,93678
1203,2	0,93683
1203,4	0,93688
1203,6	0,93693
1203,8	0,93698
1204,0	0,93703
1204,2	0,93709
1204,4	0,93714
1204,6	0,93719
1204,8	0,93724
1205,0	0,93729
1205,2	0,93724
1205,4	0,9372
1205,6	0,93715
1205,8	0,9371
1206,0	0,93705
1206,2	0,937
1206,4	0,93695
1206,6	0,93691
1206,8	0,93686
1207,0	0,93681
1207,2	0,93676
1207,4	0,93671
1207,6	0,93667
1207,8	0,93662
1208,0	0,93657
1208,2	0,93652
1208,4	0,93647
1208,6	0,93643
1208,8	0,93638
1209,0	0,93633
1209,2	0,93628
1209,4	0,93623
1209,6	0,93619
1209,8	0,93614
1210,0	0,93609