380.00	0.00291800010018
381.00	0.00453499983996
382.00	0.0163199994713
383.00	0.0243699997663
384.00	0.0285899993032
385.00	0.0233600009233
386.00	0.0161000005901
387.00	0.0121200000867
388.00	0.0102599998936
389.00	0.00933699961752
390.00	0.01109000016
391.00	0.0130099998787
392.00	0.0157800000161
393.00	0.0162700004876
394.00	0.0154600003734
395.00	0.013190000318
396.00	0.0127100003883
397.00	0.0131400004029
398.00	0.0159799996763
399.00	0.0234600007534
400.00	0.0379099994898
401.00	0.0547199994326
402.00	0.0579899996519
403.00	0.0476099997759
404.00	0.0369499996305
405.00	0.0322999991477
406.00	0.0324300006032
407.00	0.0393299981952
408.00	0.0531600005925
409.00	0.078409999609
410.00	0.118400000036
411.00	0.158600002527
412.00	0.182099997997
413.00	0.188299998641
414.00	0.194000005722
415.00	0.212599992752
416.00	0.250600010157
417.00	0.307000011206
418.00	0.384200006723
419.00	0.462900012732
420.00	0.543500006199
421.00	0.616800010204
422.00	0.679799973965
423.00	0.730300009251
424.00	0.76550000906
425.00	0.793399989605
426.00	0.82230001688
427.00	0.851800024509
428.00	0.878899991512
429.00	0.901400029659
430.00	0.91219997406
431.00	0.912599980831
432.00	0.905700027943
433.00	0.896799981594
434.00	0.891900002956
435.00	0.892599999905
436.00	0.897099971771
437.00	0.903199970722
438.00	0.91060000658
439.00	0.916599988937
440.00	0.923099994659
441.00	0.929000020027
442.00	0.936200022697
443.00	0.944800019264
444.00	0.950200021267
445.00	0.953800022602
446.00	0.95560002327
447.00	0.953800022602
448.00	0.951300024986
449.00	0.948199987411
450.00	0.94580000639
451.00	0.941999971867
452.00	0.937699973583
453.00	0.933700025082
454.00	0.927799999714
455.00	0.923200011253
456.00	0.91939997673
457.00	0.918099999428
458.00	0.917299985886
459.00	0.916999995708
460.00	0.915000021458
461.00	0.910499989986
462.00	0.904399991035
463.00	0.899100005627
464.00	0.894999980927
465.00	0.894200026989
466.00	0.897300004959
467.00	0.904799997807
468.00	0.915300011635
469.00	0.92460000515
470.00	0.927900016308
471.00	0.922900021076
472.00	0.904699981213
473.00	0.872600018978
474.00	0.818700015545
475.00	0.750199973583
476.00	0.665000021458
477.00	0.579200029373
478.00	0.49430000782
479.00	0.423599988222
480.00	0.362599998713
481.00	0.31510001421
482.00	0.276499986649
483.00	0.245600000024
484.00	0.222499996424
485.00	0.203899994493
486.00	0.190300002694
487.00	0.180399999022
488.00	0.174400001764
489.00	0.172099992633
490.00	0.173500001431
491.00	0.17880000174
492.00	0.188899993896
493.00	0.201499998569
494.00	0.219799995422
495.00	0.240600004792
496.00	0.266099989414
497.00	0.294299989939
498.00	0.325100004673
499.00	0.358599990606
500.00	0.395700007677
501.00	0.436399996281
502.00	0.479000002146
503.00	0.528500020504
504.00	0.583800017834
505.00	0.640900015831
506.00	0.707300007343
507.00	0.778699994087
508.00	0.845399975777
509.00	0.905200004578
510.00	0.944800019264
511.00	0.962700009346
512.00	0.962400019169
513.00	0.950999975204
514.00	0.933700025082
515.00	0.917900025845
516.00	0.90649998188
517.00	0.89880001545
518.00	0.895399987698
519.00	0.895799994469
520.00	0.897400021553
521.00	0.89880001545
522.00	0.899699985981
523.00	0.898000001907
524.00	0.894299983978
525.00	0.890100002289
526.00	0.885999977589
527.00	0.883899986744
528.00	0.882700026035
529.00	0.884299993515
530.00	0.888999998569
531.00	0.89620000124
532.00	0.905700027943
533.00	0.917299985886
534.00	0.929000020027
535.00	0.940199971199
536.00	0.950600028038
537.00	0.955799996853
538.00	0.955900013447
539.00	0.951300024986
540.00	0.942600011826
541.00	0.931500017643
542.00	0.919600009918
543.00	0.907000005245
544.00	0.897099971771
545.00	0.888800024986
546.00	0.883400022984
547.00	0.881699979305
548.00	0.882899999619
549.00	0.886600017548
550.00	0.893400013447
551.00	0.901400029659
552.00	0.909399986267
553.00	0.917100012302
554.00	0.924300014973
555.00	0.930199980736
556.00	0.934499979019
557.00	0.939400017262
558.00	0.944999992847
559.00	0.951799988747
560.00	0.959100008011
561.00	0.96439999342
562.00	0.960099995136
563.00	0.940400004387
564.00	0.89880001545
565.00	0.832099974155
566.00	0.755599975586
567.00	0.665899991989
568.00	0.574599981308
569.00	0.494700014591
570.00	0.424100011587
571.00	0.365900009871
572.00	0.318399995565
573.00	0.278499990702
574.00	0.245800003409
575.00	0.218400001526
576.00	0.196799993515
577.00	0.179299995303
578.00	0.165399998426
579.00	0.154300004244
580.00	0.145199999213
581.00	0.13789999485
582.00	0.132499992847
583.00	0.128800004721
584.00	0.126499995589
585.00	0.125599995255
586.00	0.125699996948
587.00	0.127499997616
588.00	0.130600005388
589.00	0.135199993849
590.00	0.141499996185
591.00	0.149700000882
592.00	0.160199999809
593.00	0.172399997711
594.00	0.187399998307
595.00	0.205400004983
596.00	0.227200001478
597.00	0.252000004053
598.00	0.28069999814
599.00	0.313100010157
600.00	0.350100010633
601.00	0.393999993801
602.00	0.437200009823
603.00	0.479799985886
604.00	0.524500012398
605.00	0.567300021648
606.00	0.611000001431
607.00	0.655300021172
608.00	0.697099983692
609.00	0.737600028515
610.00	0.777499973774
611.00	0.816399991512
612.00	0.849799990654
613.00	0.882399976254
614.00	0.909699976444
615.00	0.93440002203
616.00	0.951399981976
617.00	0.963800013065
618.00	0.970200002193
619.00	0.972000002861
620.00	0.971000015736
621.00	0.966099977493
622.00	0.961600005627
623.00	0.957300007343
624.00	0.95300000906
625.00	0.949599981308
626.00	0.946699976921
627.00	0.944400012493
628.00	0.943799972534
629.00	0.941500008106
630.00	0.938399970531
631.00	0.935599982738
632.00	0.930700004101
633.00	0.924899995327
634.00	0.916999995708
635.00	0.907800018787
636.00	0.897400021553
637.00	0.888000011444
638.00	0.877699971199
639.00	0.867600023746
640.00	0.85799998045
641.00	0.850399971008
642.00	0.844600021839
643.00	0.841199994087
644.00	0.83939999342
645.00	0.83939999342
646.00	0.841199994087
647.00	0.845899999142
648.00	0.851899981499
649.00	0.859099984169
650.00	0.865400016308
651.00	0.872900009155
652.00	0.879199981689
653.00	0.885800004005
654.00	0.891200006008
655.00	0.895399987698
656.00	0.899399995804
657.00	0.902100026608
658.00	0.904399991035
659.00	0.905700027943
660.00	0.908399999142
661.00	0.910499989986
662.00	0.91369998455
663.00	0.916400015354
664.00	0.919200003147
665.00	0.922599971294
666.00	0.927600026131
667.00	0.932600021362
668.00	0.938799977303
669.00	0.946399986744
670.00	0.952400028706
671.00	0.957700014114
672.00	0.963999986649
673.00	0.969200015068
674.00	0.973800003529
675.00	0.978299975395
676.00	0.981700003147
677.00	0.983799993992
678.00	0.984799981117
679.00	0.983600020409
680.00	0.982200026512
681.00	0.981500029564
682.00	0.980300009251
683.00	0.980000019073
684.00	0.978900015354
685.00	0.978399991989
686.00	0.978399991989
687.00	0.979799985886
688.00	0.981100022793
689.00	0.98299998045
690.00	0.984099984169
691.00	0.986299991608
692.00	0.987800002098
693.00	0.989199995995
694.00	0.989300012589
695.00	0.989899992943
696.00	0.988200008869
697.00	0.986500024796
698.00	0.984099984169
699.00	0.981100022793
700.00	0.97619998455
701.00	0.972000002861
702.00	0.964600026608
703.00	0.959200024605
704.00	0.953700006008
705.00	0.947000026703
706.00	0.941699981689
707.00	0.936999976635
708.00	0.932299971581
709.00	0.926400005817
710.00	0.922399997711
711.00	0.919300019741
712.00	0.916499972343
713.00	0.915700018406
714.00	0.914600014687
715.00	0.913500010967
716.00	0.913600027561
717.00	0.914300024509
718.00	0.914499998093
719.00	0.917200028896
720.00	0.918699979782
721.00	0.920000016689
722.00	0.922200024128
723.00	0.923900008202
724.00	0.925599992275
725.00	0.928499996662
726.00	0.929799973965
727.00	0.930700004101
728.00	0.93180000782
729.00	0.933499991894
730.00	0.935100018978
731.00	0.935800015926
732.00	0.935800015926
733.00	0.93599998951
734.00	0.936299979687
735.00	0.935500025749
736.00	0.935500025749
737.00	0.933700025082
738.00	0.932699978352
739.00	0.929899990559
740.00	0.926599979401
741.00	0.923200011253
742.00	0.918799996376
743.00	0.914600014687
744.00	0.910099983215
745.00	0.906400024891
746.00	0.901400029659
747.00	0.897099971771
748.00	0.892300009727
749.00	0.886799991131
750.00	0.881200015545
