300.00	9.49999957811E-6
300.50	9.49999957811E-6
301.00	9.49999957811E-6
301.50	9.49999957811E-6
302.00	9.49999957811E-6
302.50	9.49999957811E-6
303.00	9.49999957811E-6
303.50	9.49999957811E-6
304.00	9.49999957811E-6
304.50	9.49999957811E-6
305.00	9.49999957811E-6
305.50	9.49999957811E-6
306.00	9.49999957811E-6
306.50	9.49999957811E-6
307.00	9.49999957811E-6
307.50	9.49999957811E-6
308.00	9.49999957811E-6
308.50	9.49999957811E-6
309.00	9.49999957811E-6
309.50	9.49999957811E-6
310.00	9.49999957811E-6
310.50	9.49999957811E-6
311.00	9.49999957811E-6
311.50	9.49999957811E-6
312.00	9.49999957811E-6
312.50	9.49999957811E-6
313.00	9.49999957811E-6
313.50	9.49999957811E-6
314.00	9.49999957811E-6
314.50	9.49999957811E-6
315.00	9.49999957811E-6
315.50	9.49999957811E-6
316.00	9.49999957811E-6
316.50	9.49999957811E-6
317.00	9.49999957811E-6
317.50	9.49999957811E-6
318.00	9.49999957811E-6
318.50	9.49999957811E-6
319.00	9.49999957811E-6
319.50	9.49999957811E-6
320.00	9.49999957811E-6
320.50	9.49999957811E-6
321.00	9.49999957811E-6
321.50	9.49999957811E-6
322.00	9.49999957811E-6
322.50	9.49999957811E-6
323.00	9.49999957811E-6
323.50	9.49999957811E-6
324.00	9.49999957811E-6
324.50	9.49999957811E-6
325.00	9.49999957811E-6
325.50	9.49999957811E-6
326.00	9.49999957811E-6
326.50	9.49999957811E-6
327.00	9.49999957811E-6
327.50	9.49999957811E-6
328.00	9.49999957811E-6
328.50	9.49999957811E-6
329.00	9.49999957811E-6
329.50	9.49999957811E-6
330.00	9.49999957811E-6
330.50	9.49999957811E-6
331.00	9.49999957811E-6
331.50	9.49999957811E-6
332.00	9.49999957811E-6
332.50	9.49999957811E-6
333.00	9.49999957811E-6
333.50	9.49999957811E-6
334.00	9.49999957811E-6
334.50	9.49999957811E-6
335.00	9.49999957811E-6
335.50	9.49999957811E-6
336.00	9.49999957811E-6
336.50	9.49999957811E-6
337.00	9.49999957811E-6
337.50	9.49999957811E-6
338.00	9.49999957811E-6
338.50	9.49999957811E-6
339.00	9.49999957811E-6
339.50	9.49999957811E-6
340.00	9.49999957811E-6
340.50	9.49999957811E-6
341.00	9.49999957811E-6
341.50	9.49999957811E-6
342.00	9.49999957811E-6
342.50	9.49999957811E-6
343.00	9.49999957811E-6
343.50	9.49999957811E-6
344.00	9.49999957811E-6
344.50	9.49999957811E-6
345.00	9.49999957811E-6
345.50	9.49999957811E-6
346.00	9.49999957811E-6
346.50	9.49999957811E-6
347.00	9.49999957811E-6
347.50	9.49999957811E-6
348.00	9.49999957811E-6
348.50	9.49999957811E-6
349.00	9.49999957811E-6
349.50	9.49999957811E-6
350.00	9.49999957811E-6
350.50	9.49999957811E-6
351.00	9.49999957811E-6
351.50	9.49999957811E-6
352.00	9.49999957811E-6
352.50	9.49999957811E-6
353.00	9.49999957811E-6
353.50	9.49999957811E-6
354.00	9.49999957811E-6
354.50	9.49999957811E-6
355.00	9.49999957811E-6
355.50	9.49999957811E-6
356.00	9.49999957811E-6
356.50	9.49999957811E-6
357.00	9.49999957811E-6
357.50	9.49999957811E-6
358.00	9.49999957811E-6
358.50	9.49999957811E-6
359.00	9.49999957811E-6
359.50	9.49999957811E-6
360.00	9.49999957811E-6
360.50	9.49999957811E-6
361.00	9.49999957811E-6
361.50	9.49999957811E-6
362.00	9.49999957811E-6
362.50	9.49999957811E-6
363.00	9.49999957811E-6
363.50	9.49999957811E-6
364.00	9.49999957811E-6
364.50	9.49999957811E-6
365.00	9.49999957811E-6
365.50	9.49999957811E-6
366.00	9.49999957811E-6
366.50	9.49999957811E-6
367.00	9.49999957811E-6
367.50	9.49999957811E-6
368.00	9.49999957811E-6
368.50	9.49999957811E-6
369.00	9.49999957811E-6
369.50	9.49999957811E-6
370.00	9.49999957811E-6
370.50	9.49999957811E-6
371.00	9.49999957811E-6
371.50	9.49999957811E-6
372.00	9.49999957811E-6
372.50	9.49999957811E-6
373.00	9.49999957811E-6
373.50	9.49999957811E-6
374.00	9.49999957811E-6
374.50	9.49999957811E-6
375.00	9.49999957811E-6
375.50	9.49999957811E-6
376.00	9.79761989583E-6
376.50	2.41908001044E-5
377.00	4.32540982729E-5
377.50	5.13119994139E-5
378.00	4.45592013421E-5
378.50	3.59549012501E-5
379.00	4.45851983386E-5
379.50	5.76495986024E-5
380.00	5.6404100178E-5
380.50	4.2646399379E-5
381.00	3.33858006343E-5
381.50	3.8331199903E-5
382.00	4.91177997901E-5
382.50	4.55554982182E-5
383.00	3.55537013093E-5
383.50	2.6833400625E-5
384.00	2.42254991463E-5
384.50	2.21307000174E-5
385.00	2.6272600735E-5
385.50	2.75040001725E-5
386.00	3.14384997182E-5
386.50	3.74791998183E-5
387.00	4.38114984718E-5
387.50	6.46831977065E-5
388.00	0.000102817997686
388.50	0.000191657993128
389.00	0.000384805985959
389.50	0.000879739003722
390.00	0.00213016010821
390.50	0.00571398995817
391.00	0.024517999962
391.50	0.125780001283
392.00	0.314839988947
392.50	0.422046989202
393.00	0.345618993044
393.50	0.274186998606
394.00	0.346103996038
394.50	0.510583996773
395.00	0.687929987907
395.50	0.79024797678
396.00	0.816560983658
396.50	0.822121977806
397.00	0.833082020283
397.50	0.852232992649
398.00	0.8736500144
398.50	0.892650008202
399.00	0.905125021935
399.50	0.909609973431
400.00	0.912120997906
400.50	0.910337984562
401.00	0.907989025116
401.50	0.908644974232
402.00	0.915436983109
402.50	0.925720989704
403.00	0.932471990585
403.50	0.928951978683
404.00	0.921944975853
404.50	0.918766975403
405.00	0.919884026051
405.50	0.922571003437
406.00	0.922487020493
406.50	0.916523993015
407.00	0.902239978313
407.50	0.884918987751
408.00	0.864060997963
408.50	0.840101003647
409.00	0.790189981461
409.50	0.675082981586
410.00	0.488837987185
410.50	0.299493014812
411.00	0.16266900301
411.50	0.0888423994184
412.00	0.0546481981874
412.50	0.0382496006787
413.00	0.0308516006917
413.50	0.0275694001466
414.00	0.0251561999321
414.50	0.0204303003848
415.00	0.0133523996919
415.50	0.00667170993984
416.00	0.00300065008923
416.50	0.00133451004513
417.00	0.000661879021209
417.50	0.000362068996765
418.00	0.000203507006518
418.50	0.000119928001368
419.00	6.30173017271E-5
419.50	3.15233010042E-5
420.00	1.59541996254E-5
420.50	9.49999957811E-6
421.00	9.49999957811E-6
421.50	9.49999957811E-6
422.00	9.49999957811E-6
422.50	9.49999957811E-6
423.00	9.49999957811E-6
423.50	9.49999957811E-6
424.00	9.49999957811E-6
424.50	9.49999957811E-6
425.00	9.49999957811E-6
425.50	9.49999957811E-6
426.00	9.49999957811E-6
426.50	9.49999957811E-6
427.00	9.49999957811E-6
427.50	9.49999957811E-6
428.00	9.49999957811E-6
428.50	9.49999957811E-6
429.00	9.49999957811E-6
429.50	9.49999957811E-6
430.00	9.49999957811E-6
430.50	9.49999957811E-6
431.00	9.49999957811E-6
431.50	9.49999957811E-6
432.00	9.49999957811E-6
432.50	9.49999957811E-6
433.00	9.49999957811E-6
433.50	9.49999957811E-6
434.00	9.49999957811E-6
434.50	9.49999957811E-6
435.00	9.49999957811E-6
435.50	9.49999957811E-6
436.00	9.49999957811E-6
436.50	9.49999957811E-6
437.00	9.49999957811E-6
437.50	9.49999957811E-6
438.00	9.49999957811E-6
438.50	9.49999957811E-6
439.00	9.49999957811E-6
439.50	9.49999957811E-6
440.00	9.49999957811E-6
440.50	9.49999957811E-6
441.00	9.49999957811E-6
441.50	9.49999957811E-6
442.00	9.49999957811E-6
442.50	9.49999957811E-6
443.00	9.49999957811E-6
443.50	9.49999957811E-6
444.00	9.49999957811E-6
444.50	9.49999957811E-6
445.00	9.49999957811E-6
445.50	9.49999957811E-6
446.00	9.49999957811E-6
446.50	9.49999957811E-6
447.00	9.49999957811E-6
447.50	9.49999957811E-6
448.00	9.49999957811E-6
448.50	9.49999957811E-6
449.00	9.49999957811E-6
449.50	9.49999957811E-6
450.00	9.49999957811E-6
450.50	9.49999957811E-6
451.00	9.49999957811E-6
451.50	9.49999957811E-6
452.00	9.49999957811E-6
452.50	9.49999957811E-6
453.00	9.49999957811E-6
453.50	9.49999957811E-6
454.00	9.49999957811E-6
454.50	9.49999957811E-6
455.00	9.49999957811E-6
455.50	9.49999957811E-6
456.00	9.49999957811E-6
456.50	9.49999957811E-6
457.00	9.49999957811E-6
457.50	9.49999957811E-6
458.00	9.49999957811E-6
458.50	9.49999957811E-6
459.00	9.49999957811E-6
459.50	9.49999957811E-6
460.00	9.49999957811E-6
460.50	9.49999957811E-6
461.00	9.49999957811E-6
461.50	9.49999957811E-6
462.00	9.49999957811E-6
462.50	9.49999957811E-6
463.00	9.49999957811E-6
463.50	9.49999957811E-6
464.00	9.49999957811E-6
464.50	9.49999957811E-6
465.00	9.49999957811E-6
465.50	9.49999957811E-6
466.00	9.49999957811E-6
466.50	9.49999957811E-6
467.00	9.49999957811E-6
467.50	9.49999957811E-6
468.00	9.49999957811E-6
468.50	9.49999957811E-6
469.00	9.49999957811E-6
469.50	9.49999957811E-6
470.00	9.49999957811E-6
470.50	9.49999957811E-6
471.00	9.49999957811E-6
471.50	9.49999957811E-6
472.00	9.49999957811E-6
472.50	9.49999957811E-6
473.00	9.49999957811E-6
473.50	9.49999957811E-6
474.00	9.49999957811E-6
474.50	9.49999957811E-6
475.00	9.49999957811E-6
475.50	9.49999957811E-6
476.00	9.49999957811E-6
476.50	1.0766700143E-5
477.00	1.9750199499E-5
477.50	3.64125007764E-5
478.00	7.07013969077E-5
478.50	0.000150046005729
479.00	0.000343874999089
479.50	0.000884677981958
480.00	0.00263780006208
480.50	0.00899897981435
481.00	0.0435925982893
481.50	0.191146999598
482.00	0.485424995422
482.50	0.780340015888
483.00	0.902767002583
483.50	0.92311501503
484.00	0.941071987152
484.50	0.947547018528
485.00	0.942686021328
485.50	0.942189991474
486.00	0.949140012264
486.50	0.957202970982
487.00	0.960949003696
487.50	0.960927009583
488.00	0.960291981697
488.50	0.961852014065
489.00	0.964071989059
489.50	0.967092990875
490.00	0.966764986515
490.50	0.964513003826
491.00	0.961172997952
491.50	0.960358023643
492.00	0.962940990925
492.50	0.965458989143
493.00	0.966852009296
493.50	0.964543998241
494.00	0.962351024151
494.50	0.963068008423
495.00	0.965122997761
495.50	0.966717004776
496.00	0.965864002705
496.50	0.962553024292
497.00	0.951425015926
497.50	0.930930018425
498.00	0.915974020958
498.50	0.876874983311
499.00	0.693049013615
499.50	0.38342499733
500.00	0.130725994706
500.50	0.0305221993476
501.00	0.00734850019217
501.50	0.00223572994582
502.00	0.000796097971033
502.50	0.000310567993438
503.00	0.000135477006552
503.50	6.28233974567E-5
504.00	3.16045006912E-5
504.50	1.63335007528E-5
505.00	9.49999957811E-6
505.50	9.49999957811E-6
506.00	9.49999957811E-6
506.50	9.49999957811E-6
507.00	9.49999957811E-6
507.50	9.49999957811E-6
508.00	9.49999957811E-6
508.50	9.49999957811E-6
509.00	9.49999957811E-6
509.50	9.49999957811E-6
510.00	9.49999957811E-6
510.50	9.49999957811E-6
511.00	9.49999957811E-6
511.50	9.49999957811E-6
512.00	9.49999957811E-6
512.50	9.49999957811E-6
513.00	9.49999957811E-6
513.50	9.49999957811E-6
514.00	9.49999957811E-6
514.50	9.49999957811E-6
515.00	9.49999957811E-6
515.50	9.49999957811E-6
516.00	9.49999957811E-6
516.50	9.49999957811E-6
517.00	9.49999957811E-6
517.50	9.49999957811E-6
518.00	9.49999957811E-6
518.50	9.49999957811E-6
519.00	9.49999957811E-6
519.50	9.49999957811E-6
520.00	9.49999957811E-6
520.50	9.49999957811E-6
521.00	9.49999957811E-6
521.50	9.49999957811E-6
522.00	9.49999957811E-6
522.50	9.49999957811E-6
523.00	9.49999957811E-6
523.50	9.49999957811E-6
524.00	9.49999957811E-6
524.50	9.49999957811E-6
525.00	9.49999957811E-6
525.50	9.49999957811E-6
526.00	9.49999957811E-6
526.50	9.49999957811E-6
527.00	9.49999957811E-6
527.50	9.49999957811E-6
528.00	9.49999957811E-6
528.50	9.49999957811E-6
529.00	9.49999957811E-6
529.50	9.49999957811E-6
530.00	9.49999957811E-6
530.50	9.49999957811E-6
531.00	9.49999957811E-6
531.50	9.49999957811E-6
532.00	9.49999957811E-6
532.50	9.49999957811E-6
533.00	9.49999957811E-6
533.50	9.49999957811E-6
534.00	9.49999957811E-6
534.50	9.49999957811E-6
535.00	9.49999957811E-6
535.50	9.49999957811E-6
536.00	9.49999957811E-6
536.50	9.49999957811E-6
537.00	9.49999957811E-6
537.50	9.49999957811E-6
538.00	9.49999957811E-6
538.50	9.49999957811E-6
539.00	9.49999957811E-6
539.50	9.49999957811E-6
540.00	9.49999957811E-6
540.50	9.49999957811E-6
541.00	9.49999957811E-6
541.50	9.49999957811E-6
542.00	9.49999957811E-6
542.50	9.49999957811E-6
543.00	9.49999957811E-6
543.50	9.49999957811E-6
544.00	9.49999957811E-6
544.50	9.49999957811E-6
545.00	9.49999957811E-6
545.50	9.49999957811E-6
546.00	9.49999957811E-6
546.50	9.49999957811E-6
547.00	9.49999957811E-6
547.50	9.49999957811E-6
548.00	9.49999957811E-6
548.50	9.49999957811E-6
549.00	9.49999957811E-6
549.50	9.49999957811E-6
550.00	9.49999957811E-6
550.50	9.49999957811E-6
551.00	9.49999957811E-6
551.50	9.49999957811E-6
552.00	9.49999957811E-6
552.50	9.49999957811E-6
553.00	9.49999957811E-6
553.50	9.49999957811E-6
554.00	1.42261997098E-5
554.50	2.4447499527E-5
555.00	4.19554016844E-5
555.50	7.64521028032E-5
556.00	0.000140820004162
556.50	0.000287292001303
557.00	0.000597718986683
557.50	0.0013395199785
558.00	0.00339130009525
558.50	0.00896236021072
559.00	0.0290367007256
559.50	0.0982557013631
560.00	0.273963987827
560.50	0.565774023533
561.00	0.826126992702
561.50	0.941837012768
562.00	0.963025987148
562.50	0.963747024536
563.00	0.952453970909
563.50	0.92616301775
564.00	0.899703979492
564.50	0.886596024036
565.00	0.890038013458
565.50	0.904289007187
566.00	0.920717000961
566.50	0.929224014282
567.00	0.929270982742
567.50	0.923676013947
568.00	0.91765499115
568.50	0.916364014149
569.00	0.920859992504
569.50	0.930296003819
570.00	0.940789997578
570.50	0.948884010315
571.00	0.952751994133
571.50	0.952775001526
572.00	0.950650990009
572.50	0.948584973812
573.00	0.948818981647
573.50	0.951364994049
574.00	0.956092000008
574.50	0.962199985981
575.00	0.967414975166
575.50	0.970328986645
576.00	0.970140993595
576.50	0.968798995018
577.00	0.965852975845
577.50	0.963187992573
578.00	0.961311995983
578.50	0.959980010986
579.00	0.959051012993
579.50	0.958783984184
580.00	0.961199998856
580.50	0.963568985462
581.00	0.966457009315
581.50	0.962320029736
582.00	0.94172000885
582.50	0.901938021183
583.00	0.849828004837
583.50	0.811967015266
584.00	0.81911700964
584.50	0.849023997784
585.00	0.771830022335
585.50	0.526351988316
586.00	0.245628997684
586.50	0.0833678990602
587.00	0.0277102999389
587.50	0.00980453006923
588.00	0.00407415023074
588.50	0.00188015995082
589.00	0.000928874011151
589.50	0.000488526013214
590.00	0.000270107993856
590.50	0.000155974004883
591.00	9.02093015611E-5
591.50	5.47478011867E-5
592.00	3.41203012795E-5
592.50	2.12513004954E-5
593.00	1.38114000947E-5
593.50	9.49999957811E-6
594.00	9.49999957811E-6
594.50	9.49999957811E-6
595.00	9.49999957811E-6
595.50	9.49999957811E-6
596.00	9.49999957811E-6
596.50	9.49999957811E-6
597.00	9.49999957811E-6
597.50	9.49999957811E-6
598.00	9.49999957811E-6
598.50	9.49999957811E-6
599.00	9.49999957811E-6
599.50	9.49999957811E-6
600.00	9.49999957811E-6
600.50	9.49999957811E-6
601.00	9.49999957811E-6
601.50	9.49999957811E-6
602.00	9.49999957811E-6
602.50	9.49999957811E-6
603.00	9.49999957811E-6
603.50	9.49999957811E-6
604.00	9.49999957811E-6
604.50	9.49999957811E-6
605.00	9.49999957811E-6
605.50	9.49999957811E-6
606.00	9.49999957811E-6
606.50	9.49999957811E-6
607.00	9.49999957811E-6
607.50	9.49999957811E-6
608.00	9.49999957811E-6
608.50	9.49999957811E-6
609.00	9.49999957811E-6
609.50	9.49999957811E-6
610.00	9.49999957811E-6
610.50	9.49999957811E-6
611.00	9.49999957811E-6
611.50	9.49999957811E-6
612.00	9.49999957811E-6
612.50	9.49999957811E-6
613.00	9.49999957811E-6
613.50	9.49999957811E-6
614.00	9.49999957811E-6
614.50	9.49999957811E-6
615.00	9.49999957811E-6
615.50	9.49999957811E-6
616.00	9.49999957811E-6
616.50	9.49999957811E-6
617.00	9.49999957811E-6
617.50	9.49999957811E-6
618.00	9.49999957811E-6
618.50	9.49999957811E-6
619.00	9.49999957811E-6
619.50	9.49999957811E-6
620.00	9.49999957811E-6
620.50	9.49999957811E-6
621.00	9.49999957811E-6
621.50	9.49999957811E-6
622.00	9.49999957811E-6
622.50	9.49999957811E-6
623.00	9.49999957811E-6
623.50	9.49999957811E-6
624.00	9.49999957811E-6
624.50	9.49999957811E-6
625.00	9.49999957811E-6
625.50	9.49999957811E-6
626.00	9.49999957811E-6
626.50	9.49999957811E-6
627.00	9.49999957811E-6
627.50	9.49999957811E-6
628.00	9.49999957811E-6
628.50	9.49999957811E-6
629.00	9.49999957811E-6
629.50	9.49999957811E-6
630.00	9.49999957811E-6
630.50	9.49999957811E-6
631.00	9.49999957811E-6
631.50	9.49999957811E-6
632.00	9.49999957811E-6
632.50	9.49999957811E-6
633.00	9.49999957811E-6
633.50	9.49999957811E-6
634.00	9.49999957811E-6
634.50	9.49999957811E-6
635.00	9.49999957811E-6
635.50	9.49999957811E-6
636.00	9.49999957811E-6
636.50	9.49999957811E-6
637.00	9.49999957811E-6
637.50	9.49999957811E-6
638.00	9.49999957811E-6
638.50	9.49999957811E-6
639.00	9.49999957811E-6
639.50	9.49999957811E-6
640.00	9.49999957811E-6
640.50	9.49999957811E-6
641.00	9.49999957811E-6
641.50	9.49999957811E-6
642.00	9.49999957811E-6
642.50	9.49999957811E-6
643.00	9.49999957811E-6
643.50	9.49999957811E-6
644.00	9.49999957811E-6
644.50	9.49999957811E-6
645.00	9.49999957811E-6
645.50	9.49999957811E-6
646.00	9.49999957811E-6
646.50	9.49999957811E-6
647.00	9.49999957811E-6
647.50	9.49999957811E-6
648.00	9.49999957811E-6
648.50	9.49999957811E-6
649.00	9.49999957811E-6
649.50	9.49999957811E-6
650.00	9.49999957811E-6
650.50	9.49999957811E-6
651.00	9.49999957811E-6
651.50	9.49999957811E-6
652.00	9.49999957811E-6
652.50	9.49999957811E-6
653.00	9.49999957811E-6
653.50	9.49999957811E-6
654.00	9.49999957811E-6
654.50	9.49999957811E-6
655.00	9.49999957811E-6
655.50	9.49999957811E-6
656.00	9.49999957811E-6
656.50	9.49999957811E-6
657.00	9.49999957811E-6
657.50	9.49999957811E-6
658.00	9.49999957811E-6
658.50	9.49999957811E-6
659.00	9.49999957811E-6
659.50	9.49999957811E-6
660.00	9.49999957811E-6
660.50	9.49999957811E-6
661.00	9.49999957811E-6
661.50	9.49999957811E-6
662.00	9.49999957811E-6
662.50	9.49999957811E-6
663.00	9.49999957811E-6
663.50	9.49999957811E-6
664.00	9.49999957811E-6
664.50	9.49999957811E-6
665.00	9.49999957811E-6
665.50	9.49999957811E-6
666.00	9.49999957811E-6
666.50	9.49999957811E-6
667.00	9.49999957811E-6
667.50	9.49999957811E-6
668.00	9.49999957811E-6
668.50	9.49999957811E-6
669.00	9.49999957811E-6
669.50	9.49999957811E-6
670.00	9.49999957811E-6
670.50	9.49999957811E-6
671.00	9.49999957811E-6
671.50	9.49999957811E-6
672.00	9.49999957811E-6
672.50	9.49999957811E-6
673.00	9.49999957811E-6
673.50	9.49999957811E-6
674.00	9.49999957811E-6
674.50	9.49999957811E-6
675.00	9.49999957811E-6
675.50	9.49999957811E-6
676.00	9.49999957811E-6
676.50	9.49999957811E-6
677.00	9.49999957811E-6
677.50	9.49999957811E-6
678.00	9.49999957811E-6
678.50	9.49999957811E-6
679.00	9.49999957811E-6
679.50	9.49999957811E-6
680.00	9.49999957811E-6
680.50	9.49999957811E-6
681.00	9.49999957811E-6
681.50	9.49999957811E-6
682.00	9.49999957811E-6
682.50	9.49999957811E-6
683.00	9.49999957811E-6
683.50	9.49999957811E-6
684.00	9.49999957811E-6
684.50	9.49999957811E-6
685.00	9.49999957811E-6
685.50	9.49999957811E-6
686.00	9.49999957811E-6
686.50	9.49999957811E-6
687.00	9.49999957811E-6
687.50	9.49999957811E-6
688.00	9.49999957811E-6
688.50	9.49999957811E-6
689.00	9.49999957811E-6
689.50	9.49999957811E-6
690.00	9.49999957811E-6
690.50	9.49999957811E-6
691.00	9.49999957811E-6
691.50	9.49999957811E-6
692.00	9.49999957811E-6
692.50	9.49999957811E-6
693.00	9.49999957811E-6
693.50	9.49999957811E-6
694.00	9.49999957811E-6
694.50	9.49999957811E-6
695.00	9.49999957811E-6
695.50	9.49999957811E-6
696.00	9.49999957811E-6
696.50	9.49999957811E-6
697.00	9.49999957811E-6
697.50	9.49999957811E-6
698.00	9.49999957811E-6
698.50	9.49999957811E-6
699.00	9.49999957811E-6
699.50	9.49999957811E-6
700.00	9.49999957811E-6
700.50	9.49999957811E-6
701.00	9.49999957811E-6
701.50	9.49999957811E-6
702.00	9.49999957811E-6
702.50	9.49999957811E-6
703.00	9.49999957811E-6
703.50	9.49999957811E-6
704.00	9.49999957811E-6
704.50	9.49999957811E-6
705.00	9.49999957811E-6
705.50	9.49999957811E-6
706.00	9.49999957811E-6
706.50	9.49999957811E-6
707.00	9.49999957811E-6
707.50	9.49999957811E-6
708.00	9.49999957811E-6
708.50	9.49999957811E-6
709.00	9.49999957811E-6
709.50	9.49999957811E-6
710.00	9.49999957811E-6
710.50	9.49999957811E-6
711.00	9.49999957811E-6
711.50	9.49999957811E-6
712.00	9.49999957811E-6
712.50	9.49999957811E-6
713.00	9.49999957811E-6
713.50	9.49999957811E-6
714.00	9.49999957811E-6
714.50	9.49999957811E-6
715.00	9.49999957811E-6
715.50	9.49999957811E-6
716.00	9.49999957811E-6
716.50	9.49999957811E-6
717.00	9.49999957811E-6
717.50	9.49999957811E-6
718.00	9.49999957811E-6
718.50	9.49999957811E-6
719.00	9.49999957811E-6
719.50	9.49999957811E-6
720.00	9.49999957811E-6
720.50	9.49999957811E-6
721.00	9.49999957811E-6
721.50	9.49999957811E-6
722.00	9.49999957811E-6
722.50	9.49999957811E-6
723.00	9.49999957811E-6
723.50	9.49999957811E-6
724.00	9.49999957811E-6
724.50	9.49999957811E-6
725.00	9.49999957811E-6
725.50	9.49999957811E-6
726.00	9.49999957811E-6
726.50	9.49999957811E-6
727.00	9.49999957811E-6
727.50	9.49999957811E-6
728.00	9.49999957811E-6
728.50	9.49999957811E-6
729.00	9.49999957811E-6
729.50	9.49999957811E-6
730.00	9.49999957811E-6
730.50	9.49999957811E-6
731.00	9.49999957811E-6
731.50	9.49999957811E-6
732.00	9.49999957811E-6
732.50	9.49999957811E-6
733.00	9.49999957811E-6
733.50	9.49999957811E-6
734.00	9.49999957811E-6
734.50	9.49999957811E-6
735.00	9.49999957811E-6
735.50	9.49999957811E-6
736.00	9.49999957811E-6
736.50	9.49999957811E-6
737.00	9.49999957811E-6
737.50	9.49999957811E-6
738.00	9.49999957811E-6
738.50	9.49999957811E-6
739.00	9.49999957811E-6
739.50	9.49999957811E-6
740.00	9.49999957811E-6
740.50	9.49999957811E-6
741.00	9.49999957811E-6
741.50	9.49999957811E-6
742.00	9.49999957811E-6
742.50	9.49999957811E-6
743.00	9.49999957811E-6
743.50	9.49999957811E-6
744.00	9.49999957811E-6
744.50	9.49999957811E-6
745.00	9.49999957811E-6
745.50	9.49999957811E-6
746.00	9.49999957811E-6
746.50	9.49999957811E-6
747.00	9.49999957811E-6
747.50	9.49999957811E-6
748.00	9.49999957811E-6
748.50	9.49999957811E-6
749.00	9.49999957811E-6
749.50	9.49999957811E-6
750.00	9.49999957811E-6
750.50	9.49999957811E-6
751.00	9.49999957811E-6
751.50	9.49999957811E-6
752.00	9.49999957811E-6
752.50	9.49999957811E-6
753.00	9.49999957811E-6
753.50	9.49999957811E-6
754.00	9.49999957811E-6
754.50	9.49999957811E-6
755.00	9.49999957811E-6
755.50	9.49999957811E-6
756.00	9.49999957811E-6
756.50	9.49999957811E-6
757.00	9.49999957811E-6
757.50	9.49999957811E-6
758.00	9.49999957811E-6
758.50	9.49999957811E-6
759.00	9.49999957811E-6
759.50	9.49999957811E-6
760.00	9.49999957811E-6
760.50	9.49999957811E-6
761.00	9.49999957811E-6
761.50	9.49999957811E-6
762.00	9.49999957811E-6
762.50	9.49999957811E-6
763.00	9.49999957811E-6
763.50	9.49999957811E-6
764.00	9.49999957811E-6
764.50	9.49999957811E-6
765.00	9.49999957811E-6
765.50	9.49999957811E-6
766.00	9.49999957811E-6
766.50	9.49999957811E-6
767.00	9.49999957811E-6
767.50	9.49999957811E-6
768.00	9.49999957811E-6
768.50	9.49999957811E-6
769.00	9.49999957811E-6
769.50	9.49999957811E-6
770.00	9.49999957811E-6
770.50	9.49999957811E-6
771.00	9.49999957811E-6
771.50	9.49999957811E-6
772.00	9.49999957811E-6
772.50	9.49999957811E-6
773.00	9.49999957811E-6
773.50	9.49999957811E-6
774.00	9.49999957811E-6
774.50	9.49999957811E-6
775.00	9.49999957811E-6
775.50	9.49999957811E-6
776.00	9.49999957811E-6
776.50	9.49999957811E-6
777.00	9.49999957811E-6
777.50	9.49999957811E-6
778.00	9.49999957811E-6
778.50	9.49999957811E-6
779.00	9.49999957811E-6
779.50	9.49999957811E-6
780.00	9.49999957811E-6
780.50	9.49999957811E-6
781.00	9.49999957811E-6
781.50	9.49999957811E-6
782.00	9.49999957811E-6
782.50	9.49999957811E-6
783.00	9.49999957811E-6
783.50	9.49999957811E-6
784.00	9.49999957811E-6
784.50	9.49999957811E-6
785.00	9.49999957811E-6
785.50	9.49999957811E-6
786.00	9.49999957811E-6
786.50	9.49999957811E-6
787.00	9.49999957811E-6
787.50	9.49999957811E-6
788.00	9.49999957811E-6
788.50	9.49999957811E-6
789.00	9.49999957811E-6
789.50	9.49999957811E-6
790.00	9.49999957811E-6
790.50	9.49999957811E-6
791.00	9.49999957811E-6
791.50	9.49999957811E-6
792.00	9.49999957811E-6
792.50	9.49999957811E-6
793.00	9.49999957811E-6
793.50	9.49999957811E-6
794.00	9.49999957811E-6
794.50	9.49999957811E-6
795.00	9.49999957811E-6
795.50	9.49999957811E-6
796.00	9.49999957811E-6
796.50	9.49999957811E-6
797.00	9.49999957811E-6
797.50	9.49999957811E-6
798.00	9.49999957811E-6
798.50	9.49999957811E-6
799.00	9.49999957811E-6
799.50	9.49999957811E-6
800.00	9.49999957811E-6
800.50	9.49999957811E-6
801.00	9.49999957811E-6
801.50	9.49999957811E-6
802.00	9.49999957811E-6
802.50	9.49999957811E-6
803.00	9.49999957811E-6
803.50	9.49999957811E-6
804.00	9.49999957811E-6
804.50	9.49999957811E-6
805.00	9.49999957811E-6
805.50	9.49999957811E-6
806.00	9.49999957811E-6
806.50	9.49999957811E-6
807.00	9.49999957811E-6
807.50	9.49999957811E-6
808.00	9.49999957811E-6
808.50	9.49999957811E-6
809.00	9.49999957811E-6
809.50	9.49999957811E-6
810.00	9.49999957811E-6
810.50	9.49999957811E-6
811.00	9.49999957811E-6
811.50	9.49999957811E-6
812.00	9.49999957811E-6
812.50	9.49999957811E-6
813.00	9.49999957811E-6
813.50	9.49999957811E-6
814.00	9.49999957811E-6
814.50	9.49999957811E-6
815.00	9.49999957811E-6
815.50	9.49999957811E-6
816.00	9.49999957811E-6
816.50	9.49999957811E-6
817.00	9.49999957811E-6
817.50	9.49999957811E-6
818.00	9.49999957811E-6
818.50	9.49999957811E-6
819.00	9.49999957811E-6
819.50	9.49999957811E-6
820.00	9.49999957811E-6
820.50	9.49999957811E-6
821.00	9.49999957811E-6
821.50	9.49999957811E-6
822.00	9.49999957811E-6
822.50	9.49999957811E-6
823.00	9.49999957811E-6
823.50	9.49999957811E-6
824.00	9.49999957811E-6
824.50	9.49999957811E-6
825.00	9.49999957811E-6
825.50	9.49999957811E-6
826.00	9.49999957811E-6
826.50	9.49999957811E-6
827.00	9.49999957811E-6
827.50	9.49999957811E-6
828.00	9.49999957811E-6
828.50	9.49999957811E-6
829.00	9.49999957811E-6
829.50	9.49999957811E-6
830.00	9.49999957811E-6
830.50	9.49999957811E-6
831.00	9.49999957811E-6
831.50	9.49999957811E-6
832.00	9.49999957811E-6
832.50	9.49999957811E-6
833.00	9.49999957811E-6
833.50	9.49999957811E-6
834.00	9.49999957811E-6
834.50	9.49999957811E-6
835.00	9.49999957811E-6
835.50	9.49999957811E-6
836.00	9.49999957811E-6
836.50	9.49999957811E-6
837.00	9.49999957811E-6
837.50	9.49999957811E-6
838.00	9.49999957811E-6
838.50	9.49999957811E-6
839.00	9.49999957811E-6
839.50	9.49999957811E-6
840.00	9.49999957811E-6
840.50	9.49999957811E-6
841.00	9.49999957811E-6
841.50	9.49999957811E-6
842.00	9.49999957811E-6
842.50	9.49999957811E-6
843.00	9.49999957811E-6
843.50	9.49999957811E-6
844.00	9.49999957811E-6
844.50	9.49999957811E-6
845.00	9.49999957811E-6
845.50	9.49999957811E-6
846.00	9.49999957811E-6
846.50	9.49999957811E-6
847.00	9.49999957811E-6
847.50	9.49999957811E-6
848.00	9.49999957811E-6
848.50	9.49999957811E-6
849.00	9.49999957811E-6
849.50	9.49999957811E-6
850.00	9.49999957811E-6
850.50	9.49999957811E-6
851.00	9.49999957811E-6
851.50	9.49999957811E-6
852.00	9.49999957811E-6
852.50	9.49999957811E-6
853.00	9.49999957811E-6
853.50	9.49999957811E-6
854.00	9.49999957811E-6
854.50	9.49999957811E-6
855.00	9.49999957811E-6
855.50	9.49999957811E-6
856.00	9.49999957811E-6
856.50	9.49999957811E-6
857.00	9.49999957811E-6
857.50	9.49999957811E-6
858.00	9.49999957811E-6
858.50	9.49999957811E-6
859.00	9.49999957811E-6
859.50	9.49999957811E-6
860.00	9.49999957811E-6
860.50	9.49999957811E-6
861.00	9.49999957811E-6
861.50	9.49999957811E-6
862.00	9.49999957811E-6
862.50	9.49999957811E-6
863.00	9.49999957811E-6
863.50	9.49999957811E-6
864.00	9.49999957811E-6
864.50	9.49999957811E-6
865.00	9.49999957811E-6
865.50	9.49999957811E-6
866.00	9.49999957811E-6
866.50	9.49999957811E-6
867.00	9.49999957811E-6
867.50	9.49999957811E-6
868.00	9.49999957811E-6
868.50	9.49999957811E-6
869.00	9.49999957811E-6
869.50	9.49999957811E-6
870.00	9.49999957811E-6
870.50	9.49999957811E-6
871.00	9.49999957811E-6
871.50	9.49999957811E-6
872.00	9.49999957811E-6
872.50	9.49999957811E-6
873.00	9.49999957811E-6
873.50	9.49999957811E-6
874.00	9.49999957811E-6
874.50	9.49999957811E-6
875.00	9.49999957811E-6
875.50	9.49999957811E-6
876.00	9.49999957811E-6
876.50	9.49999957811E-6
877.00	9.49999957811E-6
877.50	9.49999957811E-6
878.00	9.49999957811E-6
878.50	9.49999957811E-6
879.00	9.49999957811E-6
879.50	9.49999957811E-6
880.00	9.49999957811E-6
880.50	9.49999957811E-6
881.00	9.49999957811E-6
881.50	9.49999957811E-6
882.00	9.49999957811E-6
882.50	9.49999957811E-6
883.00	9.49999957811E-6
883.50	9.49999957811E-6
884.00	9.49999957811E-6
884.50	9.49999957811E-6
885.00	9.49999957811E-6
885.50	9.49999957811E-6
886.00	9.49999957811E-6
886.50	9.49999957811E-6
887.00	9.49999957811E-6
887.50	9.49999957811E-6
888.00	9.49999957811E-6
888.50	9.49999957811E-6
889.00	9.49999957811E-6
889.50	9.49999957811E-6
890.00	9.49999957811E-6
890.50	9.49999957811E-6
891.00	9.49999957811E-6
891.50	9.49999957811E-6
892.00	9.49999957811E-6
892.50	9.49999957811E-6
893.00	9.49999957811E-6
893.50	9.49999957811E-6
894.00	9.49999957811E-6
894.50	9.49999957811E-6
895.00	9.49999957811E-6
895.50	9.49999957811E-6
896.00	9.49999957811E-6
896.50	9.49999957811E-6
897.00	9.49999957811E-6
897.50	9.49999957811E-6
898.00	9.49999957811E-6
898.50	9.49999957811E-6
899.00	9.49999957811E-6
899.50	9.49999957811E-6
900.00	9.49999957811E-6
900.50	9.49999957811E-6
901.00	9.49999957811E-6
901.50	9.49999957811E-6
902.00	9.49999957811E-6
902.50	9.49999957811E-6
903.00	9.49999957811E-6
903.50	9.49999957811E-6
904.00	9.49999957811E-6
904.50	9.49999957811E-6
905.00	9.49999957811E-6
905.50	9.49999957811E-6
906.00	9.49999957811E-6
906.50	9.49999957811E-6
907.00	9.49999957811E-6
907.50	9.49999957811E-6
908.00	9.49999957811E-6
908.50	9.49999957811E-6
909.00	9.49999957811E-6
909.50	9.49999957811E-6
910.00	9.49999957811E-6
910.50	9.49999957811E-6
911.00	9.49999957811E-6
911.50	9.49999957811E-6
912.00	9.49999957811E-6
912.50	9.49999957811E-6
913.00	9.49999957811E-6
913.50	9.49999957811E-6
914.00	9.49999957811E-6
914.50	9.49999957811E-6
915.00	9.49999957811E-6
915.50	9.49999957811E-6
916.00	9.49999957811E-6
916.50	9.49999957811E-6
917.00	9.49999957811E-6
917.50	9.49999957811E-6
918.00	9.49999957811E-6
918.50	9.49999957811E-6
919.00	9.49999957811E-6
919.50	9.49999957811E-6
920.00	9.49999957811E-6
920.50	9.49999957811E-6
921.00	9.49999957811E-6
921.50	9.49999957811E-6
922.00	9.49999957811E-6
922.50	9.49999957811E-6
923.00	9.49999957811E-6
923.50	9.49999957811E-6
924.00	9.49999957811E-6
924.50	9.49999957811E-6
925.00	9.49999957811E-6
925.50	9.49999957811E-6
926.00	9.49999957811E-6
926.50	9.49999957811E-6
927.00	9.49999957811E-6
927.50	9.49999957811E-6
928.00	9.49999957811E-6
928.50	9.49999957811E-6
929.00	9.49999957811E-6
929.50	9.49999957811E-6
930.00	9.49999957811E-6
930.50	9.49999957811E-6
931.00	9.49999957811E-6
931.50	9.49999957811E-6
932.00	9.49999957811E-6
932.50	9.49999957811E-6
933.00	9.49999957811E-6
933.50	9.49999957811E-6
934.00	9.49999957811E-6
934.50	9.49999957811E-6
935.00	9.49999957811E-6
935.50	9.49999957811E-6
936.00	9.49999957811E-6
936.50	9.49999957811E-6
937.00	9.49999957811E-6
937.50	9.49999957811E-6
938.00	9.49999957811E-6
938.50	9.49999957811E-6
939.00	9.49999957811E-6
939.50	9.49999957811E-6
940.00	9.49999957811E-6
940.50	9.49999957811E-6
941.00	9.49999957811E-6
941.50	9.49999957811E-6
942.00	9.49999957811E-6
942.50	9.49999957811E-6
943.00	9.49999957811E-6
943.50	9.49999957811E-6
944.00	9.49999957811E-6
944.50	9.49999957811E-6
945.00	9.49999957811E-6
945.50	9.49999957811E-6
946.00	9.49999957811E-6
946.50	9.49999957811E-6
947.00	9.49999957811E-6
947.50	9.49999957811E-6
948.00	9.49999957811E-6
948.50	9.49999957811E-6
949.00	9.49999957811E-6
949.50	9.49999957811E-6
950.00	9.49999957811E-6
950.50	9.49999957811E-6
951.00	9.49999957811E-6
951.50	9.49999957811E-6
952.00	9.49999957811E-6
952.50	9.49999957811E-6
953.00	9.49999957811E-6
953.50	9.49999957811E-6
954.00	9.49999957811E-6
954.50	9.49999957811E-6
955.00	9.49999957811E-6
955.50	9.49999957811E-6
956.00	9.49999957811E-6
956.50	9.49999957811E-6
957.00	9.49999957811E-6
957.50	9.49999957811E-6
958.00	9.49999957811E-6
958.50	9.49999957811E-6
959.00	9.49999957811E-6
959.50	9.49999957811E-6
960.00	9.49999957811E-6
960.50	9.49999957811E-6
961.00	9.49999957811E-6
961.50	9.49999957811E-6
962.00	9.49999957811E-6
962.50	9.49999957811E-6
963.00	9.49999957811E-6
963.50	9.49999957811E-6
964.00	9.49999957811E-6
964.50	9.49999957811E-6
965.00	9.49999957811E-6
965.50	9.49999957811E-6
966.00	9.49999957811E-6
966.50	9.49999957811E-6
967.00	9.49999957811E-6
967.50	9.49999957811E-6
968.00	9.49999957811E-6
968.50	9.49999957811E-6
969.00	9.49999957811E-6
969.50	9.49999957811E-6
970.00	9.49999957811E-6
970.50	9.49999957811E-6
971.00	9.49999957811E-6
971.50	9.49999957811E-6
972.00	9.49999957811E-6
972.50	9.49999957811E-6
973.00	9.49999957811E-6
973.50	9.49999957811E-6
974.00	9.49999957811E-6
974.50	9.49999957811E-6
975.00	9.49999957811E-6
975.50	9.49999957811E-6
976.00	9.49999957811E-6
976.50	9.49999957811E-6
977.00	9.49999957811E-6
977.50	9.49999957811E-6
978.00	9.49999957811E-6
978.50	9.49999957811E-6
979.00	9.49999957811E-6
979.50	9.49999957811E-6
980.00	9.49999957811E-6
980.50	9.49999957811E-6
981.00	9.49999957811E-6
981.50	9.49999957811E-6
982.00	9.49999957811E-6
982.50	9.49999957811E-6
983.00	9.49999957811E-6
983.50	9.49999957811E-6
984.00	9.49999957811E-6
984.50	9.49999957811E-6
985.00	9.49999957811E-6
985.50	9.49999957811E-6
986.00	9.49999957811E-6
986.50	9.49999957811E-6
987.00	9.49999957811E-6
987.50	9.49999957811E-6
988.00	9.49999957811E-6
988.50	9.49999957811E-6
989.00	9.49999957811E-6
989.50	9.49999957811E-6
990.00	9.49999957811E-6
990.50	9.49999957811E-6
991.00	9.49999957811E-6
991.50	9.49999957811E-6
992.00	9.49999957811E-6
992.50	9.49999957811E-6
993.00	9.49999957811E-6
993.50	9.49999957811E-6
994.00	9.49999957811E-6
994.50	9.49999957811E-6
995.00	9.49999957811E-6
995.50	9.49999957811E-6
996.00	9.49999957811E-6
996.50	9.49999957811E-6
997.00	9.57050997386E-6
997.50	9.98459017865E-6
998.00	1.04764003481E-5
998.50	1.10929995571E-5
999.00	1.16913997772E-5
999.50	1.22758001453E-5
1,000.00	1.29732998175E-5
1,000.50	1.36281996674E-5
1,001.00	1.43433999256E-5
1,001.50	1.51031999849E-5
1,002.00	1.59333994816E-5
1,002.50	1.68087008205E-5
1,003.00	1.76988996827E-5
1,003.50	1.87171008292E-5
1,004.00	1.96430992219E-5
1,004.50	2.08753008337E-5
1,005.00	2.20636993618E-5
1,005.50	2.33181999647E-5
1,006.00	2.47424995905E-5
1,006.50	2.62851008301E-5
1,007.00	2.80548993032E-5
1,007.50	2.98719005514E-5
1,008.00	3.17472986353E-5
1,008.50	3.39553989761E-5
1,009.00	3.64566003555E-5
1,009.50	3.91098001273E-5
1,010.00	4.19835014327E-5
1,010.50	4.52694985142E-5
1,011.00	4.87717989017E-5
1,011.50	5.30180004716E-5
1,012.00	5.76597012696E-5
1,012.50	6.24688982498E-5
1,013.00	6.82082027197E-5
1,013.50	7.45806028135E-5
1,014.00	8.14313971205E-5
1,014.50	8.97477002582E-5
1,015.00	9.95248992695E-5
1,015.50	0.000109731998236
1,016.00	0.000121340999613
1,016.50	0.000134907997563
1,017.00	0.000149986997712
1,017.50	0.000168006998138
1,018.00	0.000189073005458
1,018.50	0.000213060004171
1,019.00	0.000238980006543
1,019.50	0.000269451993518
1,020.00	0.000305602996377
1,020.50	0.000346037006238
1,021.00	0.000396747986088
1,021.50	0.000455689994851
1,022.00	0.000518014014233
1,022.50	0.00059405900538
1,023.00	0.000682206009515
1,023.50	0.000783280003816
1,024.00	0.000905658002011
1,024.50	0.00104907003697
1,025.00	0.00120534002781
1,025.50	0.0013866199879
1,026.00	0.00160144001711
1,026.50	0.00184435001574
1,027.00	0.00211667991243
1,027.50	0.00244926009327
1,028.00	0.00280206999741
1,028.50	0.00318734999746
1,029.00	0.0036363999825
1,029.50	0.00414024014026
1,030.00	0.0046766102314
1,030.50	0.00530287995934
1,031.00	0.0059961900115
1,031.50	0.00670270016417
1,032.00	0.00753459986299
1,032.50	0.00842431001365
1,033.00	0.00937609001994
1,033.50	0.00959846004844
1,034.00	0.0107289999723
1,034.50	0.0118383001536
1,035.00	0.0130907995626
1,035.50	0.0145188001916
1,036.00	0.0160817001015
1,036.50	0.0178791005164
1,037.00	0.0199707001448
1,037.50	0.0223066005856
1,038.00	0.0249752998352
1,038.50	0.0280703995377
1,039.00	0.0317908003926
1,039.50	0.0360425002873
1,040.00	0.0414074994624
1,040.50	0.0475930012763
1,041.00	0.0546792000532
1,041.50	0.0630863979459
1,042.00	0.0731754004955
1,042.50	0.0844696983695
1,043.00	0.0972551032901
1,043.50	0.112273000181
1,044.00	0.125961005688
1,044.50	0.140586003661
1,045.00	0.152503997087
1,045.50	0.162768006325
1,046.00	0.169210001826
1,046.50	0.172042995691
1,047.00	0.171373993158
1,047.50	0.167656004429
1,048.00	0.162766993046
1,048.50	0.156615003943
1,049.00	0.149975001812
1,049.50	0.144235000014
1,050.00	0.1380790025
1,050.50	0.134311005473
1,051.00	0.130385994911
1,051.50	0.127584993839
1,052.00	0.126264005899
1,052.50	0.124687001109
1,053.00	0.125713005662
1,053.50	0.126001998782
1,054.00	0.128667995334
1,054.50	0.131810992956
1,055.00	0.135463997722
1,055.50	0.141790002584
1,056.00	0.147732004523
1,056.50	0.156690999866
1,057.00	0.165528997779
1,057.50	0.176842004061
1,058.00	0.190298005939
1,058.50	0.204144999385
1,059.00	0.222295001149
1,059.50	0.239987999201
1,060.00	0.260037004948
1,060.50	0.281471997499
1,061.00	0.304367005825
1,061.50	0.32731500268
1,062.00	0.349536001682
1,062.50	0.370483994484
1,063.00	0.385998994112
1,063.50	0.400263994932
1,064.00	0.407674998045
1,064.50	0.412555992603
1,065.00	0.411318987608
1,065.50	0.407115995884
1,066.00	0.40057900548
1,066.50	0.390011012554
1,067.00	0.381718993187
1,067.50	0.370382010937
1,068.00	0.360624998808
1,068.50	0.35224801302
1,069.00	0.343041986227
1,069.50	0.338319003582
1,070.00	0.332917004824
1,070.50	0.329203009605
1,071.00	0.328949004412
1,071.50	0.32760900259
1,072.00	0.331218987703
1,072.50	0.33467400074
1,073.00	0.339466005564
1,073.50	0.348664999008
1,074.00	0.356976002455
1,074.50	0.36914101243
1,075.00	0.383507996798
1,075.50	0.396798998117
1,076.00	0.414240002632
1,076.50	0.431850999594
1,077.00	0.44926199317
1,077.50	0.469392001629
1,078.00	0.486838012934
1,078.50	0.503409028053
1,079.00	0.51732301712
1,079.50	0.52639901638
1,080.00	0.533042013645
1,080.50	0.53409999609
1,081.00	0.528505027294
1,081.50	0.520204007626
1,082.00	0.506036996841
1,082.50	0.488119006157
1,083.00	0.469585001469
1,083.50	0.447084009647
1,084.00	0.424037009478
1,084.50	0.403021991253
1,085.00	0.380706012249
1,085.50	0.360563993454
1,086.00	0.343840003014
1,086.50	0.325459003448
1,087.00	0.30900400877
1,087.50	0.296570003033
1,088.00	0.282418012619
1,088.50	0.271495997906
1,089.00	0.264378994703
1,089.50	0.254767000675
1,090.00	0.246739000082
1,090.50	0.243198007345
1,091.00	0.236552000046
1,091.50	0.232245996594
1,092.00	0.231581002474
1,092.50	0.229139000177
1,093.00	0.225924998522
1,093.50	0.227393999696
1,094.00	0.227131992579
1,094.50	0.226015001535
1,095.00	0.22836099565
1,095.50	0.231169998646
1,096.00	0.230935007334
1,096.50	0.233734995127
1,097.00	0.237638995051
1,097.50	0.237922996283
1,098.00	0.240538999438
1,098.50	0.244716003537
1,099.00	0.245131000876
1,099.50	0.246392995119
1,100.00	0.249750003219
1,100.50	0.248631998897
1,101.00	0.248999997973
1,101.50	0.250470012426
1,102.00	0.248070001602
1,102.50	0.245924994349
1,103.00	0.24602599442
1,103.50	0.241669997573
1,104.00	0.238264992833
1,104.50	0.237085998058
1,105.00	0.233576998115
1,105.50	0.228201001883
1,106.00	0.225856006145
1,106.50	0.22315299511
1,107.00	0.217938005924
1,107.50	0.214956998825
1,108.00	0.214114993811
1,108.50	0.211140006781
1,109.00	0.207287997007
1,109.50	0.207237005234
1,110.00	0.206644997001
1,110.50	0.20466299355
1,111.00	0.204165995121
1,111.50	0.206147998571
1,112.00	0.207388997078
1,112.50	0.207835003734
1,113.00	0.211218997836
1,113.50	0.215286999941
1,114.00	0.219174996018
1,114.50	0.223686993122
1,115.00	0.230317994952
1,115.50	0.23852699995
1,116.00	0.247260004282
1,116.50	0.256987005472
1,117.00	0.268922001123
1,117.50	0.283547013998
1,118.00	0.29960501194
1,118.50	0.318518012762
1,119.00	0.341067999601
1,119.50	0.366483986378
1,120.00	0.395716995001
1,120.50	0.429668009281
1,121.00	0.468400001526
1,121.50	0.514551997185
1,122.00	0.569871008396
1,122.50	0.629755973816
1,123.00	0.690006971359
1,123.50	0.755020022392
1,124.00	0.813163995743
1,124.50	0.857272028923
1,125.00	0.879857003689
1,125.50	0.867179989815
1,126.00	0.823198974133
1,126.50	0.751684010029
1,127.00	0.660773992538
1,127.50	0.567382991314
1,128.00	0.475980997086
1,128.50	0.391759991646
1,129.00	0.323208004236
1,129.50	0.267994999886
1,130.00	0.222673997283
1,130.50	0.184658005834
1,131.00	0.152936995029
1,131.50	0.127268999815
1,132.00	0.107965998352
1,132.50	0.0921778008342
1,133.00	0.0780671015382
1,133.50	0.0668001025915
1,134.00	0.0583187006414
1,134.50	0.0507456995547
1,135.00	0.0436381995678
1,135.50	0.0382945016026
1,136.00	0.0337639003992
1,136.50	0.0301890000701
1,137.00	0.0270543005317
1,137.50	0.0239493995905
1,138.00	0.0211814008653
1,138.50	0.0192040000111
1,139.00	0.0175049994141
1,139.50	0.0159425996244
1,140.00	0.0144896004349
1,140.50	0.0131275998428
1,141.00	0.0120173003525
1,141.50	0.0111124999821
1,142.00	0.0103081995621
1,142.50	0.00951485987753
1,143.00	0.00927100982517
1,143.50	0.00862776953727
1,144.00	0.00801775977015
1,144.50	0.00748605001718
1,145.00	0.00704303989187
1,145.50	0.00662855012342
1,146.00	0.00625493982807
1,146.50	0.00593362003565
1,147.00	0.00562454015017
1,147.50	0.0053435601294
1,148.00	0.00511870998889
1,148.50	0.00491147022694
1,149.00	0.00471781007946
1,149.50	0.00455148005858
1,150.00	0.00439823977649
1,150.50	0.00425946991891
1,151.00	0.00414534984156
1,151.50	0.00404412997887
1,152.00	0.00395612977445
1,152.50	0.00387900997885
1,153.00	0.00381567003205
1,153.50	0.00375903001986
1,154.00	0.00371483992785
1,154.50	0.00368134002201
1,155.00	0.00365570001304
1,155.50	0.00363513990305
1,156.00	0.00362520990893
1,156.50	0.00361891998909
1,157.00	0.00361840007827
1,157.50	0.00362086994573
1,158.00	0.00362582993694
1,158.50	0.00363130006008
1,159.00	0.00363421998918
1,159.50	0.00363415991887
1,160.00	0.00362526997924
1,160.50	0.00360883004032
1,161.00	0.00357687007636
1,161.50	0.00353200989775
1,162.00	0.0034698699601
1,162.50	0.003391349921
1,163.00	0.00328607996926
1,163.50	0.00316483993083
1,164.00	0.00303047010675
1,164.50	0.00287605007179
1,165.00	0.00270704994909
1,165.50	0.00253014010377
1,166.00	0.00233785994351
1,166.50	0.00214050989598
1,167.00	0.00195662002079
1,167.50	0.00177011999767
1,168.00	0.00158997997642
1,168.50	0.00142122001853
1,169.00	0.00125804997515
1,169.50	0.00110290001612
1,170.00	0.000971778994426
1,170.50	0.000851326971315
1,171.00	0.000740705989301
1,171.50	0.000646159984171
1,172.00	0.000559334002901
1,172.50	0.000482134986669
1,173.00	0.000416944996687
1,173.50	0.000362432008842
1,174.00	0.000313780008582
1,174.50	0.000271233991953
1,175.00	0.000235740997596
1,175.50	0.000203525996767
1,176.00	0.00017657999706
1,176.50	0.000154585999553
1,177.00	0.000135492999107
1,177.50	0.000118322001072
1,178.00	0.000104496997665
1,178.50	9.16827993933E-5
1,179.00	8.05115996627E-5
1,179.50	7.14767011232E-5
1,180.00	6.36077966192E-5
1,180.50	5.67901988688E-5
1,181.00	5.08543016622E-5
1,181.50	4.56130983366E-5
1,182.00	4.08056002925E-5
1,182.50	3.69426998077E-5
1,183.00	3.34932010446E-5
1,183.50	3.04440000036E-5
1,184.00	2.77175004157E-5
1,184.50	2.54283004324E-5
1,185.00	2.32390993915E-5
1,185.50	2.13978000829E-5
1,186.00	1.98586003535E-5
1,186.50	1.8301900127E-5
1,187.00	1.70037001226E-5
1,187.50	1.577059993E-5
1,188.00	1.47636001202E-5
1,188.50	1.38895002237E-5
1,189.00	1.30940998133E-5
1,189.50	1.23502004499E-5
1,190.00	1.16234996312E-5
1,190.50	1.10970004243E-5
1,191.00	1.06399002107E-5
1,191.50	1.0038599612E-5
1,192.00	9.66524021351E-6
1,192.50	9.49999957811E-6
1,193.00	9.49999957811E-6
1,193.50	9.49999957811E-6
1,194.00	9.49999957811E-6
1,194.50	9.49999957811E-6
1,195.00	9.49999957811E-6
1,195.50	9.49999957811E-6
1,196.00	9.49999957811E-6
1,196.50	9.49999957811E-6
1,197.00	9.49999957811E-6
1,197.50	9.49999957811E-6
1,198.00	9.49999957811E-6
1,198.50	9.49999957811E-6
1,199.00	9.49999957811E-6
1,199.50	9.49999957811E-6
1,200.00	9.49999957811E-6
