500	0.8141565
501	0.9738615
502	1.097208
503	1.297803
504	1.517765
505	1.804102
506	2.099386
507	2.415059
508	2.790762
509	3.263762
510	3.772439
511	4.289159
512	4.917333
513	5.523306
514	6.478932
515	7.477146
516	8.685468
517	10.11557
518	11.60218
519	13.24307
520	14.84986
521	16.87698
522	19.38435
523	21.75082
524	24.42322
525	27.31479
526	30.28168
527	33.9583
528	37.33669
529	41.62007
530	45.52401
531	49.60147
532	53.93809
533	58.78996
534	63.23542
535	67.9132
536	72.94776
537	76.93552
538	81.17043
539	84.88544
540	87.86649
541	91.07916
542	94.04333
543	95.33604
544	97.41029
545	98.18276
546	99.36945
547	100
548	99.70709
549	98.94991
550	97.42036
551	95.84291
552	94.57342
553	92.69672
554	90.6235
555	88.89936
556	86.17078
557	83.98044
558	80.94797
559	78.66317
560	75.77828
561	72.66539
562	69.98597
563	67.5136
564	64.73495
565	62.27062
566	60.10679
567	57.6889
568	55.80687
569	53.9604
570	51.87688
571	50.02362
572	48.48977
573	46.64591
574	45.22136
575	43.48952
576	42.22525
577	41.45379
578	39.88676
579	38.63936
580	37.53456
581	35.97432
582	35.34535
583	34.42982
584	33.84718
585	32.82383
586	32.15476
587	31.23516
588	30.50153
589	29.48112
590	28.72812
591	28.01738
592	27.40087
593	26.55851
594	25.92955
595	25.12252
596	24.3778
597	23.61914
598	22.89073
599	22.33029
600	21.69249
601	20.93848
602	20.36512
603	19.57962
604	19.0236
605	18.17127
606	17.84722
607	16.97394
608	16.2803
609	15.41234
610	14.7981
611	14.33065
612	13.77848
613	12.9701
614	12.61909
615	12.20397
616	11.66482
617	11.08807
618	10.72403
619	10.1637
620	9.869326
621	9.517181
622	9.149632
623	8.798734
624	8.584095
625	8.182114
626	7.814905
627	7.677287
628	7.391743
629	7.169855
630	7.010036
631	6.845461
632	6.59469
633	6.270523
634	6.149894
635	5.90977
636	5.726959
637	5.395656
638	5.324977
639	5.209333
640	5.109206
641	4.836348
642	4.572664
643	4.484657
644	4.39359
645	4.285761
646	4.150408
647	4.068177
648	3.943924
649	3.808798
650	3.731777
651	3.644675
652	3.518157
653	3.351429
654	3.256286
655	3.241675
656	3.117988
657	2.926908
658	2.8056
659	2.818399
660	2.761426
661	2.563437
662	2.424686
663	2.435333
664	2.416078
665	2.320708
666	2.253088
667	2.167233
668	2.19521
669	2.09361
670	2.094969
671	1.956558
672	1.895281
673	1.852806
674	1.918501
675	1.810105
676	1.669315
677	1.62163
678	1.624235
679	1.476083
680	1.57655
681	1.530904
682	1.37992
683	1.385471
684	1.338238
685	1.320796
686	1.267447
687	1.236526
688	1.237432
689	1.272658
690	1.260311
691	1.207869
692	1.16143
693	1.174343
694	1.093131
695	1.199488
696	1.078633
697	1.04386
698	1.074102
699	1.073083
700	1.007275