Typical Measured Spectrum of Semrock FF436/514/604-Di01 Optical Filter	
Values near or below 1e-6 are measurement noise limited.	
Form of data:  Wavelength (nm) <tab> Transmission (0 to 1)	
300	0.0039387
300.2	0.004414834
300.4	0.004948527
300.6	0.005515106
300.8	0.006111506
301	0.0067724
301.2	0.00705712
301.4	0.00735381
301.6	0.00736014
301.8	0.007075361
302	0.0068016
302.2	0.005992412
302.4	0.005279493
302.6	0.004409508
302.8	0.003491367
303	0.0027644
303.2	0.002057725
303.4	0.001531701
303.6	0.001281308
303.8	0.001204555
304	0.0011324
304.2	0.001497977
304.4	0.001981576
304.6	0.002609861
304.8	0.003422358
305	0.0044878
305.2	0.005417972
305.4	0.006540937
305.6	0.007897421
305.8	0.009536143
306	0.0115149
306.2	0.014182249
306.4	0.017467472
306.6	0.021068241
306.8	0.024885123
307	0.0293935
307.2	0.033425188
307.4	0.038009872
307.6	0.043672938
307.8	0.050701624
308	0.0588615
308.2	0.070416388
308.4	0.084239573
308.6	0.10001462
308.8	0.11576846
309	0.1315223
309.2	0.14167774
309.4	0.15183318
309.6	0.1566566
309.8	0.156148
310	0.1556394
310.2	0.14623856
310.4	0.13683772
310.6	0.12530192
310.8	0.11163116
311	0.0979604
311.2	0.084380515
311.4	0.072683158
311.6	0.064359494
311.8	0.058583952
312	0.0533267
312.2	0.052407368
312.4	0.051503884
312.6	0.050714468
312.8	0.050034323
313	0.0493633
313.2	0.046674414
313.4	0.044131995
313.6	0.040595433
313.8	0.036328691
314	0.0325104
314.2	0.027404835
314.4	0.023101069
314.6	0.019269861
314.8	0.015906209
315	0.0131297
315.2	0.010986697
315.4	0.009193471
315.6	0.007903114
315.8	0.006979485
316	0.0061638
316.2	0.006816809
316.4	0.007539
316.6	0.008615966
316.8	0.010175408
317	0.0120171
317.2	0.012949792
317.4	0.013954874
317.6	0.014325677
317.8	0.014009755
318	0.0137008
318.2	0.012504352
318.4	0.011412386
318.6	0.009980129
318.8	0.008362581
319	0.0070072
319.2	0.005137471
319.4	0.003766641
319.6	0.002640533
319.8	0.001769951
320	0.0011864
320.2	0.001012219
320.4	0.00086361
320.6	0.00095494
320.8	0.001368513
321	0.0019612
321.2	0.003700099
321.4	0.006980795
321.6	0.012017723
321.8	0.0188784
322	0.0296557
322.2	0.03918134
322.4	0.051766689
322.6	0.064272237
322.8	0.074989138
323	0.087493
323.2	0.092586358
323.4	0.097976222
323.6	0.100255632
323.8	0.099199907
324	0.0981553
324.2	0.0929785
324.4	0.08807473
324.6	0.08359305
324.8	0.079494867
325	0.0755976
325.2	0.075872967
325.4	0.076149338
325.6	0.078119112
325.8	0.081914459
326	0.0858942
326.2	0.090704007
326.4	0.095783148
326.6	0.10036516
326.8	0.10423868
327	0.1081122
327.2	0.10868664
327.4	0.10926108
327.6	0.1081961
327.8	0.1054917
328	0.1027873
328.2	0.099141279
328.4	0.095624587
328.6	0.09519276
328.8	0.097804209
329	0.1004873
329.2	0.1153497
329.4	0.1302121
329.6	0.14626554
329.8	0.16351002
330	0.1807545
330.2	0.18966762
330.4	0.19858074
330.6	0.20346598
330.8	0.20432334
331	0.2051807
331.2	0.20342042
331.4	0.20166014
331.6	0.198039
331.8	0.192557
332	0.187075
332.2	0.17526756
332.4	0.16346012
332.6	0.1518237
332.8	0.1403583
333	0.1288929
333.2	0.12083286
333.4	0.11277282
333.6	0.10616058
333.8	0.10099614
334	0.0958317
334.2	0.095743359
334.4	0.095655099
334.6	0.10005404
334.8	0.10894012
335	0.1178262
335.2	0.13397048
335.4	0.15011476
335.6	0.16573626
335.8	0.18083498
336	0.1959337
336.2	0.20123154
336.4	0.20652938
336.6	0.20586978
336.8	0.19925274
337	0.1926357
337.2	0.17837442
337.4	0.16411314
337.6	0.1482682
337.8	0.1308396
338	0.113411
338.2	0.093629683
338.4	0.077298653
338.6	0.062066569
338.8	0.048469774
339	0.0378516
339.2	0.02866607
339.4	0.021709612
339.6	0.017007954
339.8	0.013783775
340	0.0111708
340.2	0.010769366
340.4	0.010382357
340.6	0.011295401
340.8	0.013867786
341	0.017026
341.2	0.023963497
341.4	0.03372778
341.6	0.045730761
341.8	0.059732707
342	0.0780218
342.2	0.091303129
342.4	0.106845284
342.6	0.1196284
342.8	0.1277212
343	0.135814
343.2	0.1374694
343.4	0.1391248
343.6	0.13941184
343.8	0.13833052
344	0.1372492
344.2	0.13363316
344.4	0.13001712
344.6	0.12387802
344.8	0.11521586
345	0.1065537
345.2	0.092733369
345.4	0.080705577
345.6	0.069078776
345.8	0.058151284
346	0.0489524
346.2	0.041396598
346.4	0.035007035
346.6	0.02931431
346.8	0.024307355
347	0.0201556
347.2	0.015484821
347.4	0.01189643
347.6	0.009268323
347.8	0.007322507
348	0.0057852
348.2	0.00520947
348.4	0.004691036
348.6	0.004397758
348.8	0.004292212
349	0.0041892
349.2	0.004184276
349.4	0.004179357
349.6	0.004276751
349.8	0.00448367
350	0.0047006
350.2	0.005452705
350.4	0.006325149
350.6	0.007839003
350.8	0.010379639
351	0.0137437
351.2	0.01722497
351.4	0.021588044
351.6	0.025511397
351.8	0.028426365
352	0.0316744
352.2	0.032754462
352.4	0.033871353
352.6	0.034071531
352.8	0.033338633
353	0.0326215
353.2	0.031066771
353.4	0.029586139
353.6	0.028355342
353.8	0.027348651
354	0.0263777
354.2	0.026289599
354.4	0.026201793
354.6	0.026565654
354.8	0.027400121
355	0.0282608
355.2	0.02960611
355.4	0.031015462
355.6	0.032269506
355.8	0.033344449
356	0.0344552
356.2	0.034419612
356.4	0.034384062
356.6	0.033979532
356.8	0.033219005
357	0.0324755
357.2	0.031769635
357.4	0.031079113
357.6	0.031638942
357.8	0.033517548
358	0.0355077
358.2	0.042482708
358.4	0.050827862
358.6	0.060726925
358.8	0.072452027
359	0.086441
359.2	0.094659746
359.4	0.103659924
359.6	0.10941528
359.8	0.11129384
360	0.1131724
360.2	0.10954296
360.4	0.10591352
360.6	0.100709099
360.8	0.094257232
361	0.0882187
361.2	0.081142605
361.4	0.074634089
361.6	0.067570583
361.8	0.060215769
362	0.0536615
362.2	0.046670888
362.4	0.04059096
362.6	0.036982274
362.8	0.035297093
363	0.0336887
363.2	0.036264203
363.4	0.039036603
363.6	0.041549339
363.8	0.043727477
364	0.0460198
364.2	0.046417894
364.4	0.046819431
364.6	0.04634959
364.8	0.045034437
365	0.0437566
365.2	0.041531155
365.4	0.039418896
365.6	0.037135407
365.8	0.034723637
366	0.0324685
366.2	0.030055572
366.4	0.027821964
366.6	0.025920936
366.8	0.024306012
367	0.0227917
367.2	0.023222222
367.4	0.023660876
367.6	0.025760758
367.8	0.029970034
368	0.0348671
368.2	0.045408325
368.4	0.059136436
368.6	0.08073144
368.8	0.10722192
369	0.1337124
369.2	0.16739328
369.4	0.20107416
369.6	0.23352532
369.8	0.26474676
370	0.2959682
370.2	0.32560876
370.4	0.35524932
370.6	0.38216164
370.8	0.40634572
371	0.4305298
371.2	0.44089428
371.4	0.45125876
371.6	0.45398606
371.8	0.44907618
372	0.4441663
372.2	0.42455078
372.4	0.40493526
372.6	0.38091308
372.8	0.35248424
373	0.3240554
373.2	0.29913892
373.4	0.27422244
373.6	0.25432926
373.8	0.23945938
374	0.2245895
374.2	0.22361338
374.4	0.22263726
374.6	0.23203644
374.8	0.25181092
375	0.2715854
375.2	0.30406092
375.4	0.33653644
375.6	0.3679702
375.8	0.3983622
376	0.4287542
376.2	0.447289
376.4	0.4658238
376.6	0.47629364
376.8	0.47869852
377	0.4811034
377.2	0.46761788
377.4	0.45413236
377.6	0.43445826
377.8	0.40859558
378	0.3827329
378.2	0.35017134
378.4	0.31760978
378.6	0.2836722
378.8	0.2483586
379	0.213045
379.2	0.18591076
379.4	0.15877652
379.6	0.13700664
379.8	0.12060112
380	0.1041956
380.2	0.097960017
380.4	0.092097601
380.6	0.090470284
380.8	0.09285852
381	0.0953098
381.2	0.10422444
381.4	0.11313908
381.6	0.12162268
381.8	0.12967524
382	0.1377278
382.2	0.1417258
382.4	0.1457238
382.6	0.14814786
382.8	0.14899798
383	0.1498481
383.2	0.14845642
383.4	0.14706474
383.6	0.14505164
383.8	0.14241712
384	0.1397826
384.2	0.13536572
384.4	0.13094884
384.6	0.12554778
384.8	0.11916254
385	0.1127773
385.2	0.1050641
385.4	0.0973509
385.6	0.089596036
385.8	0.082280348
386	0.075562
386.2	0.070396438
386.4	0.065584004
386.6	0.06234292
386.8	0.060466986
387	0.0586475
387.2	0.060135659
387.4	0.06166158
387.6	0.063090329
387.8	0.064413441
388	0.0657643
388.2	0.065209231
388.4	0.064658847
388.6	0.06320031
388.8	0.060895166
389	0.0586741
389.2	0.054562874
389.4	0.050739717
389.6	0.04677508
389.8	0.042746124
390	0.0390642
390.2	0.03544635
390.4	0.03216356
390.6	0.02875332
390.8	0.025324633
391	0.0223048
391.2	0.018601016
391.4	0.015512257
391.6	0.012509839
391.8	0.009755888
392	0.0076082
392.2	0.006436125
392.4	0.005444613
392.6	0.00482215
392.8	0.00447142
393	0.0041462
393.2	0.003896473
393.4	0.003661788
393.6	0.003413883
393.8	0.003157461
394	0.0029203
394.2	0.002698193
394.4	0.002492978
394.6	0.002311623
394.8	0.002151141
395	0.0020018
395.2	0.001935271
395.4	0.001870953
395.6	0.00186983
395.8	0.001931788
396	0.0019958
396.2	0.002235165
396.4	0.002503238
396.6	0.002875667
396.8	0.003388589
397	0.003993
397.2	0.004480808
397.4	0.00502821
397.6	0.005493478
397.8	0.005843301
398	0.0062154
398.2	0.006337903
398.4	0.006462821
398.6	0.006450358
398.8	0.006301307
399	0.0061557
399.2	0.005904462
399.4	0.005663478
399.6	0.005403694
399.8	0.005128647
400	0.0048676
400.2	0.004680013
400.4	0.004499655
400.6	0.004328059
400.8	0.004164748
401	0.0040076
401.2	0.00380455
401.4	0.003611787
401.6	0.003431263
401.8	0.003262112
402	0.0031013
402.2	0.003001505
402.4	0.00290492
402.6	0.002811952
402.8	0.002722452
403	0.0026358
403.2	0.002531697
403.4	0.002431705
403.6	0.002284377
403.8	0.002098855
404	0.0019284
404.2	0.001784531
404.4	0.001651395
404.6	0.001525903
404.8	0.001407833
405	0.0012989
405.2	0.00123982
405.4	0.001183427
405.6	0.001184664
405.8	0.00124371
406	0.0013057
406.2	0.001513108
406.4	0.001753463
406.6	0.002067863
406.8	0.002481676
407	0.0029783
407.2	0.003429098
407.4	0.003948128
407.6	0.004403644
407.8	0.004758198
408	0.0051413
408.2	0.005345837
408.4	0.005558511
408.6	0.005671735
408.8	0.005679213
409	0.0056867
409.2	0.005483571
409.4	0.005287697
409.6	0.005067582
409.8	0.004826874
410	0.0045976
410.2	0.00436769
410.4	0.004149276
410.6	0.00396218
410.8	0.003803096
411	0.0036504
411.2	0.003505176
411.4	0.003365729
411.6	0.003292642
411.8	0.003281753
412	0.0032709
412.2	0.003439265
412.4	0.003616296
412.6	0.003858186
412.8	0.004176604
413	0.0045213
413.2	0.004862686
413.4	0.00522985
413.6	0.005560738
413.8	0.005845289
414	0.0061444
414.2	0.006246055
414.4	0.006349392
414.6	0.006373411
414.8	0.006317208
415	0.0062615
415.2	0.006094952
415.4	0.005932835
415.6	0.005757467
415.8	0.005570291
416	0.0053892
416.2	0.005207638
416.4	0.005032193
416.6	0.004872741
416.8	0.004728125
417	0.0045878
417.2	0.004508618
417.4	0.004430803
417.6	0.004416299
417.8	0.004464486
418	0.0045132
418.2	0.004765117
418.4	0.005031094
418.6	0.005353276
418.8	0.005740438
419	0.0061556
419.2	0.006558052
419.4	0.006986817
419.6	0.007379425
419.8	0.007726883
420	0.0080907
420.2	0.008329278
420.4	0.008574891
420.6	0.008773927
420.8	0.008922849
421	0.0090743
421.2	0.009162102
421.4	0.009250753
421.6	0.009341579
421.8	0.009434626
422	0.0095286
422.2	0.009581341
422.4	0.009634374
422.6	0.009696597
422.8	0.009768184
423	0.0098403
423.2	0.009906763
423.4	0.009973675
423.6	0.01000011
423.8	0.009985745
424	0.0099714
424.2	0.009900988
424.4	0.009831072
424.6	0.009734977
424.8	0.00961348
425	0.0094935
425.2	0.009201436
425.4	0.008918357
425.6	0.008607831
425.8	0.008273368
426	0.0079519
426.2	0.007557728
426.4	0.007183094
426.6	0.006818223
426.8	0.006463536
427	0.0061273
427.2	0.005789546
427.4	0.005470409
427.6	0.005165562
427.8	0.004874586
428	0.0046
428.2	0.00440351
428.4	0.004215414
428.6	0.004121436
428.8	0.004115514
429	0.0041096
429.2	0.004307887
429.4	0.004515742
429.6	0.004860928
429.8	0.005373219
430	0.0059395
430.2	0.0069557
430.4	0.008145763
430.6	0.009808328
430.8	0.012143124
431	0.0150337
431.2	0.019418127
431.4	0.025081228
431.6	0.032442654
431.8	0.042025226
432	0.0544382
432.2	0.067444922
432.4	0.083559293
432.6	0.10177994
432.8	0.11932502
433	0.1368701
433.2	0.15388102
433.4	0.17089194
433.6	0.18725516
433.8	0.20297068
434	0.2186862
434.2	0.23442476
434.4	0.25016332
434.6	0.26756302
434.8	0.28662386
435	0.3056847
435.2	0.33084938
435.4	0.35601406
435.6	0.3840223
435.8	0.4148741
436	0.4457259
436.2	0.47890206
436.4	0.51207822
436.6	0.54458974
436.8	0.57643662
437	0.6082835
437.2	0.63657694
437.4	0.66487038
437.6	0.69130664
437.8	0.71588572
438	0.7404648
438.2	0.76099048
438.4	0.78151616
438.6	0.80022146
438.8	0.81710638
439	0.8339913
439.2	0.8474251
439.4	0.8608589
439.6	0.87213786
439.8	0.88126198
440	0.8903861
440.2	0.89497458
440.4	0.89956306
440.6	0.90320982
440.8	0.90591486
441	0.9086199
441.2	0.91074586
441.4	0.91287182
441.6	0.91467842
441.8	0.91616566
442	0.9176529
442.2	0.9184939
442.4	0.9193349
442.6	0.9201037
442.8	0.9208003
443	0.9214969
443.2	0.92201414
443.4	0.92253138
443.6	0.92325298
443.8	0.92417894
444	0.9251049
444.2	0.92617498
444.4	0.92724506
444.6	0.9282225
444.8	0.9291073
445	0.9299921
445.2	0.93054986
445.4	0.93110762
445.6	0.93143654
445.8	0.93153662
446	0.9316367
446.2	0.93129518
446.4	0.93095366
446.6	0.93070854
446.8	0.93055982
447	0.9304111
447.2	0.92947214
447.4	0.92853318
447.6	0.92747942
447.8	0.92631086
448	0.9251423
448.2	0.9245719
448.4	0.9240015
448.6	0.92343212
448.8	0.92286376
449	0.9222954
449.2	0.92196596
449.4	0.92163652
449.6	0.92145088
449.8	0.92140904
450	0.9213672
450.2	0.92131
450.4	0.9212528
450.6	0.92125638
450.8	0.92132074
451	0.9213851
451.2	0.92156726
451.4	0.92174942
451.6	0.92199748
451.8	0.92231144
452	0.9226254
452.2	0.92291816
452.4	0.92321092
452.6	0.92320846
452.8	0.92291078
453	0.9226131
453.2	0.92258818
453.4	0.92256326
453.6	0.92255252
453.8	0.92255596
454	0.9225594
454.2	0.92262608
454.4	0.92269276
454.6	0.9228653
454.8	0.9231437
455	0.9234221
455.2	0.92352002
455.4	0.92361794
455.6	0.9236765
455.8	0.9236957
456	0.9237149
456.2	0.92340926
456.4	0.92310362
456.6	0.92269404
456.8	0.92218052
457	0.921667
457.2	0.92093548
457.4	0.92020396
457.6	0.91961092
457.8	0.91915636
458	0.9187018
458.2	0.91814256
458.4	0.91758332
458.6	0.91689918
458.8	0.91609014
459	0.9152811
459.2	0.91472982
459.4	0.91417854
459.6	0.91378214
459.8	0.91354062
460	0.9132991
460.2	0.91332314
460.4	0.91334718
460.6	0.91339858
460.8	0.91347734
461	0.9135561
461.2	0.91388698
461.4	0.91421786
461.6	0.91466368
461.8	0.91522444
462	0.9157852
462.2	0.9162446
462.4	0.916704
462.6	0.91720566
462.8	0.91774958
463	0.9182935
463.2	0.9188359
463.4	0.9193783
463.6	0.9199284
463.8	0.9204862
464	0.921044
464.2	0.92158384
464.4	0.92212368
464.6	0.92255046
464.8	0.92286418
465	0.9231779
465.2	0.92331242
465.4	0.92344694
465.6	0.9233987
465.8	0.9231677
466	0.9229367
466.2	0.9224803
466.4	0.9220239
466.6	0.9212497
466.8	0.9201577
467	0.9190657
467.2	0.91724398
467.4	0.91542226
467.6	0.91237586
467.8	0.90810478
468	0.9038337
468.2	0.89566106
468.4	0.88748842
468.6	0.87745162
468.8	0.86555066
469	0.8536497
469.2	0.83832218
469.4	0.82299466
469.6	0.80637588
469.8	0.78846584
470	0.7705558
470.2	0.75074132
470.4	0.73092684
470.6	0.71088722
470.8	0.69062246
471	0.6703577
471.2	0.64932802
471.4	0.62829834
471.6	0.6063262
471.8	0.5834116
472	0.560497
472.2	0.53546292
472.4	0.51042884
472.6	0.48459036
472.8	0.45794748
473	0.4313046
473.2	0.40418704
473.4	0.37706948
473.6	0.35031312
473.8	0.32391796
474	0.2975228
474.2	0.2731952
474.4	0.2488676
474.6	0.22623676
474.8	0.20530268
475	0.1843686
475.2	0.16668452
475.4	0.14900044
475.6	0.13273904
475.8	0.11790032
476	0.1030616
476.2	0.089617442
476.4	0.077927044
476.6	0.066981429
476.8	0.056910338
477	0.0483535
477.2	0.040245518
477.4	0.033497094
477.6	0.027726548
477.8	0.022823569
478	0.0187876
478.2	0.015541402
478.4	0.012856095
478.6	0.010734693
478.8	0.009047567
479	0.0076256
479.2	0.006557303
479.4	0.005638667
479.6	0.00490242
479.8	0.004309505
480	0.0037883
480.2	0.003391712
480.4	0.003036642
480.6	0.002747615
480.8	0.002512498
481	0.0022975
481.2	0.002152202
481.4	0.002016092
481.6	0.001893179
481.8	0.00178208
482	0.0016775
482.2	0.001625497
482.4	0.001575106
482.6	0.001543151
482.8	0.001528556
483	0.0015141
483.2	0.001535591
483.4	0.001557386
483.6	0.001600019
483.8	0.001665183
484	0.001733
484.2	0.001822058
484.4	0.001915693
484.6	0.002047523
484.8	0.002224696
485	0.0024172
485.2	0.002665955
485.4	0.00294031
485.6	0.003253013
485.8	0.003610197
486	0.0040066
486.2	0.004449016
486.4	0.004940283
486.6	0.005461465
486.8	0.006010851
487	0.0066155
487.2	0.007125587
487.4	0.007675004
487.6	0.00818196
487.8	0.008632903
488	0.0091087
488.2	0.009437505
488.4	0.009778179
488.6	0.010065646
488.8	0.01029457
489	0.0105287
489.2	0.010628075
489.4	0.010728389
489.6	0.010791232
489.8	0.010815938
490	0.0108407
490.2	0.010809071
490.4	0.010777534
490.6	0.010732905
490.8	0.010675348
491	0.0106181
491.2	0.010582008
491.4	0.010546039
491.6	0.01052852
491.8	0.01052936
492	0.0105302
492.2	0.010506199
492.4	0.010482253
492.6	0.010436361
492.8	0.010368812
493	0.0103017
493.2	0.010191904
493.4	0.010083278
493.6	0.009951912
493.8	0.009798727
494	0.0096479
494.2	0.009422651
494.4	0.009202661
494.6	0.00894912
494.8	0.008665103
495	0.0083901
495.2	0.008037292
495.4	0.007699319
495.6	0.007332358
495.8	0.006941988
496	0.0065724
496.2	0.006161848
496.4	0.005776941
496.6	0.005405555
496.8	0.005048216
497	0.0047145
497.2	0.004374268
497.4	0.00405859
497.6	0.003736677
497.8	0.003413788
498	0.0031188
498.2	0.002831961
498.4	0.002571503
498.6	0.002333312
498.8	0.002115654
499	0.0019183
499.2	0.001766942
499.4	0.001627527
499.6	0.001516866
499.8	0.001430473
500	0.001349
500.2	0.001281185
500.4	0.001216779
500.6	0.001167802
500.8	0.001132621
501	0.0010985
501.2	0.001090779
501.4	0.001083113
501.6	0.001090063
501.8	0.001111913
502	0.0011342
502.2	0.001179136
502.4	0.001225852
502.6	0.001277146
502.8	0.001333433
503	0.0013922
503.2	0.001474441
503.4	0.00156154
503.6	0.001666126
503.8	0.001790985
504	0.0019252
504.2	0.002118763
504.4	0.002331786
504.6	0.002593421
504.8	0.002914976
505	0.0032764
505.2	0.003736177
505.4	0.004260474
505.6	0.004899693
505.8	0.00568277
506	0.006591
506.2	0.007787011
506.4	0.009200052
506.6	0.010932487
506.8	0.013066429
507	0.0156169
507.2	0.018694205
507.4	0.022377893
507.6	0.026638597
507.8	0.031534323
508	0.0373298
508.2	0.043108144
508.4	0.049780928
508.6	0.056644466
508.8	0.063510105
509	0.0712079
509.2	0.077980398
509.4	0.08539702
509.6	0.092657387
509.8	0.099608741
510	0.1070816
510.2	0.11375924
510.4	0.12043688
510.6	0.12697992
510.8	0.13338836
511	0.1397968
511.2	0.14626536
511.4	0.15273392
511.6	0.15967334
511.8	0.16708362
512	0.1744939
512.2	0.1842625
512.4	0.1940311
512.6	0.20625586
512.8	0.22093678
513	0.2356177
513.2	0.25664922
513.4	0.27768074
513.6	0.30131916
513.8	0.32756448
514	0.3538098
514.2	0.383592
514.4	0.4133742
514.6	0.44365002
514.8	0.47441946
515	0.5051889
515.2	0.53490942
515.4	0.56462994
515.6	0.59339284
515.8	0.62119812
516	0.6490034
516.2	0.6736688
516.4	0.6983342
516.6	0.72133384
516.8	0.74266772
517	0.7640016
517.2	0.78202736
517.4	0.80005312
517.6	0.81647658
517.8	0.83129774
518	0.8461189
518.2	0.85734106
518.4	0.86856322
518.6	0.8780366
518.8	0.8857612
519	0.8934858
519.2	0.89836768
519.4	0.90324956
519.6	0.90713538
519.8	0.91002514
520	0.9129149
520.2	0.9143527
520.4	0.9157905
520.6	0.9170982
520.8	0.9182758
521	0.9194534
521.2	0.92021648
521.4	0.92097956
521.6	0.9216059
521.8	0.9220955
522	0.9225851
522.2	0.92270494
522.4	0.92282478
522.6	0.92302292
522.8	0.92329936
523	0.9235758
523.2	0.92359724
523.4	0.92361868
523.6	0.92378848
523.8	0.92410664
524	0.9244248
524.2	0.92506752
524.4	0.92571024
524.6	0.92627826
524.8	0.92677158
525	0.9272649
525.2	0.92796066
525.4	0.92865642
525.6	0.92915396
525.8	0.92945328
526	0.9297526
526.2	0.93030064
526.4	0.93084868
526.6	0.93142934
526.8	0.93204262
527	0.9326559
527.2	0.9329429
527.4	0.9332299
527.6	0.93339016
527.8	0.93342368
528	0.9334572
528.2	0.93345432
528.4	0.93345144
528.6	0.93342448
528.8	0.93337344
529	0.9333224
529.2	0.93343608
529.4	0.93354976
529.6	0.93330934
529.8	0.93271482
530	0.9321203
530.2	0.93177286
530.4	0.93142542
530.6	0.9309754
530.8	0.9304228
531	0.9298702
531.2	0.92892736
531.4	0.92798452
531.6	0.92734848
531.8	0.92701924
532	0.92669
532.2	0.92601124
532.4	0.92533248
532.6	0.9248692
532.8	0.9246214
533	0.9243736
533.2	0.92415988
533.4	0.92394616
533.6	0.92376318
533.8	0.92361094
534	0.9234587
534.2	0.92390358
534.4	0.92434846
534.6	0.92494006
534.8	0.92567838
535	0.9264167
535.2	0.9267013
535.4	0.9269859
535.6	0.92777572
535.8	0.92907076
536	0.9303658
536.2	0.93078832
536.4	0.93121084
536.6	0.93173534
536.8	0.93236182
537	0.9329883
537.2	0.93406338
537.4	0.93513846
537.6	0.935944
537.8	0.93648
538	0.937016
538.2	0.93719808
538.4	0.93738016
538.6	0.93754206
538.8	0.93768378
539	0.9378255
539.2	0.9376887
539.4	0.9375519
539.6	0.93724906
539.8	0.93678018
540	0.9363113
540.2	0.9351229
540.4	0.9339345
540.6	0.93292442
540.8	0.93209266
541	0.9312609
541.2	0.9295211
541.4	0.9277813
541.6	0.92644226
541.8	0.92550398
542	0.9245657
542.2	0.92346838
542.4	0.92237106
542.6	0.92110552
542.8	0.91967176
543	0.918238
543.2	0.91704904
543.4	0.91586008
543.6	0.91476038
543.8	0.91374994
544	0.9127395
544.2	0.9123731
544.4	0.9120067
544.6	0.91095996
544.8	0.90923288
545	0.9075058
545.2	0.90474764
545.4	0.90198948
545.6	0.89796878
545.8	0.89268554
546	0.8874023
546.2	0.87809162
546.4	0.86878094
546.6	0.85764836
546.8	0.84469388
547	0.8317394
547.2	0.81584008
547.4	0.79994076
547.6	0.78227556
547.8	0.76284448
548	0.7434134
548.2	0.72216536
548.4	0.70091732
548.6	0.67921012
548.8	0.65704376
549	0.6348774
549.2	0.61214304
549.4	0.58940868
549.6	0.56722674
549.8	0.54559722
550	0.5239677
550.2	0.50321702
550.4	0.48246634
550.6	0.46248154
550.8	0.44326262
551	0.4240437
551.2	0.40629678
551.4	0.38854986
551.6	0.37161042
551.8	0.35547846
552	0.3393465
552.2	0.32420426
552.4	0.30906202
552.6	0.29432886
552.8	0.28000478
553	0.2656807
553.2	0.25272474
553.4	0.23976878
553.6	0.22736292
553.8	0.21550716
554	0.2036514
554.2	0.19333216
554.4	0.18301292
554.6	0.17306682
554.8	0.16349386
555	0.1539209
555.2	0.14501846
555.4	0.13611602
555.6	0.1275457
555.8	0.1193075
556	0.1110693
556.2	0.1034743
556.4	0.0958793
556.6	0.088273352
556.8	0.081122487
557	0.0745509
557.2	0.06804402
557.4	0.062105068
557.6	0.0564359
557.8	0.051059342
558	0.046195
558.2	0.041624281
558.4	0.037505807
558.6	0.0337886
558.8	0.030434193
559	0.0274128
559.2	0.024822051
559.4	0.022476151
559.6	0.020416129
559.8	0.018603388
560	0.0169516
560.2	0.015598391
560.4	0.014353206
560.6	0.013295398
560.8	0.012397585
561	0.0115604
561.2	0.01087345
561.4	0.010227321
561.6	0.009673128
561.8	0.009199888
562	0.0087498
562.2	0.008398195
562.4	0.008060718
562.6	0.007758457
562.8	0.007488429
563	0.0072278
563.2	0.007050595
563.4	0.006877734
563.6	0.00672849
563.8	0.006601497
564	0.0064769
564.2	0.00630901
564.4	0.006145472
564.6	0.006003347
564.8	0.005881334
565	0.0057618
565.2	0.005639252
565.4	0.005519311
565.6	0.005412469
565.8	0.005318061
566	0.0052253
566.2	0.005104825
566.4	0.004987127
566.6	0.004867973
566.8	0.004747598
567	0.0046302
567.2	0.004496728
567.4	0.004367104
567.6	0.004233593
567.8	0.004096786
568	0.0039644
568.2	0.003836691
568.4	0.003713096
568.6	0.003587443
568.8	0.003460215
569	0.0033375
569.2	0.003200895
569.4	0.003069882
569.6	0.002949356
569.8	0.002838494
570	0.0027318
570.2	0.002621311
570.4	0.002515291
570.6	0.002416706
570.8	0.002325014
571	0.0022368
571.2	0.002152386
571.4	0.002071157
571.6	0.001973702
571.8	0.001862625
572	0.0017578
572.2	0.001722881
572.4	0.001688657
572.6	0.001646825
572.8	0.001597988
573	0.0015506
573.2	0.001524758
573.4	0.001499346
573.6	0.001468453
573.8	0.001432435
574	0.0013973
574.2	0.001381038
574.4	0.001364966
574.6	0.001355557
574.8	0.001352675
575	0.0013498
575.2	0.001358399
575.4	0.001367053
575.6	0.001385065
575.8	0.001412805
576	0.0014411
576.2	0.001497815
576.4	0.001556762
576.6	0.001620062
576.8	0.001688054
577	0.0017589
577.2	0.001834975
577.4	0.001914339
577.6	0.001994663
577.8	0.002075782
578	0.0021602
578.2	0.002362493
578.4	0.00258373
578.6	0.002809875
578.8	0.003038719
579	0.0032862
579.2	0.003528336
579.4	0.003788314
579.6	0.004054961
579.8	0.004327052
580	0.0046174
580.2	0.004887257
580.4	0.005172886
580.6	0.005456805
580.8	0.005736961
581	0.0060315
581.2	0.006282417
581.4	0.006543773
581.6	0.006773423
581.8	0.006967336
582	0.0071668
582.2	0.007281421
582.4	0.007397876
582.6	0.007482956
582.8	0.007535543
583	0.0075885
583.2	0.00759042
583.4	0.00759234
583.6	0.007562694
583.8	0.007501852
584	0.0074415
584.2	0.007307455
584.4	0.007175824
584.6	0.007032197
584.8	0.006877395
585	0.006726
585.2	0.006535242
585.4	0.006349893
585.6	0.006161092
585.8	0.005969466
586	0.0057838
586.2	0.005590123
586.4	0.005402932
586.6	0.005207967
586.8	0.005006538
587	0.0048129
587.2	0.004610053
587.4	0.004415756
587.6	0.004226563
587.8	0.004042524
588	0.0038665
588.2	0.003708618
588.4	0.003557183
588.6	0.003426528
588.8	0.003314792
589	0.0032067
589.2	0.003136884
589.4	0.003068588
589.6	0.003017049
589.8	0.002981465
590	0.0029463
590.2	0.00294566
590.4	0.00294502
590.6	0.002960314
590.8	0.002991789
591	0.0030236
591.2	0.003096786
591.4	0.003171744
591.6	0.003269263
591.8	0.003391304
592	0.0035179
592.2	0.003670762
592.4	0.003830267
592.6	0.004010135
592.8	0.004212558
593	0.0044252
593.2	0.004704519
593.4	0.005001469
593.6	0.005339259
593.8	0.00572355
594	0.0061355
594.2	0.006651147
594.4	0.00721013
594.6	0.007856205
594.8	0.008604103
595	0.0094232
595.2	0.010426998
595.4	0.011537725
595.6	0.012818188
595.8	0.014298112
596	0.0159489
596.2	0.017992833
596.4	0.020298707
596.6	0.022990961
596.8	0.026143624
597	0.0297286
597.2	0.033913498
597.4	0.038687504
597.6	0.044136963
597.8	0.05035792
598	0.0574557
598.2	0.065072421
598.4	0.073698867
598.6	0.082948231
598.8	0.092776058
599	0.1037683
599.2	0.11502102
599.4	0.12627374
599.6	0.13786416
599.8	0.14979228
600	0.1617204
600.2	0.17371836
600.4	0.18571632
600.6	0.19746878
600.8	0.20897574
601	0.2204827
601.2	0.2312835
601.4	0.2420843
601.6	0.25229516
601.8	0.26191608
602	0.271537
602.2	0.28039048
602.4	0.28924396
602.6	0.29781498
602.8	0.30610354
603	0.3143921
603.2	0.32271402
603.4	0.33103594
603.6	0.33968602
603.8	0.34866426
604	0.3576425
604.2	0.36844894
604.4	0.37925538
604.6	0.39130452
604.8	0.40459636
605	0.4178882
605.2	0.43290444
605.4	0.44792068
605.6	0.46359488
605.8	0.47992704
606	0.4962592
606.2	0.51321128
606.4	0.53016336
606.6	0.5470322
606.8	0.5638178
607	0.5806034
607.2	0.59728744
607.4	0.61397148
607.6	0.6305249
607.8	0.6469477
608	0.6633705
608.2	0.67906502
608.4	0.69475954
608.6	0.7097952
608.8	0.724172
609	0.7385488
609.2	0.75188584
609.4	0.76522288
609.6	0.77800228
609.8	0.79022404
610	0.8024458
610.2	0.8134302
610.4	0.8244146
610.6	0.83461392
610.8	0.84402816
611	0.8534424
611.2	0.86096856
611.4	0.86849472
611.6	0.87508232
611.8	0.88073136
612	0.8863804
612.2	0.89044528
612.4	0.89451016
612.6	0.89795294
612.8	0.90077362
613	0.9035943
613.2	0.90586154
613.4	0.90812878
613.6	0.9101592
613.8	0.9119528
614	0.9137464
614.2	0.91513372
614.4	0.91652104
614.6	0.91811344
614.8	0.91991092
615	0.9217084
615.2	0.92348772
615.4	0.92526704
615.6	0.9267588
615.8	0.927963
616	0.9291672
616.2	0.92993004
616.4	0.93069288
616.6	0.93148196
616.8	0.93229728
617	0.9331126
617.2	0.933796
617.4	0.9344794
617.6	0.93491194
617.8	0.93509362
618	0.9352753
618.2	0.93549326
618.4	0.93571122
618.6	0.93593866
618.8	0.93617558
619	0.9364125
619.2	0.93605666
619.4	0.93570082
619.6	0.93539126
619.8	0.93512798
620	0.9348647
620.2	0.93454014
620.4	0.93421558
620.6	0.93380686
620.8	0.93331398
621	0.9328211
621.2	0.93270562
621.4	0.93259014
621.6	0.9323513
621.8	0.9319891
622	0.9316269
622.2	0.93151046
622.4	0.93139402
622.6	0.93130202
622.8	0.93123446
623	0.9311669
623.2	0.93141958
623.4	0.93167226
623.6	0.9319699
623.8	0.9323125
624	0.9326551
624.2	0.93265578
624.4	0.93265646
624.6	0.93279942
624.8	0.93308466
625	0.9333699
625.2	0.93348906
625.4	0.93360822
625.6	0.9338382
625.8	0.934179
626	0.9345198
626.2	0.93440536
626.4	0.93429092
626.6	0.93414512
626.8	0.93396796
627	0.9337908
627.2	0.93365112
627.4	0.93351144
627.6	0.93321348
627.8	0.93275724
628	0.932301
628.2	0.93217604
628.4	0.93205108
628.6	0.9318105
628.8	0.9314543
629	0.9310981
629.2	0.9308269
629.4	0.9305557
629.6	0.93041052
629.8	0.93039136
630	0.9303722
630.2	0.93004624
630.4	0.92972028
630.6	0.92948308
630.8	0.92933464
631	0.9291862
631.2	0.92915316
631.4	0.92912012
631.6	0.9291906
631.8	0.9293646
632	0.9295386
632.2	0.92921388
632.4	0.92888916
632.6	0.9286008
632.8	0.9283488
633	0.9280968
633.2	0.92825896
633.4	0.92842112
633.6	0.92871022
633.8	0.92912626
634	0.9295423
634.2	0.92979438
634.4	0.93004646
634.6	0.93009258
634.8	0.92993274
635	0.9297729
635.2	0.93002026
635.4	0.93026762
635.6	0.93069026
635.8	0.93128818
636	0.9318861
636.2	0.93235414
636.4	0.93282218
636.6	0.93315264
636.8	0.93334552
637	0.9335384
637.2	0.93403156
637.4	0.93452472
637.6	0.93498336
637.8	0.93540748
638	0.9358316
638.2	0.93602028
638.4	0.93620896
638.6	0.93650774
638.8	0.93691662
639	0.9373255
639.2	0.93781858
639.4	0.93831166
639.6	0.93869534
639.8	0.93896962
640	0.9392439
640.2	0.93948854
640.4	0.93973318
640.6	0.939959
640.8	0.940166
641	0.940373
641.2	0.93998592
641.4	0.93959884
641.6	0.9391811
641.8	0.9387327
642	0.9382843
642.2	0.93783418
642.4	0.93738406
642.6	0.93693092
642.8	0.93647476
643	0.9360186
643.2	0.93569532
643.4	0.93537204
643.6	0.93482808
643.8	0.93406344
644	0.9332988
644.2	0.93288812
644.4	0.93247744
644.6	0.932118
644.8	0.9318098
645	0.9315016
645.2	0.93071596
645.4	0.92993032
645.6	0.92924696
645.8	0.92866588
646	0.9280848
646.2	0.9279244
646.4	0.927764
646.6	0.92745924
646.8	0.92701012
647	0.926561
647.2	0.92629892
647.4	0.92603684
647.6	0.9257627
647.8	0.9254765
648	0.9251903
648.2	0.92446562
648.4	0.92374094
648.6	0.92293536
648.8	0.92204888
649	0.9211624
649.2	0.91926388
649.4	0.91736536
649.6	0.9147716
649.8	0.9114826
650	0.9081936
650.2	0.90373468
650.4	0.89927576
650.6	0.89405684
650.8	0.88807792
651	0.882099
651.2	0.87445388
651.4	0.86680876
651.6	0.85832032
651.8	0.84898856
652	0.8396568
652.2	0.82882736
652.4	0.81799792
652.6	0.80641574
652.8	0.79408082
653	0.7817459
653.2	0.76789778
653.4	0.75404966
653.6	0.73960108
653.8	0.72455204
654	0.709503
654.2	0.6938362
654.4	0.6781694
654.6	0.6624164
654.8	0.6465772
655	0.630738
655.2	0.61504988
655.4	0.59936176
655.6	0.58368874
655.8	0.56803082
656	0.5523729
656.2	0.5368659
656.4	0.5213589
656.6	0.50624294
656.8	0.49151802
657	0.4767931
657.2	0.46284366
657.4	0.44889422
657.6	0.43535718
657.8	0.42223254
658	0.4091079
658.2	0.39715374
658.4	0.38519958
658.6	0.37379316
658.8	0.36293448
659	0.3520758
659.2	0.34225424
659.4	0.33243268
659.6	0.32312644
659.8	0.31433552
660	0.3055446
660.2	0.29765644
660.4	0.28976828
660.6	0.28235132
660.8	0.27540556
661	0.2684598
661.2	0.26259392
661.4	0.25672804
661.6	0.25126912
661.8	0.24621716
662	0.2411652
662.2	0.23680828
662.4	0.23245136
662.6	0.2284446
662.8	0.224788
663	0.2211314
663.2	0.21811512
663.4	0.21509884
663.6	0.21233446
663.8	0.20982198
664	0.2073095
664.2	0.20524542
664.4	0.20318134
664.6	0.20134204
664.8	0.19972752
665	0.198113
665.2	0.1968582
665.4	0.1956034
665.6	0.1944032
665.8	0.1932576
666	0.192112
666.2	0.19114348
666.4	0.19017496
666.6	0.18926682
666.8	0.18841906
667	0.1875713
667.2	0.1867729
667.4	0.1859745
667.6	0.18518172
667.8	0.18439456
668	0.1836074
668.2	0.18278632
668.4	0.18196524
668.6	0.18107594
668.8	0.18011842
669	0.1791609
669.2	0.17829418
669.4	0.17742746
669.6	0.17655388
669.8	0.17567344
670	0.174793
670.2	0.17389024
670.4	0.17298748
670.6	0.17204638
670.8	0.17106694
671	0.1700875
671.2	0.16913954
671.4	0.16819158
671.6	0.16732476
671.8	0.16653908
672	0.1657534
672.2	0.16501488
672.4	0.16427636
672.6	0.16360718
672.8	0.16300734
673	0.1624075
673.2	0.16220038
673.4	0.16199326
673.6	0.1619403
673.8	0.1620415
674	0.1621427
674.2	0.16253542
674.4	0.16292814
674.6	0.16344418
674.8	0.16408354
675	0.1647229
675.2	0.1660297
675.4	0.1673365
675.6	0.16908708
675.8	0.17128144
676	0.1734758
676.2	0.17627088
676.4	0.17906596
676.6	0.1822198
676.8	0.1857324
677	0.189245
677.2	0.19411572
677.4	0.19898644
677.6	0.20453174
677.8	0.21075162
678	0.2169715
678.2	0.2244985
678.4	0.2320255
678.6	0.24055354
678.8	0.25008262
679	0.2596117
679.2	0.2712505
679.4	0.2828893
679.6	0.29557624
679.8	0.30931132
680	0.3230464
680.2	0.33895244
680.4	0.35485848
680.6	0.37135414
680.8	0.38843942
681	0.4055247
681.2	0.42219858
681.4	0.43887246
681.6	0.45443502
681.8	0.46888626
682	0.4833375
682.2	0.4952483
682.4	0.5071591
682.6	0.51760254
682.8	0.52657862
683	0.5355547
683.2	0.54079782
683.4	0.54604094
683.6	0.54956296
683.8	0.55136388
684	0.5531648
684.2	0.5518214
684.4	0.550478
684.6	0.5474669
684.8	0.5427881
685	0.5381093
685.2	0.53054466
685.4	0.52298002
685.6	0.51437852
685.8	0.50474016
686	0.4951018
686.2	0.48377524
686.4	0.47244868
686.6	0.46087696
686.8	0.44906008
687	0.4372432
687.2	0.42476428
687.4	0.41228536
687.6	0.39943512
687.8	0.38621356
688	0.372992
688.2	0.35994596
688.4	0.34689992
688.6	0.3338343
688.8	0.3207491
689	0.3076639
689.2	0.29509466
689.4	0.28252542
689.6	0.27041694
689.8	0.25876922
690	0.2471215
690.2	0.23648798
690.4	0.22585446
690.6	0.2159829
690.8	0.2068733
691	0.1977637
691.2	0.1901221
691.4	0.1824805
691.6	0.17564974
691.8	0.16962982
692	0.1636099
692.2	0.1589395
692.4	0.1542691
692.6	0.1501224
692.8	0.1464994
693	0.1428764
693.2	0.14010784
693.4	0.13733928
693.6	0.13487114
693.8	0.13270342
694	0.1305357
694.2	0.12899766
694.4	0.12745962
694.6	0.12609814
694.8	0.12491322
695	0.1237283
695.2	0.12304954
695.4	0.12237078
695.6	0.12182448
695.8	0.12141064
696	0.1209968
696.2	0.1210422
696.4	0.1210876
696.6	0.12124574
696.8	0.12151662
697	0.1217875
697.2	0.1224425
697.4	0.1230975
697.6	0.12385488
697.8	0.12471464
698	0.1255744
698.2	0.12715796
698.4	0.12874152
698.6	0.13042412
698.8	0.13220576
699	0.1339874
699.2	0.13637636
699.4	0.13876532
699.6	0.1414581
699.8	0.1444547
700	0.1474513
700.2	0.15121474
700.4	0.15497818
700.6	0.1593187
700.8	0.1642363
701	0.1691539
701.2	0.17531598
701.4	0.18147806
701.6	0.18846582
701.8	0.19627926
702	0.2040927
702.2	0.21359974
702.4	0.22310678
702.6	0.2333131
702.8	0.2442187
703	0.2551243
703.2	0.26658782
703.4	0.27805134
703.6	0.28957662
703.8	0.30116366
704	0.3127507
704.2	0.32355214
704.4	0.33435358
704.6	0.34464768
704.8	0.35443444
705	0.3642212
705.2	0.37265688
705.4	0.38109256
705.6	0.38840502
705.8	0.39459426
706	0.4007835
706.2	0.4051271
706.4	0.4094707
706.6	0.41262772
706.8	0.41459816
707	0.4165686
707.2	0.41615676
707.4	0.41574492
707.6	0.41435866
707.8	0.41199798
708	0.4096373
708.2	0.40483406
708.4	0.40003082
708.6	0.39446166
708.8	0.38812658
709	0.3817915
709.2	0.37433482
709.4	0.36687814
709.6	0.35909782
709.8	0.35099386
710	0.3428899
710.2	0.33355322
710.4	0.32421654
710.6	0.31465622
710.8	0.30487226
711	0.2950883
711.2	0.2849771
711.4	0.2748659
711.6	0.264649
711.8	0.2543264
712	0.2440038
712.2	0.23417156
712.4	0.22433932
712.6	0.21456166
712.8	0.20483858
713	0.1951155
713.2	0.18629462
713.4	0.17747374
713.6	0.16909536
713.8	0.16115948
714	0.1532236
714.2	0.14637004
714.4	0.13951648
714.6	0.13312514
714.8	0.12719602
715	0.1212669
715.2	0.11630722
715.4	0.11134754
715.6	0.10667296
715.8	0.10228348
716	0.097894
716.2	0.094152348
716.4	0.090553707
716.6	0.087358091
716.8	0.084532137
717	0.0817976
717.2	0.079132595
717.4	0.076554417
717.6	0.074157339
717.8	0.071929505
718	0.0697686
718.2	0.06794634
718.4	0.066171674
718.6	0.064531857
718.8	0.063019097
719	0.0615418
719.2	0.060256952
719.4	0.058998928
719.6	0.057842148
719.8	0.056781652
720	0.0557406
720.2	0.05476573
720.4	0.05380791
720.6	0.05291602
720.8	0.052087321
721	0.0512716
721.2	0.050597242
721.4	0.049931754
721.6	0.049266504
721.8	0.048601717
722	0.0479459
722.2	0.047517716
722.4	0.047093357
722.6	0.046668188
722.8	0.046242301
723	0.0458203
723.2	0.045434386
723.4	0.045051722
723.6	0.044758326
723.8	0.044552489
724	0.0443476
724.2	0.044308294
724.4	0.044269023
724.6	0.044192655
724.8	0.044079382
725	0.0439664
725.2	0.043978158
725.4	0.043989918
725.6	0.044144866
725.8	0.044444516
726	0.0447462
726.2	0.044963488
726.4	0.045181831
726.6	0.045494589
726.8	0.045903705
727	0.0463165
727.2	0.046881245
727.4	0.047452876
727.6	0.048213333
727.8	0.049171446
728	0.0501486
728.2	0.051451464
728.4	0.052788177
728.6	0.054297816
728.8	0.055993142
729	0.0577414
729.2	0.060213272
729.4	0.062790964
729.6	0.065711558
729.8	0.069012233
730	0.0724787
730.2	0.077175137
730.4	0.082175891
730.6	0.088214193
730.8	0.095468377
731	0.1033191
731.2	0.11419718
731.4	0.12507526
731.6	0.1365271
731.8	0.1485527
732	0.1605783
732.2	0.17216894
732.4	0.18375958
732.6	0.1949806
732.8	0.205832
733	0.2166834
733.2	0.22661256
733.4	0.23654172
733.6	0.24580078
733.8	0.25438974
734	0.2629787
734.2	0.2691375
734.4	0.2752963
734.6	0.28065264
734.8	0.28520652
735	0.2897604
735.2	0.2917038
735.4	0.2936472
735.6	0.29434156
735.8	0.29378688
736	0.2932322
736.2	0.29040004
736.4	0.28756788
736.6	0.2836333
736.8	0.2785963
737	0.2735593
737.2	0.26702382
737.4	0.26048834
737.6	0.25373042
737.8	0.24675006
738	0.2397697
738.2	0.2322807
738.4	0.2247917
738.6	0.21696334
738.8	0.20879562
739	0.2006279
739.2	0.1925719
739.4	0.1845159
739.6	0.1763718
739.8	0.1681396
740	0.1599074
740.2	0.15207156
740.4	0.14423572
740.6	0.1363376
740.8	0.1283772
741	0.1204168
741.2	0.11262412
741.4	0.10483144
741.6	0.096580102
741.8	0.088425707
742	0.0809598
742.2	0.073233304
742.4	0.066244196
742.6	0.060138706
742.8	0.05479329
743	0.049923
743.2	0.045578479
743.4	0.041612038
743.6	0.038161575
743.8	0.035154566
744	0.0323845
744.2	0.03027625
744.4	0.028305248
744.6	0.026534509
744.8	0.024942177
745	0.0234454
745.2	0.022364301
745.4	0.021333053
745.6	0.020399977
745.8	0.01955624
746	0.0187474
746.2	0.018147395
746.4	0.017566593
746.6	0.01709302
746.8	0.016718916
747	0.016353
747.2	0.015996017
747.4	0.015646826
747.6	0.015400158
747.8	0.01525136
748	0.015104
748.2	0.014954045
748.4	0.014805579
748.6	0.01471986
748.8	0.014695811
749	0.0146718
749.2	0.014714427
749.4	0.014757178
749.6	0.014850595
749.8	0.014995639
750	0.0151421
750.2	0.015323075
750.4	0.015506212
750.6	0.015771255
750.8	0.01612232
751	0.0164812
751.2	0.016916192
751.4	0.017362664
751.6	0.017839631
751.8	0.018348945
752	0.0188728
752.2	0.019590331
752.4	0.020335142
752.6	0.021154982
752.8	0.022056579
753	0.0229966
753.2	0.024137109
753.4	0.025334181
753.6	0.026583369
753.8	0.027886542
754	0.0292536
754.2	0.030736249
754.4	0.032294042
754.6	0.034009189
754.8	0.035898183
755	0.0378921
755.2	0.039907811
755.4	0.042030749
755.6	0.044182439
755.8	0.046355957
756	0.0486364
756.2	0.050850289
756.4	0.053164952
756.6	0.055369406
756.8	0.057441626
757	0.0595914
757.2	0.061508383
757.4	0.063487033
757.6	0.065357747
757.8	0.067107404
758	0.0689039
758.2	0.070486881
758.4	0.072106228
758.6	0.073516291
758.8	0.07470346
759	0.0759098
759.2	0.076798619
759.4	0.077697846
759.6	0.078436847
759.8	0.079010873
760	0.0795891
760.2	0.079561933
760.4	0.079534775
760.6	0.079406228
760.8	0.079176783
761	0.078948
761.2	0.078459859
761.4	0.077974736
761.6	0.077380757
761.8	0.076680459
762	0.0759865
762.2	0.074969229
762.4	0.073965576
762.6	0.072879605
762.8	0.071715353
763	0.0705697
763.2	0.069534376
763.4	0.068514241
763.6	0.067379214
763.8	0.066135529
764	0.0649148
764.2	0.063565891
764.4	0.062245011
764.6	0.061058602
764.8	0.059999974
765	0.0589597
765.2	0.057753083
765.4	0.05657116
765.6	0.055505511
765.8	0.054550439
766	0.0536118
766.2	0.052793333
766.4	0.05198736
766.6	0.051307689
766.8	0.05074966
767	0.0501977
767.2	0.04987026
767.4	0.049544956
767.6	0.049303383
767.8	0.049144335
768	0.0489858
768.2	0.049130957
768.4	0.049276545
768.6	0.049649432
768.8	0.050254776
769	0.0508675
769.2	0.051624549
769.4	0.052392865
769.6	0.053274863
769.8	0.054275877
770	0.0552957
770.2	0.056781196
770.4	0.058306599
770.6	0.060117378
770.8	0.062237408
771	0.0644322
771.2	0.066705607
771.4	0.069059228
771.6	0.071625876
771.8	0.074422973
772	0.0773293
772.2	0.080160524
772.4	0.083095406
772.6	0.086196912
772.8	0.0894756
773	0.092879
773.2	0.09589808
773.4	0.099015297
773.6	0.10192224
773.8	0.10454332
774	0.1071644
774.2	0.10940848
774.4	0.11165256
774.6	0.1137809
774.8	0.1157935
775	0.1178061
775.2	0.1189999
775.4	0.1201937
775.6	0.1210938
775.8	0.1217002
776	0.1223066
776.2	0.12271796
776.4	0.12312932
776.6	0.12318454
776.8	0.12288362
777	0.1225827
777.2	0.1217035
777.4	0.1208243
777.6	0.11979536
777.8	0.11861668
778	0.117438
778.2	0.11570816
778.4	0.11397832
778.6	0.11215026
778.8	0.11022398
779	0.1082977
779.2	0.1064399
779.4	0.1045821
779.6	0.10245936
779.8	0.10007168
780	0.097684
780.2	0.095281215
780.4	0.092937533
780.6	0.090584776
780.8	0.088226593
781	0.0859298
781.2	0.083521746
781.4	0.081181173
781.6	0.078814121
781.8	0.076426804
782	0.0741118
782.2	0.071884572
782.4	0.069724278
782.6	0.067590516
782.8	0.065484859
783	0.0634448
783.2	0.061587292
783.4	0.059784168
783.6	0.058200988
783.8	0.05682293
784	0.0554775
784.2	0.054360489
784.4	0.053265968
784.6	0.052242705
784.8	0.051287418
785	0.0503496
785.2	0.049940875
785.4	0.049535468
785.6	0.049277229
785.8	0.049163884
786	0.0490508
786.2	0.049081506
786.4	0.04911223
786.6	0.049324456
786.8	0.049720538
787	0.0501198
787.2	0.050851802
787.4	0.051594496
787.6	0.052523327
787.8	0.053647924
788	0.0547966
788.2	0.056357342
788.4	0.057962538
788.6	0.059789015
788.8	0.061854674
789	0.0639917
789.2	0.066470049
789.4	0.069044383
789.6	0.07199114
789.8	0.075349105
790	0.0788637
790.2	0.082825248
790.4	0.086985796
790.6	0.091486923
790.8	0.096359552
791	0.1014917
791.2	0.10739146
791.4	0.11329122
791.6	0.11954714
791.8	0.12615922
792	0.1327713
792.2	0.14025298
792.4	0.14773466
792.6	0.1555709
792.8	0.1637617
793	0.1719525
793.2	0.17927142
793.4	0.18659034
793.6	0.193565
793.8	0.2001954
794	0.2068258
794.2	0.2131984
794.4	0.219571
794.6	0.22543166
794.8	0.23078038
795	0.2361291
795.2	0.24023518
795.4	0.24434126
795.6	0.2475875
795.8	0.2499739
796	0.2523603
796.2	0.2539473
796.4	0.2555343
796.6	0.25647258
796.8	0.25676214
797	0.2570517
797.2	0.2559613
797.4	0.2548709
797.6	0.25349194
797.8	0.25182442
798	0.2501569
798.2	0.24775502
798.4	0.24535314
798.6	0.2425229
798.8	0.2392643
799	0.2360057
799.2	0.23234902
799.4	0.22869234
799.6	0.2248644
799.8	0.2208652
800	0.216866
800.2	0.21293328
800.4	0.20900056
800.6	0.20505026
800.8	0.20108238
801	0.1971145
801.2	0.19348434
801.4	0.18985418
801.6	0.1863446
801.8	0.1829556
802	0.1795666
802.2	0.1766484
802.4	0.1737302
802.6	0.17126828
802.8	0.16926264
803	0.167257
803.2	0.16579988
803.4	0.16434276
803.6	0.16364856
803.8	0.16371728
804	0.163786
804.2	0.16500156
804.4	0.16621712
804.6	0.16815538
804.8	0.17081634
805	0.1734773
805.2	0.1777099
805.4	0.1819425
805.6	0.18695984
805.8	0.19276192
806	0.198564
806.2	0.20573136
806.4	0.21289872
806.6	0.22026094
806.8	0.22781802
807	0.2353751
807.2	0.24323674
807.4	0.25109838
807.6	0.25921026
807.8	0.26757238
808	0.2759345
808.2	0.28409738
808.4	0.29226026
808.6	0.3001513
808.8	0.3077705
809	0.3153897
809.2	0.32296354
809.4	0.33053738
809.6	0.33764388
809.8	0.34428304
810	0.3509222
810.2	0.356038
810.4	0.3611538
810.6	0.36567656
810.8	0.36960628
811	0.373536
811.2	0.37633508
811.4	0.37913416
811.6	0.38143738
811.8	0.38324474
812	0.3850521
812.2	0.38522678
812.4	0.38540146
812.6	0.384871
812.8	0.3836354
813	0.3823998
813.2	0.38013444
813.4	0.37786908
813.6	0.3750571
813.8	0.3716985
814	0.3683399
814.2	0.36368106
814.4	0.35902222
814.6	0.35423558
814.8	0.34932114
815	0.3444067
815.2	0.33908102
815.4	0.33375534
815.6	0.32800738
815.8	0.32183714
816	0.3156669
816.2	0.3099089
816.4	0.3041509
816.6	0.29813842
816.8	0.29187146
817	0.2856045
817.2	0.27978022
817.4	0.27395594
817.6	0.26835026
817.8	0.26296318
818	0.2575761
818.2	0.25303122
818.4	0.24848634
818.6	0.2446387
818.8	0.2414883
819	0.2383379
819.2	0.23662782
819.4	0.23491774
819.6	0.23404712
819.8	0.23401596
820	0.2339848
820.2	0.2358084
820.4	0.237632
820.6	0.2401492
820.8	0.24336
821	0.2465708
821.2	0.25091576
821.4	0.25526072
821.6	0.26010814
821.8	0.26545802
822	0.2708079
822.2	0.2762487
822.4	0.2816895
822.6	0.2872645
822.8	0.2929737
823	0.2986829
823.2	0.30460082
823.4	0.31051874
823.6	0.31642418
823.8	0.32231714
824	0.3282101
824.2	0.33469758
824.4	0.34118506
824.6	0.34732166
824.8	0.35310738
825	0.3588931
825.2	0.36416078
825.4	0.36942846
825.6	0.37454336
825.8	0.37950548
826	0.3844676
826.2	0.38871512
826.4	0.39296264
826.6	0.3967417
826.8	0.4000523
827	0.4033629
827.2	0.40618086
827.4	0.40899882
827.6	0.41153334
827.8	0.41378442
828	0.4160355
828.2	0.41645314
828.4	0.41687078
828.6	0.41701988
828.8	0.41690044
829	0.416781
829.2	0.416473
829.4	0.416165
829.6	0.41511472
829.8	0.41332216
830	0.4115296
830.2	0.4093132
830.4	0.4070968
830.6	0.40471702
830.8	0.40217386
831	0.3996307
831.2	0.39594882
831.4	0.39226694
831.6	0.3889202
831.8	0.3859086
832	0.382897
832.2	0.38041124
832.4	0.37792548
832.6	0.3756307
832.8	0.3735269
833	0.3714231
833.2	0.36870738
833.4	0.36599166
833.6	0.36301568
833.8	0.35977944
834	0.3565432
834.2	0.35313184
834.4	0.34972048
834.6	0.34613544
834.8	0.34237672
835	0.338618
835.2	0.3351884
835.4	0.3317588
835.6	0.32835484
835.8	0.32497652
836	0.3215982
836.2	0.31845168
836.4	0.31530516
836.6	0.31183788
836.8	0.30804984
837	0.3042618
837.2	0.30035332
837.4	0.29644484
837.6	0.29264554
837.8	0.28895542
838	0.2852653
838.2	0.28147562
838.4	0.27768594
838.6	0.27419438
838.8	0.27100094
839	0.2678075
839.2	0.26490006
839.4	0.26199262
839.6	0.25957552
839.8	0.25764876
840	0.255722
840.2	0.25485948
840.4	0.25399696
840.6	0.2532832
840.8	0.2527182
841	0.2521532
841.2	0.2521558
841.4	0.2521584
841.6	0.2525122
841.8	0.2532172
842	0.2539222
842.2	0.25542512
842.4	0.25692804
842.6	0.25810646
842.8	0.25896038
843	0.2598143
843.2	0.2605991
843.4	0.2613839
843.6	0.26208948
843.8	0.26271584
844	0.2633422
844.2	0.26264132
844.4	0.26194044
844.6	0.2610347
844.8	0.2599241
845	0.2588135
845.2	0.25746782
845.4	0.25612214
845.6	0.25473812
845.8	0.25331576
846	0.2518934
846.2	0.24951272
846.4	0.24713204
846.6	0.24499902
846.8	0.24311366
847	0.2412283
847.2	0.23938574
847.4	0.23754318
847.6	0.23545058
847.8	0.23310794
848	0.2307653
848.2	0.22771974
848.4	0.22467418
848.6	0.2211626
848.8	0.217185
849	0.2132074
849.2	0.209817
849.4	0.2064266
849.6	0.20265806
849.8	0.19851138
850	0.1943647
