350.00	4.24700E-06
351.00	1.70000E-06
352.00	6.76600E-05
353.00	8.20300E-05
354.00	9.09800E-05
355.00	6.47900E-05
356.00	2.34200E-04
357.00	6.91000E-05
358.00	1.00200E-04
359.00	1.47600E-04
360.00	3.08500E-04
361.00	4.66300E-04
362.00	1.35000E-03
363.00	2.06000E-03
364.00	3.37700E-03
365.00	4.41300E-03
366.00	7.95500E-03
367.00	1.21600E-02
368.00	1.52400E-02
369.00	2.14800E-02
370.00	2.62600E-02
371.00	3.48600E-02
372.00	4.64000E-02
373.00	6.16900E-02
374.00	8.34800E-02
375.00	1.07500E-01
376.00	1.29700E-01
377.00	1.50400E-01
378.00	1.73900E-01
379.00	1.99500E-01
380.00	2.31300E-01
381.00	2.58400E-01
382.00	2.87400E-01
383.00	3.10500E-01
384.00	3.37700E-01
385.00	3.60200E-01
386.00	3.77400E-01
387.00	4.03100E-01
388.00	4.34200E-01
389.00	4.73700E-01
390.00	5.11900E-01
391.00	5.42700E-01
392.00	5.72700E-01
393.00	5.90800E-01
394.00	6.05400E-01
395.00	6.06400E-01
396.00	6.08000E-01
397.00	6.16800E-01
398.00	6.32400E-01
399.00	6.60500E-01
400.00	6.98800E-01
401.00	7.23600E-01
402.00	7.52300E-01
403.00	7.66400E-01
404.00	7.73200E-01
405.00	7.81400E-01
406.00	7.90000E-01
407.00	8.02900E-01
408.00	8.15000E-01
409.00	8.31500E-01
410.00	8.39500E-01
411.00	8.37900E-01
412.00	8.31400E-01
413.00	8.19600E-01
414.00	8.10600E-01
415.00	8.05400E-01
416.00	8.11200E-01
417.00	8.22300E-01
418.00	8.39400E-01
419.00	8.61500E-01
420.00	8.83700E-01
421.00	9.00900E-01
422.00	9.06500E-01
423.00	9.10900E-01
424.00	9.08500E-01
425.00	9.05200E-01
426.00	9.04900E-01
427.00	9.06100E-01
428.00	9.10100E-01
429.00	9.15400E-01
430.00	9.19900E-01
431.00	9.23700E-01
432.00	9.22900E-01
433.00	9.19600E-01
434.00	9.09800E-01
435.00	9.02400E-01
436.00	8.93200E-01
437.00	8.85700E-01
438.00	8.80800E-01
439.00	8.83700E-01
440.00	8.88000E-01
441.00	8.99100E-01
442.00	9.09600E-01
443.00	9.18200E-01
444.00	9.30800E-01
445.00	9.42500E-01
446.00	9.49900E-01
447.00	9.55400E-01
448.00	9.54400E-01
449.00	9.53700E-01
450.00	9.49400E-01
451.00	9.47000E-01
452.00	9.45200E-01
453.00	9.41300E-01
454.00	9.44400E-01
455.00	9.48400E-01
456.00	9.50700E-01
457.00	9.52500E-01
458.00	9.54500E-01
459.00	9.54000E-01
460.00	9.52100E-01
461.00	9.39200E-01
462.00	9.29700E-01
463.00	9.17000E-01
464.00	9.03700E-01
465.00	8.95400E-01
466.00	8.91200E-01
467.00	8.89000E-01
468.00	8.91700E-01
469.00	9.02900E-01
470.00	9.12400E-01
471.00	9.24000E-01
472.00	9.33400E-01
473.00	9.41900E-01
474.00	9.48300E-01
475.00	9.47500E-01
476.00	9.46000E-01
477.00	9.39800E-01
478.00	9.33800E-01
479.00	9.27900E-01
480.00	9.22300E-01
481.00	9.20500E-01
482.00	9.19800E-01
483.00	9.24300E-01
484.00	9.31900E-01
485.00	9.40400E-01
486.00	9.47000E-01
487.00	9.54700E-01
488.00	9.59100E-01
489.00	9.62800E-01
490.00	9.59000E-01
491.00	9.53400E-01
492.00	9.46500E-01
493.00	9.37600E-01
494.00	9.29300E-01
495.00	9.20900E-01
496.00	9.11900E-01
497.00	9.07100E-01
498.00	9.04500E-01
499.00	9.02800E-01
500.00	9.06500E-01
501.00	9.09500E-01
502.00	9.12300E-01
503.00	9.17400E-01
504.00	9.23100E-01
505.00	9.24400E-01
506.00	9.30900E-01
507.00	9.34900E-01
508.00	9.40100E-01
509.00	9.43800E-01
510.00	9.44900E-01
511.00	9.50100E-01
512.00	9.53100E-01
513.00	9.57000E-01
514.00	9.62000E-01
515.00	9.64300E-01
516.00	9.66800E-01
517.00	9.66500E-01
518.00	9.67000E-01
519.00	9.65800E-01
520.00	9.63100E-01
521.00	9.58200E-01
522.00	9.52700E-01
523.00	9.50700E-01
524.00	9.44600E-01
525.00	9.37600E-01
526.00	9.32700E-01
527.00	9.26700E-01
528.00	9.22700E-01
529.00	9.18900E-01
530.00	9.13000E-01
531.00	9.07100E-01
532.00	9.00000E-01
533.00	8.91900E-01
534.00	8.83900E-01
535.00	8.77100E-01
536.00	8.66800E-01
537.00	8.58000E-01
538.00	8.53200E-01
539.00	8.48500E-01
540.00	8.46700E-01
541.00	8.47100E-01
542.00	8.51900E-01
543.00	8.56500E-01
544.00	8.65200E-01
545.00	8.71000E-01
546.00	8.82900E-01
547.00	8.89400E-01
548.00	8.97500E-01
549.00	9.02600E-01
550.00	9.10300E-01
551.00	9.12400E-01
552.00	9.13500E-01
553.00	9.14300E-01
554.00	9.13800E-01
555.00	9.11000E-01
556.00	9.08500E-01
557.00	9.05900E-01
558.00	9.01800E-01
559.00	8.99800E-01
560.00	8.96800E-01
561.00	8.92600E-01
562.00	8.88300E-01
563.00	8.83200E-01
564.00	8.78800E-01
565.00	8.71200E-01
566.00	8.64200E-01
567.00	8.53500E-01
568.00	8.45100E-01
569.00	8.35600E-01
570.00	8.27900E-01
571.00	8.17500E-01
572.00	8.11400E-01
573.00	8.04700E-01
574.00	8.02100E-01
575.00	7.99000E-01
576.00	7.97400E-01
577.00	7.93300E-01
578.00	7.86200E-01
579.00	7.71900E-01
580.00	7.46900E-01
581.00	7.19900E-01
582.00	6.88400E-01
583.00	6.53900E-01
584.00	6.12900E-01
585.00	5.68800E-01
586.00	5.32600E-01
587.00	5.07600E-01
588.00	4.86800E-01
589.00	4.74100E-01
590.00	4.70100E-01
591.00	4.69900E-01
592.00	4.78600E-01
593.00	4.85800E-01
594.00	4.93000E-01
595.00	5.00600E-01
596.00	5.05900E-01
597.00	5.07200E-01
598.00	5.07300E-01
599.00	5.03200E-01
600.00	4.96800E-01
601.00	4.91400E-01
602.00	4.84100E-01
603.00	4.75000E-01
604.00	4.67900E-01
605.00	4.60700E-01
606.00	4.54200E-01
607.00	4.45700E-01
608.00	4.34200E-01
609.00	4.18000E-01
610.00	3.95500E-01
611.00	3.66100E-01
612.00	3.32700E-01
613.00	2.99300E-01
614.00	2.60800E-01
615.00	2.24400E-01
616.00	1.94100E-01
617.00	1.62200E-01
618.00	1.31300E-01
619.00	1.08400E-01
620.00	9.18700E-02
621.00	7.77300E-02
622.00	6.80500E-02
623.00	5.76700E-02
624.00	4.83200E-02
625.00	4.35800E-02
626.00	3.82500E-02
627.00	3.46300E-02
628.00	3.21700E-02
629.00	2.89800E-02
630.00	2.78400E-02
631.00	2.60600E-02
632.00	2.39000E-02
633.00	2.38700E-02
634.00	2.20600E-02
635.00	2.28100E-02
636.00	2.21100E-02
637.00	2.05600E-02
638.00	2.01300E-02
639.00	2.06500E-02
640.00	2.04400E-02
641.00	1.95200E-02
642.00	1.92400E-02
643.00	1.93100E-02
644.00	1.76200E-02
645.00	1.62400E-02
646.00	1.65800E-02
647.00	1.39700E-02
648.00	1.47600E-02
649.00	1.32400E-02
650.00	1.05700E-02
651.00	9.01700E-03
652.00	9.69500E-03
653.00	7.83500E-03
654.00	8.70000E-03
655.00	6.84900E-03
656.00	5.68600E-03
657.00	4.85300E-03
658.00	5.23600E-03
659.00	5.07100E-03
660.00	4.79500E-03
661.00	4.82700E-03
662.00	3.38800E-03
663.00	4.70900E-03
664.00	3.50400E-03
665.00	4.36400E-03
666.00	3.69300E-03
667.00	3.28000E-03
668.00	2.81200E-03
669.00	3.05100E-03
670.00	1.95400E-03
671.00	4.08600E-03
672.00	4.21800E-03
673.00	3.28300E-03
674.00	2.71100E-03
675.00	2.98400E-03
676.00	2.29400E-03
677.00	3.05700E-03
678.00	3.77500E-03
679.00	3.89100E-03
680.00	2.98500E-03
681.00	2.78000E-03
682.00	4.67600E-03
683.00	2.98000E-03
684.00	3.91500E-03
685.00	4.30400E-03
686.00	4.55300E-03
687.00	3.71100E-03
688.00	4.56100E-03
689.00	2.94400E-03
690.00	3.86300E-03
691.00	3.92400E-03
692.00	4.12300E-03
693.00	3.25500E-03
694.00	3.19600E-03
695.00	3.73100E-03
696.00	2.91700E-03
697.00	3.68600E-03
698.00	2.32400E-03
699.00	2.69400E-03
700.00	2.80400E-03
701.00	2.55300E-03
702.00	2.87700E-03
703.00	2.77200E-03
704.00	2.17100E-03
705.00	2.40800E-03
706.00	2.22600E-03
707.00	1.66700E-03
708.00	1.02700E-03
709.00	1.06700E-03
710.00	1.68800E-03
711.00	1.36700E-03
712.00	1.32700E-03
713.00	1.89100E-03
714.00	1.24100E-03
715.00	9.38400E-04
716.00	1.82900E-03
717.00	6.12600E-04
718.00	1.18700E-03
719.00	1.73900E-03
720.00	1.49400E-03
721.00	1.79400E-03
722.00	1.08700E-03
723.00	1.07800E-03
724.00	1.19700E-03
725.00	1.97700E-03
726.00	2.10100E-03
727.00	1.97000E-03
728.00	1.36500E-03
729.00	2.82000E-03
730.00	1.29500E-03
731.00	2.51200E-03
732.00	2.62100E-03
733.00	2.96400E-03
734.00	2.99200E-03
735.00	3.67800E-03
736.00	3.45100E-03
737.00	3.37100E-03
738.00	3.19400E-03
739.00	4.69400E-03
740.00	4.22500E-03
741.00	3.41900E-03
742.00	4.14000E-03
743.00	3.95100E-03
744.00	4.21500E-03
745.00	5.02800E-03
746.00	6.18000E-03
747.00	3.87200E-03
748.00	6.54000E-03
749.00	5.86100E-03
750.00	3.47400E-03
751.00	2.81900E-03
752.00	3.89300E-03
753.00	5.53900E-03
754.00	3.67900E-03
755.00	2.98400E-03
756.00	4.42600E-03
757.00	3.63300E-03
758.00	2.18100E-03
759.00	3.54400E-03
760.00	3.21600E-03
761.00	2.91800E-03
762.00	4.76900E-03
763.00	2.55300E-03
764.00	4.16400E-03
765.00	2.57200E-03
766.00	2.88100E-03
767.00	1.90600E-03
768.00	3.25800E-03
769.00	4.06200E-03
770.00	3.74700E-03
771.00	1.78800E-03
772.00	2.56100E-03
773.00	5.13400E-03
774.00	4.25900E-03
775.00	3.66400E-03
776.00	3.95400E-03
777.00	4.18900E-03
778.00	6.30300E-03
779.00	6.97400E-03
780.00	4.39700E-03
