300.00	9.99999974738E-6
301.00	9.99999974738E-6
302.00	9.99999974738E-6
303.00	9.99999974738E-6
304.00	9.99999974738E-6
305.00	9.99999974738E-6
306.00	9.99999974738E-6
307.00	9.99999974738E-6
308.00	9.99999974738E-6
309.00	9.99999974738E-6
310.00	9.99999974738E-6
311.00	9.99999974738E-6
312.00	9.99999974738E-6
313.00	9.99999974738E-6
314.00	9.99999974738E-6
315.00	9.99999974738E-6
316.00	9.99999974738E-6
317.00	9.99999974738E-6
318.00	9.99999974738E-6
319.00	9.99999974738E-6
320.00	9.99999974738E-6
321.00	9.99999974738E-6
322.00	9.99999974738E-6
323.00	9.99999974738E-6
324.00	9.99999974738E-6
325.00	9.99999974738E-6
326.00	9.99999974738E-6
327.00	9.99999974738E-6
328.00	9.99999974738E-6
329.00	9.99999974738E-6
330.00	9.99999974738E-6
331.00	9.99999974738E-6
332.00	9.99999974738E-6
333.00	9.99999974738E-6
334.00	9.99999974738E-6
335.00	9.99999974738E-6
336.00	9.99999974738E-6
337.00	9.99999974738E-6
338.00	9.99999974738E-6
339.00	9.99999974738E-6
340.00	9.99999974738E-6
341.00	9.99999974738E-6
342.00	9.99999974738E-6
343.00	9.99999974738E-6
344.00	9.99999974738E-6
345.00	9.99999974738E-6
346.00	9.99999974738E-6
347.00	9.99999974738E-6
348.00	9.99999974738E-6
349.00	9.99999974738E-6
350.00	9.99999974738E-6
351.00	9.99999974738E-6
352.00	9.99999974738E-6
353.00	9.99999974738E-6
354.00	9.99999974738E-6
355.00	9.99999974738E-6
356.00	9.99999974738E-6
357.00	9.99999974738E-6
358.00	9.99999974738E-6
359.00	9.99999974738E-6
360.00	9.99999974738E-6
361.00	9.99999974738E-6
362.00	9.99999974738E-6
363.00	9.99999974738E-6
364.00	9.99999974738E-6
365.00	9.99999974738E-6
366.00	9.99999974738E-6
367.00	9.99999974738E-6
368.00	9.99999974738E-6
369.00	9.99999974738E-6
370.00	9.99999974738E-6
371.00	9.99999974738E-6
372.00	9.99999974738E-6
373.00	9.99999974738E-6
374.00	9.99999974738E-6
375.00	9.99999974738E-6
376.00	9.99999974738E-6
377.00	9.99999974738E-6
378.00	9.99999974738E-6
379.00	9.99999974738E-6
380.00	9.99999974738E-6
381.00	9.99999974738E-6
382.00	9.99999974738E-6
383.00	9.99999974738E-6
384.00	9.99999974738E-6
385.00	9.99999974738E-6
386.00	9.99999974738E-6
387.00	9.99999974738E-6
388.00	9.99999974738E-6
389.00	9.99999974738E-6
390.00	9.99999974738E-6
391.00	9.99999974738E-6
392.00	9.99999974738E-6
393.00	9.99999974738E-6
394.00	9.99999974738E-6
395.00	9.99999974738E-6
396.00	9.99999974738E-6
397.00	9.99999974738E-6
398.00	9.99999974738E-6
399.00	9.99999974738E-6
400.00	9.99999974738E-6
401.00	9.99999974738E-6
402.00	9.99999974738E-6
403.00	9.99999974738E-6
404.00	9.99999974738E-6
405.00	9.99999974738E-6
406.00	9.99999974738E-6
407.00	9.99999974738E-6
408.00	9.99999974738E-6
409.00	9.99999974738E-6
410.00	9.99999974738E-6
411.00	9.99999974738E-6
412.00	9.99999974738E-6
413.00	9.99999974738E-6
414.00	9.99999974738E-6
415.00	9.99999974738E-6
416.00	9.99999974738E-6
417.00	9.99999974738E-6
418.00	9.99999974738E-6
419.00	9.99999974738E-6
420.00	9.99999974738E-6
421.00	9.99999974738E-6
422.00	9.99999974738E-6
423.00	9.99999974738E-6
424.00	9.99999974738E-6
425.00	9.99999974738E-6
426.00	9.99999974738E-6
427.00	9.99999974738E-6
428.00	9.99999974738E-6
429.00	9.99999974738E-6
430.00	9.99999974738E-6
431.00	9.99999974738E-6
432.00	9.99999974738E-6
433.00	9.99999974738E-6
434.00	9.99999974738E-6
435.00	9.99999974738E-6
436.00	9.99999974738E-6
437.00	9.99999974738E-6
438.00	9.99999974738E-6
439.00	9.99999974738E-6
440.00	9.99999974738E-6
441.00	9.99999974738E-6
442.00	9.99999974738E-6
443.00	9.99999974738E-6
444.00	9.99999974738E-6
445.00	9.99999974738E-6
446.00	9.99999974738E-6
447.00	9.99999974738E-6
448.00	9.99999974738E-6
449.00	9.99999974738E-6
450.00	9.99999974738E-6
451.00	9.99999974738E-6
452.00	9.99999974738E-6
453.00	9.99999974738E-6
454.00	9.99999974738E-6
455.00	9.99999974738E-6
456.00	9.99999974738E-6
457.00	9.99999974738E-6
458.00	9.99999974738E-6
459.00	9.99999974738E-6
460.00	9.99999974738E-6
461.00	9.99999974738E-6
462.00	9.99999974738E-6
463.00	9.99999974738E-6
464.00	9.99999974738E-6
465.00	9.99999974738E-6
466.00	9.99999974738E-6
467.00	9.99999974738E-6
468.00	9.99999974738E-6
469.00	9.99999974738E-6
470.00	9.99999974738E-6
471.00	9.99999974738E-6
472.00	9.99999974738E-6
473.00	9.99999974738E-6
474.00	9.99999974738E-6
475.00	9.99999974738E-6
476.00	9.99999974738E-6
477.00	9.99999974738E-6
478.00	9.99999974738E-6
479.00	9.99999974738E-6
480.00	9.99999974738E-6
481.00	9.99999974738E-6
482.00	9.99999974738E-6
483.00	9.99999974738E-6
484.00	9.99999974738E-6
485.00	9.99999974738E-6
486.00	9.99999974738E-6
487.00	9.99999974738E-6
488.00	9.99999974738E-6
489.00	9.99999974738E-6
490.00	9.99999974738E-6
491.00	9.99999974738E-6
492.00	9.99999974738E-6
493.00	9.99999974738E-6
494.00	9.99999974738E-6
495.00	9.99999974738E-6
496.00	9.99999974738E-6
497.00	9.99999974738E-6
498.00	9.99999974738E-6
499.00	9.99999974738E-6
500.00	9.99999974738E-6
501.00	9.99999974738E-6
502.00	9.99999974738E-6
503.00	9.99999974738E-6
504.00	9.99999974738E-6
505.00	9.99999974738E-6
506.00	9.99999974738E-6
507.00	9.99999974738E-6
508.00	9.99999974738E-6
509.00	9.99999974738E-6
510.00	9.99999974738E-6
511.00	9.99999974738E-6
512.00	9.99999974738E-6
513.00	9.99999974738E-6
514.00	9.99999974738E-6
515.00	9.99999974738E-6
516.00	9.99999974738E-6
517.00	2.72051001957E-5
518.00	0.00024554101401
519.00	0.00316467997618
520.00	0.0696024000645
521.00	0.608326017857
522.00	0.957311987877
523.00	0.979004025459
524.00	0.981544971466
525.00	0.979983985424
526.00	0.984017014503
527.00	0.988099992275
528.00	0.988111019135
529.00	0.986144006252
530.00	0.983372986317
531.00	0.980611026287
532.00	0.982308983803
533.00	0.986984014511
534.00	0.988399028778
535.00	0.991191983223
536.00	0.989556014538
537.00	0.991466999054
538.00	0.992043018341
539.00	0.991276025772
540.00	0.991034984589
541.00	0.993055999279
542.00	0.99008500576
543.00	0.992564022541
544.00	0.992106020451
545.00	0.992479026318
546.00	0.9924659729
547.00	0.992312014103
548.00	0.990703999996
549.00	0.991128027439
550.00	0.992914974689
551.00	0.996352016926
552.00	0.993493020535
553.00	0.99189299345
554.00	0.989606022835
555.00	0.986135005951
556.00	0.986904025078
557.00	0.986855983734
558.00	0.989039003849
559.00	0.98819899559
560.00	0.987766027451
561.00	0.988784015179
562.00	0.99239897728
563.00	0.99249202013
564.00	0.988919973373
565.00	0.98735499382
566.00	0.991847991943
567.00	0.989345014095
568.00	0.992129981518
569.00	0.989277005196
570.00	0.989549994469
571.00	0.992842018604
572.00	0.991414010525
573.00	0.992187023163
574.00	0.989602982998
575.00	0.987106025219
576.00	0.98928797245
577.00	0.988209009171
578.00	0.986441016197
579.00	0.982147991657
580.00	0.984421014786
581.00	0.98289000988
582.00	0.980906009674
583.00	0.978945016861
584.00	0.979515016079
585.00	0.979131996632
586.00	0.977436006069
587.00	0.977119028568
588.00	0.975419998169
589.00	0.978009998798
590.00	0.97633600235
591.00	0.978837013245
592.00	0.979885995388
593.00	0.981553018093
594.00	0.980481028557
595.00	0.982161998749
596.00	0.981840014458
597.00	0.988838970661
598.00	0.989812016487
599.00	0.991769015789
600.00	0.991289973259
601.00	0.989053010941
602.00	0.987936019897
603.00	0.986882984638
604.00	0.983271002769
605.00	0.983700990677
606.00	0.981621980667
607.00	0.980042994022
608.00	0.979089021683
609.00	0.980903029442
610.00	0.982420027256
611.00	0.984344005585
612.00	0.988287985325
613.00	0.987689971924
614.00	0.987071990967
615.00	0.9870839715
616.00	0.985929012299
617.00	0.983201026917
618.00	0.980733990669
619.00	0.979335010052
620.00	0.977509021759
621.00	0.977411985397
622.00	0.979026019573
623.00	0.977319002151
624.00	0.978531002998
625.00	0.980081021786
626.00	0.980989992619
627.00	0.982751011848
628.00	0.984323978424
629.00	0.983977019787
630.00	0.9834010005
631.00	0.984088003635
632.00	0.981480002403
633.00	0.980300009251
634.00	0.980130970478
635.00	0.981948971748
636.00	0.982863008976
637.00	0.983263015747
638.00	0.984032988548
639.00	0.986576020718
640.00	0.985831022263
641.00	0.987957000732
642.00	0.989286005497
643.00	0.986724019051
644.00	0.985294997692
645.00	0.986743986607
646.00	0.987006008625
647.00	0.984902024269
648.00	0.987892985344
649.00	0.985762000084
650.00	0.986442029476
651.00	0.986496984959
652.00	0.98721498251
653.00	0.988430023193
654.00	0.989234983921
655.00	0.987511992455
656.00	0.989551007748
657.00	0.991544008255
658.00	0.988815009594
659.00	0.984803974628
660.00	0.986585974693
661.00	0.982042014599
662.00	0.980880975723
663.00	0.979201972485
664.00	0.980629980564
665.00	0.980590999126
666.00	0.981808006763
667.00	0.981392025948
668.00	0.984004974365
669.00	0.985554993153
670.00	0.986764013767
671.00	0.981517970562
672.00	0.984430015087
673.00	0.980931997299
674.00	0.977907001972
675.00	0.974164009094
676.00	0.971800982952
677.00	0.969969987869
678.00	0.965071976185
679.00	0.965502977371
680.00	0.966598987579
681.00	0.964302003384
682.00	0.964605987072
683.00	0.966095983982
684.00	0.969439983368
685.00	0.971992015839
686.00	0.97314697504
687.00	0.973182022572
688.00	0.970521986485
689.00	0.972191989422
690.00	0.966727018356
691.00	0.964695990086
692.00	0.962198019028
693.00	0.960563004017
694.00	0.952216982841
695.00	0.95019197464
696.00	0.948212981224
697.00	0.94779497385
698.00	0.949247002602
699.00	0.95241099596
700.00	0.955928981304
701.00	0.958442986012
702.00	0.960044026375
703.00	0.963985979557
704.00	0.970157027245
705.00	0.969806015491
706.00	0.972478985786
707.00	0.97310000658
708.00	0.972849011421
709.00	0.970220983028
710.00	0.966323018074
711.00	0.96033000946
712.00	0.959190011024
713.00	0.956914007664
714.00	0.952356994152
715.00	0.951812982559
716.00	0.948633015156
717.00	0.949239015579
718.00	0.956480979919
719.00	0.957225978374
720.00	0.958227992058
721.00	0.967720985413
722.00	0.971773028374
723.00	0.974644005299
724.00	0.977379977703
725.00	0.978556990623
726.00	0.977216005325
727.00	0.979561984539
728.00	0.977666020393
729.00	0.973519980907
730.00	0.971122980118
731.00	0.963630020618
732.00	0.960130989552
733.00	0.956318974495
734.00	0.952320992947
735.00	0.950975000858
736.00	0.948189020157
737.00	0.950407981873
738.00	0.95079100132
739.00	0.958513021469
740.00	0.955659985542
741.00	0.957665979862
742.00	0.970242023468
743.00	0.96719700098
744.00	0.979025006294
745.00	0.9761480093
746.00	0.981235027313
747.00	0.985553979874
748.00	0.982486009598
749.00	0.97686702013
750.00	0.971952974796
751.00	0.964137017727
752.00	0.962494015694
753.00	0.953792989254
754.00	0.947609007359
755.00	0.94250702858
756.00	0.932672023773
757.00	0.936617970467
758.00	0.932560026646
759.00	0.936904013157
760.00	0.929984986782
761.00	0.930899977684
762.00	0.937071979046
763.00	0.939216971397
764.00	0.946146011353
765.00	0.948494970798
766.00	0.948131024837
767.00	0.955778002739
768.00	0.96209102869
769.00	0.964864015579
770.00	0.965766012669
771.00	0.966713011265
772.00	0.953940987587
773.00	0.95403200388
774.00	0.939423024654
775.00	0.942357003689
776.00	0.933650970459
777.00	0.927619993687
778.00	0.921696007252
779.00	0.918787002563
780.00	0.911876022816
781.00	0.915629982948
782.00	0.905569016933
783.00	0.906750977039
784.00	0.912597000599
785.00	0.914784014225
786.00	0.908478975296
787.00	0.92162001133
788.00	0.924785017967
789.00	0.934230983257
790.00	0.931056976318
791.00	0.940099000931
792.00	0.945649981499
793.00	0.947353005409
794.00	0.94286698103
795.00	0.944280982018
796.00	0.943434000015
797.00	0.94014698267
798.00	0.940123975277
799.00	0.932426989079
800.00	0.930064022541
801.00	0.925638973713
802.00	0.920360028744
803.00	0.917141973972
804.00	0.913771986961
805.00	0.910619020462
806.00	0.909874975681
807.00	0.909030020237
808.00	0.90967798233
809.00	0.911328971386
810.00	0.914309978485
811.00	0.918497979641
812.00	0.923179984093
813.00	0.928427994251
814.00	0.933326005936
815.00	0.939458012581
816.00	0.945361018181
817.00	0.949470996857
818.00	0.953947007656
819.00	0.957500994205
820.00	0.959739983082
821.00	0.960691988468
822.00	0.960810005665
823.00	0.959012985229
824.00	0.956484973431
825.00	0.953561007977
826.00	0.950157999992
827.00	0.946373999119
828.00	0.942408978939
829.00	0.938556015491
830.00	0.934821009636
831.00	0.932012975216
832.00	0.929947972298
833.00	0.928707003593
834.00	0.928623020649
835.00	0.929625988007
836.00	0.930759012699
837.00	0.9332280159
838.00	0.938097000122
839.00	0.941769003868
840.00	0.946173012257
841.00	0.952247977257
842.00	0.957044005394
843.00	0.962046980858
844.00	0.966808021069
845.00	0.970965027809
846.00	0.974698007107
847.00	0.977765977383
848.00	0.978559017181
849.00	0.979462981224
850.00	0.978632986546
851.00	0.976966023445
852.00	0.974020004272
853.00	0.970215022564
854.00	0.966327011585
855.00	0.962104976177
856.00	0.957206010818
857.00	0.953090012074
858.00	0.948746025562
859.00	0.944176018238
860.00	0.940357029438
861.00	0.937476992607
862.00	0.935168027878
863.00	0.93406701088
864.00	0.934158027172
865.00	0.934795975685
866.00	0.936321020126
867.00	0.937695980072
868.00	0.940245985985
869.00	0.943561971188
870.00	0.946852982044
871.00	0.950254976749
872.00	0.953576028347
873.00	0.956930994987
874.00	0.960237026215
875.00	0.961661994457
876.00	0.963252007961
877.00	0.96382600069
878.00	0.963366985321
879.00	0.962908029556
880.00	0.960698008537
881.00	0.957323014736
882.00	0.953778028488
883.00	0.949842989445
884.00	0.944895982742
885.00	0.939562022686
886.00	0.934167027473
887.00	0.929656982422
888.00	0.924013018608
889.00	0.919731974602
890.00	0.916144013405
891.00	0.912616014481
892.00	0.910368978977
893.00	0.90785497427
894.00	0.906208992004
895.00	0.905874013901
896.00	0.906237006187
897.00	0.907086014748
898.00	0.908011972904
899.00	0.910061001778
900.00	0.912220001221
