299.0	5.633E-07
300.0	7.570E-07
301.0	1.310E-06
302.0	8.376E-07
303.0	9.535E-07
304.0	5.228E-07
305.0	1.158E-06
306.0	1.093E-06
307.0	1.561E-06
308.0	3.939E-07
309.0	1.170E-06
310.0	6.366E-07
311.0	1.052E-06
312.0	2.172E-06
313.0	2.012E-06
314.0	1.000E-10
315.0	1.000E-10
316.0	2.962E-06
317.0	1.426E-08
318.0	2.824E-06
319.0	1.996E-06
320.0	1.274E-06
321.0	9.612E-07
322.0	1.318E-06
323.0	1.588E-06
324.0	1.345E-06
325.0	3.004E-07
326.0	1.207E-06
327.0	1.312E-06
328.0	1.362E-07
329.0	1.000E-10
330.0	1.451E-06
331.0	1.690E-06
332.0	1.006E-06
333.0	1.454E-06
334.0	1.061E-06
335.0	2.188E-06
336.0	1.880E-06
337.0	9.685E-07
338.0	1.499E-07
339.0	5.032E-07
340.0	4.367E-07
341.0	1.000E-10
342.0	1.051E-06
343.0	3.738E-07
344.0	1.588E-06
345.0	1.205E-06
346.0	2.514E-07
347.0	1.084E-06
348.0	5.903E-07
349.0	7.059E-07
350.0	1.202E-06
351.0	1.306E-06
352.0	1.571E-06
353.0	8.598E-07
354.0	1.166E-06
355.0	8.371E-07
356.0	1.036E-06
357.0	1.102E-06
358.0	7.460E-07
359.0	7.448E-07
360.0	2.051E-06
361.0	1.102E-06
362.0	9.895E-07
363.0	5.739E-07
364.0	8.245E-07
365.0	1.022E-06
366.0	6.364E-07
367.0	1.011E-06
368.0	1.254E-06
369.0	9.406E-07
370.0	1.130E-06
371.0	1.059E-06
372.0	1.302E-06
373.0	1.200E-06
374.0	6.870E-07
375.0	8.821E-07
376.0	8.846E-07
377.0	1.433E-06
378.0	7.360E-07
379.0	7.697E-07
380.0	8.346E-07
381.0	3.584E-07
382.0	9.103E-07
383.0	1.148E-06
384.0	9.501E-07
385.0	1.318E-06
386.0	6.997E-07
387.0	7.853E-07
388.0	8.054E-07
389.0	7.945E-07
390.0	8.691E-07
391.0	1.182E-06
392.0	1.022E-06
393.0	4.896E-07
394.0	6.222E-07
395.0	1.119E-06
396.0	1.274E-06
397.0	7.726E-07
398.0	1.256E-06
399.0	1.058E-06
400.0	5.407E-07
401.0	7.215E-07
402.0	8.392E-07
403.0	6.669E-07
404.0	7.645E-07
405.0	7.941E-07
406.0	4.414E-07
407.0	5.837E-07
408.0	6.750E-07
409.0	6.790E-07
410.0	9.292E-07
411.0	7.639E-07
412.0	1.033E-06
413.0	8.391E-07
414.0	8.480E-07
415.0	1.206E-06
416.0	9.670E-07
417.0	1.287E-06
418.0	1.924E-06
419.0	2.670E-06
420.0	3.474E-06
421.0	6.371E-06
422.0	1.045E-05
423.0	1.862E-05
424.0	3.764E-05
425.0	7.620E-05
426.0	1.680E-04
427.0	3.899E-04
428.0	9.853E-04
429.0	2.701E-03
430.0	8.136E-03
431.0	2.787E-02
432.0	1.080E-01
433.0	3.563E-01
434.0	6.425E-01
435.0	6.915E-01
436.0	6.719E-01
437.0	6.833E-01
438.0	7.114E-01
439.0	7.397E-01
440.0	7.619E-01
441.0	7.757E-01
442.0	7.848E-01
443.0	7.906E-01
444.0	7.938E-01
445.0	7.947E-01
446.0	7.938E-01
447.0	7.899E-01
448.0	7.851E-01
449.0	7.828E-01
450.0	7.825E-01
451.0	7.844E-01
452.0	7.904E-01
453.0	7.985E-01
454.0	8.078E-01
455.0	8.162E-01
456.0	8.223E-01
457.0	8.244E-01
458.0	8.235E-01
459.0	8.206E-01
460.0	8.183E-01
461.0	8.169E-01
462.0	8.162E-01
463.0	8.175E-01
464.0	8.206E-01
465.0	8.238E-01
466.0	8.280E-01
467.0	8.312E-01
468.0	8.340E-01
469.0	8.360E-01
470.0	8.375E-01
471.0	8.382E-01
472.0	8.386E-01
473.0	8.382E-01
474.0	8.345E-01
475.0	8.249E-01
476.0	8.037E-01
477.0	7.714E-01
478.0	7.313E-01
479.0	6.961E-01
480.0	6.842E-01
481.0	7.165E-01
482.0	7.821E-01
483.0	7.265E-01
484.0	4.236E-01
485.0	1.623E-01
486.0	5.778E-02
487.0	2.239E-02
488.0	9.196E-03
489.0	4.317E-03
490.0	2.185E-03
491.0	1.160E-03
492.0	6.450E-04
493.0	3.709E-04
494.0	2.241E-04
495.0	1.386E-04
496.0	8.865E-05
497.0	5.804E-05
498.0	3.853E-05
499.0	2.667E-05
500.0	1.869E-05
501.0	1.296E-05
502.0	9.698E-06
503.0	7.431E-06
504.0	5.475E-06
505.0	4.254E-06
506.0	3.460E-06
507.0	2.937E-06
508.0	2.189E-06
509.0	1.950E-06
510.0	1.594E-06
511.0	1.317E-06
512.0	1.080E-06
513.0	1.239E-06
514.0	9.233E-07
515.0	1.003E-06
516.0	8.446E-07
517.0	6.472E-07
518.0	8.449E-07
519.0	8.457E-07
520.0	6.078E-07
521.0	9.253E-07
522.0	7.672E-07
523.0	8.474E-07
524.0	6.490E-07
525.0	7.292E-07
526.0	6.107E-07
527.0	6.505E-07
528.0	4.513E-07
529.0	3.315E-07
530.0	4.921E-07
531.0	6.135E-07
532.0	4.932E-07
533.0	5.747E-07
534.0	3.727E-07
535.0	4.948E-07
536.0	3.324E-07
537.0	4.144E-07
538.0	4.558E-07
539.0	4.981E-07
540.0	2.911E-07
541.0	4.582E-07
542.0	3.331E-07
543.0	4.601E-07
544.0	5.047E-07
545.0	4.638E-07
546.0	5.080E-07
547.0	6.380E-07
548.0	3.769E-07
549.0	3.338E-07
550.0	4.635E-07
551.0	4.631E-07
552.0	2.913E-07
553.0	5.055E-07
554.0	4.629E-07
555.0	2.456E-07
556.0	4.268E-07
557.0	3.347E-07
558.0	2.429E-07
559.0	3.348E-07
560.0	2.895E-07
561.0	4.715E-07
562.0	2.897E-07
563.0	3.806E-07
564.0	4.714E-07
565.0	5.176E-07
566.0	3.356E-07
567.0	1.561E-07
568.0	1.000E-10
569.0	4.290E-07
570.0	5.713E-07
571.0	3.825E-07
572.0	2.887E-07
573.0	4.314E-07
574.0	2.911E-07
575.0	2.477E-07
576.0	2.904E-07
577.0	2.881E-07
578.0	2.900E-07
579.0	2.913E-07
580.0	2.890E-07
581.0	1.472E-07
582.0	3.841E-07
583.0	2.391E-07
584.0	4.302E-07
585.0	7.705E-07
586.0	3.366E-07
587.0	4.312E-07
588.0	5.252E-07
589.0	5.247E-07
590.0	4.720E-07
591.0	3.361E-07
592.0	3.362E-07
593.0	2.118E-07
594.0	2.548E-07
595.0	3.765E-07
596.0	3.765E-07
597.0	2.963E-07
598.0	3.772E-07
599.0	5.003E-07
600.0	4.230E-07
601.0	4.155E-07
602.0	3.772E-07
603.0	2.141E-07
604.0	3.821E-07
605.0	3.371E-07
606.0	3.371E-07
607.0	4.614E-07
608.0	4.214E-07
609.0	4.652E-07
610.0	5.535E-07
611.0	3.805E-07
612.0	3.808E-07
613.0	7.337E-07
614.0	4.246E-07
615.0	4.245E-07
616.0	4.273E-07
617.0	5.233E-07
618.0	3.826E-07
619.0	5.640E-07
620.0	2.466E-07
621.0	1.967E-07
622.0	5.701E-07
623.0	4.738E-07
624.0	3.363E-07
625.0	2.886E-07
626.0	4.297E-07
627.0	4.276E-07
628.0	2.912E-07
629.0	5.573E-07
630.0	6.844E-07
631.0	3.362E-07
632.0	3.788E-07
633.0	3.361E-07
634.0	4.201E-07
635.0	3.783E-07
636.0	4.206E-07
637.0	4.993E-07
638.0	4.157E-07
639.0	2.965E-07
640.0	4.177E-07
641.0	3.780E-07
642.0	3.822E-07
643.0	3.371E-07
644.0	3.373E-07
645.0	6.172E-07
646.0	2.977E-07
647.0	4.664E-07
648.0	2.988E-07
649.0	2.976E-07
650.0	3.827E-07
651.0	3.382E-07
652.0	3.855E-07
653.0	4.171E-07
654.0	5.010E-07
655.0	3.779E-07
656.0	4.193E-07
657.0	5.441E-07
658.0	3.392E-07
659.0	5.799E-07
660.0	3.789E-07
661.0	5.021E-07
662.0	5.107E-07
663.0	4.604E-07
664.0	3.497E-07
665.0	3.404E-07
666.0	3.407E-07
667.0	3.920E-07
668.0	3.014E-07
669.0	3.817E-07
670.0	4.279E-07
671.0	2.623E-07
672.0	5.038E-07
673.0	2.582E-07
674.0	3.484E-07
675.0	4.633E-07
676.0	4.253E-07
677.0	4.730E-07
678.0	3.825E-07
679.0	2.601E-07
680.0	2.163E-07
681.0	4.784E-07
682.0	2.618E-07
683.0	3.431E-07
684.0	3.495E-07
685.0	3.832E-07
686.0	2.208E-07
687.0	3.019E-07
688.0	4.286E-07
689.0	3.906E-07
690.0	3.439E-07
691.0	2.194E-07
692.0	2.173E-07
693.0	5.167E-07
694.0	4.255E-07
695.0	2.621E-07
696.0	3.866E-07
697.0	4.301E-07
698.0	6.020E-07
699.0	6.307E-07
700.0	3.451E-07
701.0	7.674E-07
702.0	1.733E-07
703.0	7.688E-07
704.0	3.864E-07
705.0	3.873E-07
706.0	3.038E-07
707.0	3.890E-07
708.0	4.698E-07
709.0	4.690E-07
710.0	1.506E-08
711.0	3.045E-07
712.0	4.322E-07
713.0	5.654E-08
714.0	1.000E-10
715.0	5.531E-07
716.0	7.244E-07
717.0	1.766E-07
718.0	4.342E-07
719.0	2.665E-07
720.0	6.341E-07
721.0	4.305E-07
722.0	6.854E-07
723.0	5.625E-07
724.0	3.948E-07
725.0	3.479E-07
726.0	6.788E-07
727.0	8.509E-07
728.0	3.909E-07
729.0	3.050E-07
730.0	4.030E-07
731.0	5.525E-07
732.0	3.071E-07
733.0	3.059E-07
734.0	4.346E-07
735.0	7.821E-07
736.0	6.157E-07
737.0	1.846E-07
738.0	5.994E-07
739.0	5.181E-07
740.0	5.210E-07
741.0	6.991E-07
742.0	8.214E-07
743.0	3.904E-07
744.0	5.164E-07
745.0	1.800E-07
746.0	3.931E-07
747.0	5.684E-07
748.0	1.000E-10
749.0	5.128E-07
750.0	4.746E-07
751.0	3.925E-07
752.0	1.361E-07
753.0	1.768E-07
754.0	5.632E-07
755.0	3.911E-07
756.0	3.505E-07
757.0	5.197E-07
758.0	4.367E-07
759.0	1.000E-10
760.0	1.039E-06
761.0	4.342E-07
762.0	1.408E-07
763.0	1.079E-06
764.0	1.001E-06
765.0	1.750E-07
766.0	9.136E-07
767.0	1.000E-10
768.0	1.830E-07
769.0	5.204E-08
770.0	6.552E-07
771.0	3.949E-07
772.0	5.495E-07
773.0	7.676E-07
774.0	1.000E-10
775.0	4.818E-07
776.0	2.205E-07
777.0	2.702E-07
778.0	1.000E-10
779.0	1.000E-10
780.0	5.656E-07
781.0	3.523E-07
782.0	1.190E-06
783.0	2.438E-07
784.0	5.200E-07
785.0	1.411E-07
786.0	6.549E-07
787.0	1.183E-06
788.0	3.346E-07
789.0	5.591E-07
790.0	7.326E-07
791.0	1.000E-10
792.0	1.000E-10
793.0	4.531E-08
794.0	8.623E-08
795.0	3.531E-07
796.0	9.428E-07
797.0	6.528E-07
798.0	8.996E-08
799.0	1.758E-07
800.0	1.028E-06
801.0	1.889E-06
802.0	1.000E-10
803.0	6.526E-07
804.0	1.000E-10
805.0	1.001E-06
806.0	9.102E-08
807.0	1.000E-10
808.0	3.727E-07
809.0	1.558E-06
810.0	6.474E-07
811.0	9.940E-07
812.0	3.503E-07
813.0	1.274E-06
814.0	5.520E-07
815.0	1.450E-07
816.0	1.000E-10
817.0	1.829E-07
818.0	3.513E-07
819.0	8.036E-07
820.0	1.000E-10
821.0	9.818E-07
822.0	3.936E-07
823.0	3.431E-07
824.0	8.795E-07
825.0	7.229E-07
826.0	1.629E-06
827.0	6.932E-07
828.0	5.504E-07
829.0	3.341E-06
830.0	4.228E-07
831.0	9.581E-07
832.0	1.000E-10
833.0	3.027E-07
834.0	7.198E-07
835.0	3.467E-07
836.0	1.000E-10
837.0	1.000E-10
838.0	9.406E-08
839.0	2.244E-06
840.0	7.272E-07
841.0	2.170E-06
842.0	1.000E-10
843.0	4.723E-08
844.0	1.000E-10
845.0	1.000E-10
846.0	9.064E-07
847.0	1.000E-10
848.0	2.266E-06
849.0	1.000E-10
850.0	1.000E-10
