300.00	9.5000001465451E-7
300.50	9.5000001465451E-7
301.00	9.5000001465451E-7
301.50	9.5000001465451E-7
302.00	9.5000001465451E-7
302.50	9.5000001465451E-7
303.00	9.5000001465451E-7
303.50	9.5000001465451E-7
304.00	9.5000001465451E-7
304.50	9.5000001465451E-7
305.00	9.5000001465451E-7
305.50	9.5000001465451E-7
306.00	9.5000001465451E-7
306.50	9.5000001465451E-7
307.00	9.5000001465451E-7
307.50	9.5000001465451E-7
308.00	9.5000001465451E-7
308.50	9.5000001465451E-7
309.00	9.5000001465451E-7
309.50	9.5000001465451E-7
310.00	9.5000001465451E-7
310.50	9.5000001465451E-7
311.00	9.5000001465451E-7
311.50	9.5000001465451E-7
312.00	9.5000001465451E-7
312.50	9.5000001465451E-7
313.00	9.5000001465451E-7
313.50	9.5000001465451E-7
314.00	9.5000001465451E-7
314.50	9.5000001465451E-7
315.00	9.5000001465451E-7
315.50	9.5000001465451E-7
316.00	9.5000001465451E-7
316.50	9.5000001465451E-7
317.00	9.5000001465451E-7
317.50	9.5000001465451E-7
318.00	9.5000001465451E-7
318.50	9.5000001465451E-7
319.00	9.5000001465451E-7
319.50	9.5000001465451E-7
320.00	9.5000001465451E-7
320.50	9.5000001465451E-7
321.00	9.5000001465451E-7
321.50	9.5000001465451E-7
322.00	9.5000001465451E-7
322.50	9.5000001465451E-7
323.00	9.5000001465451E-7
323.50	9.5000001465451E-7
324.00	9.5000001465451E-7
324.50	9.5000001465451E-7
325.00	9.5000001465451E-7
325.50	9.5000001465451E-7
326.00	9.5000001465451E-7
326.50	9.5000001465451E-7
327.00	9.5000001465451E-7
327.50	9.5000001465451E-7
328.00	9.5000001465451E-7
328.50	9.5000001465451E-7
329.00	9.5000001465451E-7
329.50	9.5000001465451E-7
330.00	9.5000001465451E-7
330.50	9.5000001465451E-7
331.00	9.5000001465451E-7
331.50	9.5000001465451E-7
332.00	9.5000001465451E-7
332.50	9.5000001465451E-7
333.00	9.5000001465451E-7
333.50	9.5000001465451E-7
334.00	9.5000001465451E-7
334.50	9.5000001465451E-7
335.00	9.5000001465451E-7
335.50	9.5000001465451E-7
336.00	9.5000001465451E-7
336.50	9.5000001465451E-7
337.00	9.5000001465451E-7
337.50	9.5000001465451E-7
338.00	9.5000001465451E-7
338.50	9.5000001465451E-7
339.00	9.5000001465451E-7
339.50	9.5000001465451E-7
340.00	9.5000001465451E-7
340.50	9.5000001465451E-7
341.00	9.5000001465451E-7
341.50	9.5000001465451E-7
342.00	9.5000001465451E-7
342.50	9.5000001465451E-7
343.00	9.5000001465451E-7
343.50	9.5000001465451E-7
344.00	9.5000001465451E-7
344.50	9.5000001465451E-7
345.00	9.5000001465451E-7
345.50	9.5000001465451E-7
346.00	9.5000001465451E-7
346.50	9.5000001465451E-7
347.00	9.5000001465451E-7
347.50	9.5000001465451E-7
348.00	9.5000001465451E-7
348.50	9.5000001465451E-7
349.00	9.5000001465451E-7
349.50	9.5000001465451E-7
350.00	9.5000001465451E-7
350.50	9.5000001465451E-7
351.00	9.5000001465451E-7
351.50	9.5000001465451E-7
352.00	9.5000001465451E-7
352.50	9.5000001465451E-7
353.00	9.5000001465451E-7
353.50	9.5000001465451E-7
354.00	9.5000001465451E-7
354.50	9.5000001465451E-7
355.00	9.5000001465451E-7
355.50	9.5000001465451E-7
356.00	9.5000001465451E-7
356.50	9.5000001465451E-7
357.00	9.5000001465451E-7
357.50	9.5000001465451E-7
358.00	9.5000001465451E-7
358.50	9.5000001465451E-7
359.00	9.5000001465451E-7
359.50	9.5000001465451E-7
360.00	9.5000001465451E-7
360.50	9.5000001465451E-7
361.00	9.5000001465451E-7
361.50	9.5000001465451E-7
362.00	9.5000001465451E-7
362.50	9.5000001465451E-7
363.00	9.5000001465451E-7
363.50	9.5000001465451E-7
364.00	9.5000001465451E-7
364.50	9.5000001465451E-7
365.00	9.5000001465451E-7
365.50	9.5000001465451E-7
366.00	9.5000001465451E-7
366.50	9.5000001465451E-7
367.00	9.5000001465451E-7
367.50	9.5000001465451E-7
368.00	9.5000001465451E-7
368.50	9.5000001465451E-7
369.00	9.5000001465451E-7
369.50	9.5000001465451E-7
370.00	9.5000001465451E-7
370.50	9.5000001465451E-7
371.00	9.5000001465451E-7
371.50	9.5000001465451E-7
372.00	9.5000001465451E-7
372.50	9.5000001465451E-7
373.00	9.5000001465451E-7
373.50	9.5000001465451E-7
374.00	9.5000001465451E-7
374.50	9.5000001465451E-7
375.00	9.5000001465451E-7
375.50	9.5000001465451E-7
376.00	9.5000001465451E-7
376.50	9.5000001465451E-7
377.00	9.5000001465451E-7
377.50	9.5000001465451E-7
378.00	9.5000001465451E-7
378.50	9.5000001465451E-7
379.00	9.5000001465451E-7
379.50	9.5000001465451E-7
380.00	9.5000001465451E-7
380.50	9.5000001465451E-7
381.00	9.5000001465451E-7
381.50	9.5000001465451E-7
382.00	9.5000001465451E-7
382.50	9.5000001465451E-7
383.00	9.5000001465451E-7
383.50	9.5000001465451E-7
384.00	9.5000001465451E-7
384.50	9.5000001465451E-7
385.00	9.5000001465451E-7
385.50	9.5000001465451E-7
386.00	9.5000001465451E-7
386.50	9.5000001465451E-7
387.00	9.5000001465451E-7
387.50	9.5000001465451E-7
388.00	9.5000001465451E-7
388.50	9.5000001465451E-7
389.00	9.5000001465451E-7
389.50	9.5000001465451E-7
390.00	9.5000001465451E-7
390.50	9.5000001465451E-7
391.00	9.5000001465451E-7
391.50	9.5000001465451E-7
392.00	9.5000001465451E-7
392.50	9.5000001465451E-7
393.00	9.5000001465451E-7
393.50	9.5000001465451E-7
394.00	9.5000001465451E-7
394.50	9.5000001465451E-7
395.00	9.5000001465451E-7
395.50	9.5000001465451E-7
396.00	9.5000001465451E-7
396.50	9.5000001465451E-7
397.00	9.5000001465451E-7
397.50	9.5000001465451E-7
398.00	9.5000001465451E-7
398.50	9.5000001465451E-7
399.00	9.5000001465451E-7
399.50	9.5000001465451E-7
400.00	9.5000001465451E-7
400.50	9.5000001465451E-7
401.00	9.5000001465451E-7
401.50	9.5000001465451E-7
402.00	9.5000001465451E-7
402.50	9.5000001465451E-7
403.00	9.5000001465451E-7
403.50	9.5000001465451E-7
404.00	9.5000001465451E-7
404.50	9.5000001465451E-7
405.00	9.5000001465451E-7
405.50	9.5000001465451E-7
406.00	9.5000001465451E-7
406.50	9.5000001465451E-7
407.00	9.5000001465451E-7
407.50	9.5000001465451E-7
408.00	9.5000001465451E-7
408.50	9.5000001465451E-7
409.00	9.5000001465451E-7
409.50	9.5000001465451E-7
410.00	9.5000001465451E-7
410.50	9.5000001465451E-7
411.00	9.5000001465451E-7
411.50	9.5000001465451E-7
412.00	9.5000001465451E-7
412.50	9.5000001465451E-7
413.00	9.5000001465451E-7
413.50	9.5000001465451E-7
414.00	9.5000001465451E-7
414.50	9.5000001465451E-7
415.00	9.5000001465451E-7
415.50	9.5000001465451E-7
416.00	9.5000001465451E-7
416.50	9.5000001465451E-7
417.00	9.5000001465451E-7
417.50	9.5000001465451E-7
418.00	9.5000001465451E-7
418.50	9.5000001465451E-7
419.00	9.5000001465451E-7
419.50	9.5000001465451E-7
420.00	9.5000001465451E-7
420.50	9.5000001465451E-7
421.00	9.5000001465451E-7
421.50	9.5000001465451E-7
422.00	9.5000001465451E-7
422.50	9.5000001465451E-7
423.00	9.5000001465451E-7
423.50	9.5000001465451E-7
424.00	9.5000001465451E-7
424.50	9.5000001465451E-7
425.00	9.5000001465451E-7
425.50	9.5000001465451E-7
426.00	9.5000001465451E-7
426.50	9.5000001465451E-7
427.00	9.5000001465451E-7
427.50	9.5000001465451E-7
428.00	9.5000001465451E-7
428.50	9.5000001465451E-7
429.00	9.5000001465451E-7
429.50	9.5000001465451E-7
430.00	9.5000001465451E-7
430.50	9.5000001465451E-7
431.00	9.5000001465451E-7
431.50	9.5000001465451E-7
432.00	9.5000001465451E-7
432.50	9.5000001465451E-7
433.00	9.5000001465451E-7
433.50	9.5000001465451E-7
434.00	9.5000001465451E-7
434.50	9.5000001465451E-7
435.00	9.5000001465451E-7
435.50	9.5000001465451E-7
436.00	9.5000001465451E-7
436.50	9.5000001465451E-7
437.00	9.5000001465451E-7
437.50	9.5000001465451E-7
438.00	9.5000001465451E-7
438.50	9.5000001465451E-7
439.00	9.5000001465451E-7
439.50	9.5000001465451E-7
440.00	9.5000001465451E-7
440.50	9.5000001465451E-7
441.00	9.5000001465451E-7
441.50	9.5000001465451E-7
442.00	9.5000001465451E-7
442.50	9.5000001465451E-7
443.00	9.5000001465451E-7
443.50	9.5000001465451E-7
444.00	9.5000001465451E-7
444.50	9.5000001465451E-7
445.00	9.5000001465451E-7
445.50	9.5000001465451E-7
446.00	9.5000001465451E-7
446.50	9.5000001465451E-7
447.00	9.5000001465451E-7
447.50	9.5000001465451E-7
448.00	9.5000001465451E-7
448.50	9.5000001465451E-7
449.00	9.5000001465451E-7
449.50	9.5000001465451E-7
450.00	9.5000001465451E-7
450.50	9.5000001465451E-7
451.00	9.5000001465451E-7
451.50	9.5000001465451E-7
452.00	9.5000001465451E-7
452.50	9.5000001465451E-7
453.00	9.5000001465451E-7
453.50	9.5000001465451E-7
454.00	9.5000001465451E-7
454.50	9.5000001465451E-7
455.00	9.5000001465451E-7
455.50	9.5000001465451E-7
456.00	9.5000001465451E-7
456.50	9.5000001465451E-7
457.00	9.5000001465451E-7
457.50	9.5000001465451E-7
458.00	9.5000001465451E-7
458.50	9.5000001465451E-7
459.00	9.5000001465451E-7
459.50	9.5000001465451E-7
460.00	9.5000001465451E-7
460.50	9.5000001465451E-7
461.00	9.5000001465451E-7
461.50	9.5000001465451E-7
462.00	9.5000001465451E-7
462.50	9.5000001465451E-7
463.00	9.5000001465451E-7
463.50	9.5000001465451E-7
464.00	9.5000001465451E-7
464.50	9.5000001465451E-7
465.00	9.5000001465451E-7
465.50	9.5000001465451E-7
466.00	9.5000001465451E-7
466.50	9.5000001465451E-7
467.00	9.5000001465451E-7
467.50	9.5000001465451E-7
468.00	9.5000001465451E-7
468.50	9.5000001465451E-7
469.00	9.5000001465451E-7
469.50	9.5000001465451E-7
470.00	9.5000001465451E-7
470.50	9.5000001465451E-7
471.00	9.5000001465451E-7
471.50	9.5000001465451E-7
472.00	9.5000001465451E-7
472.50	9.5000001465451E-7
473.00	9.5000001465451E-7
473.50	9.5000001465451E-7
474.00	9.5000001465451E-7
474.50	1.8458499653207E-6
475.00	4.6964100874902E-6
475.50	1.3704499906453E-5
476.00	4.2690899135778E-5
476.50	0.00015443499432877
477.00	0.00057194102555513
477.50	0.0024144400376827
478.00	0.01240919996053
478.50	0.066795900464058
479.00	0.25112500786781
479.50	0.55965197086334
480.00	0.83468300104141
480.50	0.95342397689819
481.00	0.97551000118256
481.50	0.96828198432922
482.00	0.94860100746155
482.50	0.93800300359726
483.00	0.93955898284912
483.50	0.95278400182724
484.00	0.968357026577
484.50	0.97898101806641
485.00	0.9791139960289
485.50	0.97380602359772
486.00	0.97226601839066
486.50	0.97345197200775
487.00	0.97753399610519
487.50	0.98307502269745
488.00	0.98497700691223
488.50	0.9848809838295
489.00	0.97979801893234
489.50	0.97755497694016
490.00	0.97593301534653
490.50	0.97722500562668
491.00	0.98024100065231
491.50	0.98462700843811
492.00	0.98543298244476
492.50	0.9829049706459
493.00	0.98059099912643
493.50	0.97753399610519
494.00	0.9745420217514
494.50	0.97753697633743
495.00	0.98106902837753
495.50	0.98117399215698
496.00	0.98522698879242
496.50	0.98708099126816
497.00	0.98688501119614
497.50	0.98462301492691
498.00	0.98369598388672
498.50	0.9851930141449
499.00	0.98682397603989
499.50	0.98918402194977
500.00	0.99001097679138
500.50	0.99160599708557
501.00	0.99019402265549
501.50	0.98703098297119
502.00	0.98476999998093
502.50	0.98357999324799
503.00	0.98260301351547
503.50	0.98220598697662
504.00	0.98381698131561
504.50	0.98581498861313
505.00	0.98777800798416
505.50	0.98715901374817
506.00	0.98483502864838
506.50	0.98451000452042
507.00	0.98378002643585
507.50	0.98127502202988
508.00	0.9810379743576
508.50	0.9816899895668
509.00	0.98054802417755
509.50	0.98100602626801
510.00	0.98049002885818
510.50	0.98158097267151
511.00	0.98253697156906
511.50	0.98380398750305
512.00	0.98341602087021
512.50	0.98202902078629
513.00	0.98120498657227
513.50	0.98224401473999
514.00	0.98236399888992
514.50	0.98484897613525
515.00	0.98567897081375
515.50	0.98595899343491
516.00	0.98361498117447
516.50	0.97625398635864
517.00	0.96067297458649
517.50	0.94380801916122
518.00	0.93255198001862
518.50	0.86313199996948
519.00	0.63591802120209
519.50	0.31490099430084
520.00	0.040191899985075
520.50	0.020188499242067
521.00	0.0046746898442507
521.50	0.0013281999854371
522.00	0.00042808600119315
522.50	0.00015287499991246
523.00	6.11998984823E-5
523.50	2.5113400624832E-5
524.00	1.1630700100795E-5
524.50	5.1854599405488E-6
525.00	2.7807400329039E-6
525.50	1.3459100500768E-6
526.00	9.5000001465451E-7
526.50	9.5000001465451E-7
527.00	9.5000001465451E-7
527.50	9.5000001465451E-7
528.00	9.5000001465451E-7
528.50	9.5000001465451E-7
529.00	9.5000001465451E-7
529.50	9.5000001465451E-7
530.00	9.5000001465451E-7
530.50	9.5000001465451E-7
531.00	9.5000001465451E-7
531.50	9.5000001465451E-7
532.00	9.5000001465451E-7
532.50	9.5000001465451E-7
533.00	9.5000001465451E-7
533.50	9.5000001465451E-7
534.00	9.5000001465451E-7
534.50	9.5000001465451E-7
535.00	9.5000001465451E-7
535.50	9.5000001465451E-7
536.00	9.5000001465451E-7
536.50	9.5000001465451E-7
537.00	9.5000001465451E-7
537.50	9.5000001465451E-7
538.00	9.5000001465451E-7
538.50	9.5000001465451E-7
539.00	9.5000001465451E-7
539.50	9.5000001465451E-7
540.00	9.5000001465451E-7
540.50	9.5000001465451E-7
541.00	9.5000001465451E-7
541.50	9.5000001465451E-7
542.00	9.5000001465451E-7
542.50	9.5000001465451E-7
543.00	9.5000001465451E-7
543.50	9.5000001465451E-7
544.00	9.5000001465451E-7
544.50	9.5000001465451E-7
545.00	9.5000001465451E-7
545.50	9.5000001465451E-7
546.00	9.5000001465451E-7
546.50	9.5000001465451E-7
547.00	9.5000001465451E-7
547.50	9.5000001465451E-7
548.00	9.5000001465451E-7
548.50	9.5000001465451E-7
549.00	9.5000001465451E-7
549.50	9.5000001465451E-7
550.00	9.5000001465451E-7
550.50	9.5000001465451E-7
551.00	9.5000001465451E-7
551.50	9.5000001465451E-7
552.00	9.5000001465451E-7
552.50	9.5000001465451E-7
553.00	9.5000001465451E-7
553.50	9.5000001465451E-7
554.00	9.5000001465451E-7
554.50	9.5000001465451E-7
555.00	9.5000001465451E-7
555.50	9.5000001465451E-7
556.00	9.5000001465451E-7
556.50	9.5000001465451E-7
557.00	9.5000001465451E-7
557.50	9.5000001465451E-7
558.00	9.5000001465451E-7
558.50	9.5000001465451E-7
559.00	9.5000001465451E-7
559.50	9.5000001465451E-7
560.00	9.5000001465451E-7
560.50	9.5000001465451E-7
561.00	9.5000001465451E-7
561.50	9.5000001465451E-7
562.00	9.5000001465451E-7
562.50	9.5000001465451E-7
563.00	9.5000001465451E-7
563.50	9.5000001465451E-7
564.00	9.5000001465451E-7
564.50	9.5000001465451E-7
565.00	9.5000001465451E-7
565.50	9.5000001465451E-7
566.00	9.5000001465451E-7
566.50	9.5000001465451E-7
567.00	9.5000001465451E-7
567.50	9.5000001465451E-7
568.00	9.5000001465451E-7
568.50	9.5000001465451E-7
569.00	9.5000001465451E-7
569.50	9.5000001465451E-7
570.00	9.5000001465451E-7
570.50	9.5000001465451E-7
571.00	9.5000001465451E-7
571.50	9.5000001465451E-7
572.00	9.5000001465451E-7
572.50	9.5000001465451E-7
573.00	9.5000001465451E-7
573.50	9.5000001465451E-7
574.00	9.5000001465451E-7
574.50	9.5000001465451E-7
575.00	9.5000001465451E-7
575.50	9.5000001465451E-7
576.00	9.5000001465451E-7
576.50	9.5000001465451E-7
577.00	9.5000001465451E-7
577.50	9.5000001465451E-7
578.00	9.5000001465451E-7
578.50	9.5000001465451E-7
579.00	9.5000001465451E-7
579.50	9.5000001465451E-7
580.00	9.5000001465451E-7
580.50	9.5000001465451E-7
581.00	9.5000001465451E-7
581.50	9.5000001465451E-7
582.00	9.5000001465451E-7
582.50	9.5000001465451E-7
583.00	9.5000001465451E-7
583.50	9.5000001465451E-7
584.00	9.5000001465451E-7
584.50	9.5000001465451E-7
585.00	9.5000001465451E-7
585.50	9.5000001465451E-7
586.00	9.5000001465451E-7
586.50	9.5000001465451E-7
587.00	9.5000001465451E-7
587.50	9.5000001465451E-7
588.00	9.5000001465451E-7
588.50	9.5000001465451E-7
589.00	9.5000001465451E-7
589.50	9.5000001465451E-7
590.00	9.5000001465451E-7
590.50	9.5000001465451E-7
591.00	9.5000001465451E-7
591.50	9.5000001465451E-7
592.00	9.5000001465451E-7
592.50	9.5000001465451E-7
593.00	9.5000001465451E-7
593.50	9.5000001465451E-7
594.00	9.5000001465451E-7
594.50	9.5000001465451E-7
595.00	9.5000001465451E-7
595.50	9.5000001465451E-7
596.00	9.5000001465451E-7
596.50	9.5000001465451E-7
597.00	9.5000001465451E-7
597.50	9.5000001465451E-7
598.00	9.5000001465451E-7
598.50	9.5000001465451E-7
599.00	9.5000001465451E-7
599.50	9.5000001465451E-7
600.00	9.5000001465451E-7
600.50	9.5000001465451E-7
601.00	9.5000001465451E-7
601.50	9.5000001465451E-7
602.00	9.5000001465451E-7
602.50	9.5000001465451E-7
603.00	9.5000001465451E-7
603.50	9.5000001465451E-7
604.00	9.5000001465451E-7
604.50	9.5000001465451E-7
605.00	9.5000001465451E-7
605.50	9.5000001465451E-7
606.00	9.5000001465451E-7
606.50	9.5000001465451E-7
607.00	9.5000001465451E-7
607.50	9.5000001465451E-7
608.00	9.5000001465451E-7
608.50	9.5000001465451E-7
609.00	9.5000001465451E-7
609.50	9.5000001465451E-7
610.00	9.5000001465451E-7
610.50	9.5000001465451E-7
611.00	9.5000001465451E-7
611.50	9.5000001465451E-7
612.00	9.5000001465451E-7
612.50	2.0185400444461E-6
613.00	4.3051099964941E-6
613.50	8.1137995948666E-6
614.00	1.6358999346267E-5
614.50	3.9607301005162E-5
615.00	9.8774798971135E-5
615.50	0.00021090799418744
616.00	0.00032711299718358
616.50	0.00038453200249933
617.00	0.00039834401104599
617.50	0.00040140899363905
618.00	0.00039333300082944
618.50	0.00036651300615631
619.00	0.00032559898681939
619.50	0.00028716199449264
620.00	0.00025988699053414
620.50	0.00025227598962374
621.00	0.00026198499836028
621.50	0.00028441299218684
622.00	0.00031067000236362
622.50	0.00032872200245038
623.00	0.0003321839903947
623.50	0.00031723501160741
624.00	0.00028627400752157
624.50	0.0002432720066281
625.00	0.00020536000374705
625.50	0.00017072800255846
626.00	0.00014564000593964
626.50	0.00012939900625497
627.00	0.00012262800009921
627.50	0.00011955499940086
628.00	0.0001236560055986
628.50	0.0001332289975835
629.00	0.00014874800399411
629.50	0.00016601600509603
630.00	0.00017917799414136
630.50	0.00018664399976842
631.00	0.00018830700719263
631.50	0.00018319100490771
632.00	0.00017344100342598
632.50	0.00015830200572964
633.00	0.00014125400048215
633.50	0.0001224470033776
634.00	0.0001060430004145
634.50	9.4655202701688E-5
635.00	8.6542298959102E-5
635.50	8.234909910243E-5
636.00	7.9612997069489E-5
636.50	7.9949502833188E-5
637.00	8.2611499237828E-5
637.50	8.8838096417021E-5
638.00	9.6779302111827E-5
638.50	0.00010899700282607
639.00	0.00012506000348367
639.50	0.00014422299864236
640.00	0.00016150099691004
640.50	0.00017351300630253
641.00	0.00018364400602877
641.50	0.00018982699839398
642.00	0.00019365400657989
642.50	0.00019460900512058
643.00	0.0001907889964059
643.50	0.00018162600463256
644.00	0.00017066899454221
644.50	0.00015929300570861
645.00	0.00015121800242923
645.50	0.00014510100299958
646.00	0.00014087199815549
646.50	0.00014012500469107
647.00	0.00014099599502515
647.50	0.00014408200513572
648.00	0.00015060100122355
648.50	0.00016134200268425
649.00	0.00017147899779957
649.50	0.00018375299987383
650.00	0.00019823100592475
650.50	0.00021272500453051
651.00	0.00022376400011126
651.50	0.00022843800252303
652.00	0.00022686499869451
652.50	0.00021751799795311
653.00	0.00020566300372593
653.50	0.00018961199384648
654.00	0.00017102199490182
654.50	0.00015387299936265
655.00	0.00013575000048149
655.50	0.00011883200204466
656.00	0.0001042209987645
656.50	9.2208501882851E-5
657.00	7.9712197475601E-5
657.50	7.1339396527037E-5
658.00	6.4286999986507E-5
658.50	5.8635501773097E-5
659.00	5.4229698434938E-5
659.50	5.0806898798328E-5
660.00	4.8753299779491E-5
660.50	4.7680299758213E-5
661.00	4.6586599637521E-5
661.50	4.6030600060476E-5
662.00	4.6476900024572E-5
662.50	4.7445799282286E-5
663.00	4.7611498303013E-5
663.50	4.9157701141667E-5
664.00	5.021909964853E-5
664.50	5.1051400077995E-5
665.00	5.2051298553124E-5
665.50	5.2276198402978E-5
666.00	5.3294199460652E-5
666.50	5.6243701692438E-5
667.00	5.7570701756049E-5
667.50	6.0359798226273E-5
668.00	6.3102997955866E-5
668.50	6.6319000325166E-5
669.00	7.1035799919628E-5
669.50	7.472690049326E-5
670.00	8.1612699432299E-5
670.50	8.9573099103291E-5
671.00	0.00010016199667007
671.50	0.00011251000250923
672.00	0.00012819400581066
672.50	0.00014911500329617
673.00	0.00017790599667933
673.50	0.00021157899755053
674.00	0.00025378400459886
674.50	0.00029862899100408
675.00	0.00033611801336519
675.50	0.000355247000698
676.00	0.00035015298635699
676.50	0.00031742200371809
677.00	0.00026972498744726
677.50	0.00021823499992024
678.00	0.00017343999934383
678.50	0.00013563499669544
679.00	0.00010789099906106
679.50	8.4936102211941E-5
680.00	6.8823501351289E-5
680.50	5.6252698414028E-5
681.00	4.616269870894E-5
681.50	3.8717800634913E-5
682.00	3.2457101042382E-5
682.50	2.7820999093819E-5
683.00	2.3890499505796E-5
683.50	2.1030100469943E-5
684.00	1.8145499780076E-5
684.50	1.573779991304E-5
685.00	1.3918999684392E-5
685.50	1.2257400157978E-5
686.00	1.1000600352418E-5
686.50	1.0269600352331E-5
687.00	8.90524006536E-6
687.50	7.5771599767904E-6
688.00	7.2383299993817E-6
688.50	6.6777802203433E-6
689.00	5.9507901823963E-6
689.50	5.7152301451424E-6
690.00	4.9917198339244E-6
690.50	4.5346600927587E-6
691.00	4.0977702155942E-6
691.50	3.9502301660832E-6
692.00	3.5652099086292E-6
692.50	3.3450498904131E-6
693.00	3.068749947488E-6
693.50	2.9581699436676E-6
694.00	2.7527698875929E-6
694.50	2.5503300093987E-6
695.00	2.3399900328513E-6
695.50	1.935419959409E-6
696.00	1.9323299511598E-6
696.50	1.8866300024456E-6
697.00	1.4622700064137E-6
697.50	1.4624199593527E-6
698.00	1.3987399825055E-6
698.50	1.3482499525708E-6
699.00	1.3782299674858E-6
699.50	1.1491499662952E-6
700.00	1.0151600235986E-6
700.50	1.0401799954707E-6
701.00	9.5000001465451E-7
701.50	1.0002399903897E-6
702.00	1.0950500382023E-6
702.50	1.1214999631193E-6
703.00	9.5000001465451E-7
703.50	9.5000001465451E-7
704.00	9.5000001465451E-7
704.50	9.5000001465451E-7
705.00	9.5000001465451E-7
705.50	9.5000001465451E-7
706.00	9.5000001465451E-7
706.50	9.5000001465451E-7
707.00	9.5000001465451E-7
707.50	9.5000001465451E-7
708.00	9.5000001465451E-7
708.50	9.5000001465451E-7
709.00	9.5000001465451E-7
709.50	9.5000001465451E-7
710.00	9.5000001465451E-7
710.50	9.5000001465451E-7
711.00	9.5000001465451E-7
711.50	9.5000001465451E-7
712.00	9.5000001465451E-7
712.50	9.5000001465451E-7
713.00	9.5000001465451E-7
713.50	9.5000001465451E-7
714.00	9.5000001465451E-7
714.50	9.5000001465451E-7
715.00	9.5000001465451E-7
715.50	9.5000001465451E-7
716.00	9.5000001465451E-7
716.50	9.5000001465451E-7
717.00	9.5000001465451E-7
717.50	9.5000001465451E-7
718.00	9.5000001465451E-7
718.50	9.5000001465451E-7
719.00	9.5000001465451E-7
719.50	9.5000001465451E-7
720.00	9.5000001465451E-7
720.50	9.5000001465451E-7
721.00	9.5000001465451E-7
721.50	9.5000001465451E-7
722.00	9.5000001465451E-7
722.50	9.5000001465451E-7
723.00	9.5000001465451E-7
723.50	9.5000001465451E-7
724.00	9.5000001465451E-7
724.50	9.5000001465451E-7
725.00	9.5000001465451E-7
725.50	9.5000001465451E-7
726.00	9.5000001465451E-7
726.50	9.5000001465451E-7
727.00	9.5000001465451E-7
727.50	9.5000001465451E-7
728.00	9.5000001465451E-7
728.50	9.5000001465451E-7
729.00	9.5000001465451E-7
729.50	9.5000001465451E-7
730.00	9.5000001465451E-7
730.50	9.5000001465451E-7
731.00	9.5000001465451E-7
731.50	9.5000001465451E-7
732.00	9.5000001465451E-7
732.50	9.5000001465451E-7
733.00	9.5000001465451E-7
733.50	9.5000001465451E-7
734.00	9.5000001465451E-7
734.50	9.5000001465451E-7
735.00	9.5000001465451E-7
735.50	9.5000001465451E-7
736.00	9.6764699719643E-7
736.50	1.2258300330359E-6
737.00	1.0618699661791E-6
737.50	1.0243800261378E-6
738.00	9.5000001465451E-7
738.50	1.4772999747947E-6
739.00	1.331679982286E-6
739.50	1.4074699947741E-6
740.00	1.1460899713711E-6
740.50	1.5086700386746E-6
741.00	1.5497699905609E-6
741.50	1.7068699662559E-6
742.00	1.801920006983E-6
742.50	2.1307700990292E-6
743.00	2.1181199372222E-6
743.50	2.1488099264388E-6
744.00	2.3152699668572E-6
744.50	3.4033500924124E-6
745.00	3.3557000733708E-6
745.50	3.4506399515521E-6
746.00	3.5385698993196E-6
746.50	4.2774399844347E-6
747.00	4.3774798541563E-6
747.50	4.8318697736249E-6
748.00	5.7464499150228E-6
748.50	5.9549502111622E-6
749.00	6.8053100221732E-6
749.50	7.1668400778435E-6
750.00	8.2495198512333E-6
750.50	8.7694497779012E-6
751.00	9.3008102339809E-6
751.50	1.1278500096523E-5
752.00	1.2078899999324E-5
752.50	1.4380399989022E-5
753.00	1.50654996105E-5
753.50	1.70817002072E-5
754.00	1.9853299818351E-5
754.50	2.2754400561098E-5
755.00	2.57847004832E-5
755.50	2.9973900382174E-5
756.00	3.318829840282E-5
756.50	3.7134501326364E-5
757.00	4.5431101170834E-5
757.50	5.4087799071567E-5
758.00	6.1320199165493E-5
758.50	7.570630259579E-5
759.00	8.7250497017521E-5
759.50	0.00010027700045612
760.00	0.00011801299842773
760.50	0.00013021100312471
761.00	0.00014516100054607
761.50	0.00015302299289033
762.00	0.00014858499343973
762.50	0.0001471150026191
763.00	0.00013373600086197
763.50	0.00011814699973911
764.00	0.00010402699990664
764.50	8.6917003500275E-5
765.00	7.4834300903603E-5
765.50	6.9230198278092E-5
766.00	5.5471198720625E-5
766.50	4.916370016872E-5
767.00	4.1558399971109E-5
767.50	3.7294099456631E-5
768.00	3.3212800190086E-5
768.50	2.8998700145166E-5
769.00	2.565820068412E-5
769.50	2.2457099476014E-5
770.00	2.0582900106092E-5
770.50	1.8934599211207E-5
771.00	1.8967000869452E-5
771.50	1.5022300431156E-5
772.00	1.4199100405676E-5
772.50	1.3992599633639E-5
773.00	1.3580300219473E-5
773.50	1.2314099876676E-5
774.00	1.073549992725E-5
774.50	1.0996500350302E-5
775.00	9.5366303867195E-6
775.50	9.3747603386873E-6
776.00	9.4679498943151E-6
776.50	8.6955697042868E-6
777.00	8.029819582589E-6
777.50	8.9037503130385E-6
778.00	6.8577401179937E-6
778.50	7.8857601693016E-6
779.00	8.0016397987492E-6
779.50	7.4444601523282E-6
780.00	6.8174699663359E-6
780.50	6.2237400015874E-6
781.00	7.5591501627059E-6
781.50	6.7524802034313E-6
782.00	7.2548600655864E-6
782.50	7.4778299676836E-6
783.00	5.8360601542518E-6
783.50	6.4965502133418E-6
784.00	6.3988500187406E-6
784.50	6.3935099205992E-6
785.00	6.6337997850496E-6
785.50	6.4224600464513E-6
786.00	6.4987698351615E-6
786.50	7.1713097895554E-6
787.00	6.3062898334465E-6
787.50	8.0367899499834E-6
788.00	7.1674799073662E-6
788.50	6.8692102104251E-6
789.00	7.0002802203817E-6
789.50	7.9121200542431E-6
790.00	7.7394097388606E-6
790.50	7.4480099101493E-6
791.00	8.4656703620567E-6
791.50	8.4895500549464E-6
792.00	8.8772803792381E-6
792.50	8.0301097113988E-6
793.00	8.7599701146246E-6
793.50	9.7741503850557E-6
794.00	9.6590902103344E-6
794.50	1.0918600310106E-5
795.00	9.7396596174804E-6
795.50	1.1319400073262E-5
796.00	1.3378399671637E-5
796.50	1.248989974556E-5
797.00	1.4764399566047E-5
797.50	1.5420400814037E-5
798.00	1.4967599781812E-5
798.50	1.6746900655562E-5
799.00	1.7462100004195E-5
799.50	1.9424400306889E-5
800.00	1.9975399482064E-5
800.50	2.4706099793548E-5
801.00	2.3971899281605E-5
801.50	2.3081700419425E-5
802.00	2.6326499209972E-5
802.50	3.0907100153854E-5
803.00	3.5291999665787E-5
803.50	3.7566398532363E-5
804.00	3.9608599763596E-5
804.50	4.3956799345324E-5
805.00	4.8989699280355E-5
805.50	5.4808398999739E-5
806.00	6.2694700318389E-5
806.50	6.8095498136245E-5
807.00	7.7893397246953E-5
807.50	8.5747298726346E-5
808.00	9.609830158297E-5
808.50	0.00011201100278413
809.00	0.00012346399307717
809.50	0.00013892199785914
810.00	0.00014927500160411
810.50	0.00017175900575239
811.00	0.00019662799604703
811.50	0.00021926300541963
812.00	0.0002376530028414
812.50	0.00026218700804748
813.00	0.00027441699057817
813.50	0.00028793601086363
814.00	0.00030650300323032
814.50	0.00032005700631998
815.00	0.00031346001196653
815.50	0.00031773801310919
816.00	0.00031247400329448
816.50	0.00030102400342003
817.00	0.00029043899849057
817.50	0.00027893201331608
818.00	0.00027565300115384
818.50	0.00026421900838614
819.00	0.0002469850005582
819.50	0.00023912500182632
820.00	0.00024023000150919
820.50	0.00022513499425258
821.00	0.00021543700131588
821.50	0.00020743699860759
822.00	0.00020417300402187
822.50	0.00019032499403693
823.00	0.00019593100296333
823.50	0.00019042400526814
824.00	0.00019250200421084
824.50	0.000175680994289
825.00	0.00017625000327826
825.50	0.0001843289937824
826.00	0.0001656219974393
826.50	0.00016991200391203
827.00	0.00017638399731368
827.50	0.00017279900202993
828.00	0.00017253600526601
828.50	0.00017737799498718
829.00	0.00017811100406107
829.50	0.00017020500672515
830.00	0.00016991799930111
830.50	0.00017801400099415
831.00	0.00017951500194613
831.50	0.00018320699746255
832.00	0.00018664599338081
832.50	0.00018372699560132
833.00	0.00017978399409913
833.50	0.00019317099940963
834.00	0.00018620399350766
834.50	0.00018473800446372
835.00	0.00020227899949532
835.50	0.00019369900110178
836.00	0.0002015880018007
836.50	0.00020219199359417
837.00	0.00020219599537086
837.50	0.00020030100131407
838.00	0.0001940200017998
838.50	0.00020667200442404
839.00	0.00020368299738038
839.50	0.00020383700029925
840.00	0.00020329799735919
840.50	0.00021307899442036
841.00	0.0002079770056298
841.50	0.00021591399854515
842.00	0.00021571099932771
842.50	0.00020892299653497
843.00	0.00022387200442608
843.50	0.00022246599837672
844.00	0.00020720199972857
844.50	0.0002094140072586
845.00	0.00022016899310984
845.50	0.00021353400370572
846.00	0.00021487000049092
846.50	0.00021473200467881
847.00	0.00021202200150583
847.50	0.00020702400070149
848.00	0.00020658399444073
848.50	0.00020028899598401
849.00	0.00022620799427386
849.50	0.00021946699416731
850.00	0.00023434100148734
850.50	0.00023476200294681
851.00	0.00023518099624198
851.50	0.00023893600155134
852.00	0.00024271999427583
852.50	0.00024331800523214
853.00	0.00024391499755438
853.50	0.0002474430075381
854.00	0.00025096800527535
854.50	0.00025453200214542
855.00	0.00025808799546212
855.50	0.0002628699876368
856.00	0.00026766999508254
856.50	0.00027222398784943
857.00	0.0002767640107777
857.50	0.00028274700162001
858.00	0.00028870499227196
858.50	0.00029676000121981
859.00	0.00030486099421978
859.50	0.0003148170071654
860.00	0.00032479799119756
860.50	0.00033535700640641
861.00	0.00034589399001561
861.50	0.00035769600071944
862.00	0.00036944999010302
862.50	0.00038233000668697
863.00	0.00039517000550404
863.50	0.00041397800669074
864.00	0.00043289599125274
864.50	0.00045259299804457
865.00	0.00047212399658747
865.50	0.00049734697677195
866.00	0.00052276102360338
866.50	0.00055068201618269
867.00	0.00057844002731144
867.50	0.00061391701456159
868.00	0.00064930901862681
868.50	0.00069259997690096
869.00	0.00073594698915258
869.50	0.00078697601566091
870.00	0.00083798199193552
870.50	0.00089883297914639
871.00	0.00095970497932285
871.50	0.001037779962644
872.00	0.0011158699635416
872.50	0.0012102599721402
873.00	0.0013046299573034
873.50	0.00141770998016
874.00	0.0015301100211218
874.50	0.001687670010142
875.00	0.0018460700521246
875.50	0.0020273099653423
876.00	0.002207410056144
876.50	0.0024509499780834
877.00	0.0026946600992233
877.50	0.0030174299608916
878.00	0.0033393600024283
878.50	0.0037586400285363
879.00	0.004180490039289
879.50	0.0047172899357975
880.00	0.0052517200820148
880.50	0.005967509932816
881.00	0.0066803898662329
881.50	0.0076311500743032
882.00	0.0085856104269624
882.50	0.0097892796620727
883.00	0.010989700444043
883.50	0.012528600171208
884.00	0.014082100242376
884.50	0.015795199200511
885.00	0.017496800050139
885.50	0.019310399889946
886.00	0.021125499159098
886.50	0.022646699100733
887.00	0.024157699197531
887.50	0.025423800572753
888.00	0.026697099208832
888.50	0.027154600247741
889.00	0.027609700337052
889.50	0.027613699436188
890.00	0.027617700397968
890.50	0.027005299925804
891.00	0.02639489993453
891.50	0.025614399462938
892.00	0.024835299700499
892.50	0.023957999423146
893.00	0.023084400221705
893.50	0.022265499457717
894.00	0.021446900442243
894.50	0.02081779949367
895.00	0.020185299217701
895.50	0.01950260065496
896.00	0.018827799707651
896.50	0.018449800089002
897.00	0.018069200217724
897.50	0.017722100019455
898.00	0.017376000061631
898.50	0.017157699912786
899.00	0.016939399763942
899.50	0.016818100586534
900.00	0.01669679954648
900.50	0.016676599159837
901.00	0.016656300053
901.50	0.016752799972892
902.00	0.016849599778652
902.50	0.016971599310637
903.00	0.017092999070883
903.50	0.01737429946661
904.00	0.017655899748206
904.50	0.018012000247836
905.00	0.01836740039289
905.50	0.018814099952579
906.00	0.019258299842477
906.50	0.019934199750423
907.00	0.020610699430108
907.50	0.021373700350523
908.00	0.022133000195026
908.50	0.023156899958849
909.00	0.024182200431824
909.50	0.025455199182034
910.00	0.026722500100732
910.50	0.028378700837493
911.00	0.030028099194169
911.50	0.032434798777103
912.00	0.034865498542786
912.50	0.037827599793673
913.00	0.040787901729345
913.50	0.044833898544312
914.00	0.048867598176003
914.50	0.054488498717546
915.00	0.060101501643658
915.50	0.068345800042152
916.00	0.076627403497696
916.50	0.088878601789474
917.00	0.1010669991374
917.50	0.12015800178051
918.00	0.13922099769115
918.50	0.16975300014019
919.00	0.20034900307655
919.50	0.25264701247215
920.00	0.30480200052261
920.50	0.37946200370789
921.00	0.45374399423599
921.50	0.53043699264526
922.00	0.60739797353745
922.50	0.6159970164299
923.00	0.62462401390076
923.50	0.55349498987198
924.00	0.48245000839233
924.50	0.40451601147652
925.00	0.32689800858498
925.50	0.27461099624634
926.00	0.22249099612236
926.50	0.18994499742985
927.00	0.15747499465942
927.50	0.1376059949398
928.00	0.11767400056124
928.50	0.10496900230646
929.00	0.092232502996922
929.50	0.083256497979164
930.00	0.074306599795818
930.50	0.06832479685545
931.00	0.062334999442101
931.50	0.058188199996948
932.00	0.054031100124121
932.50	0.050652600824833
933.00	0.047290500253439
933.50	0.044997900724411
934.00	0.042712301015854
934.50	0.041004400700331
935.00	0.039300598204136
935.50	0.0380479991436
936.00	0.036798000335693
936.50	0.036159001290798
937.00	0.03551460057497
937.50	0.034862101078033
938.00	0.034214701503515
938.50	0.034129600971937
939.00	0.034044001251459
939.50	0.034028101712465
940.00	0.034012101590633
940.50	0.034359000623226
941.00	0.034705698490143
941.50	0.035350400954485
942.00	0.035996198654175
942.50	0.036790799349546
943.00	0.037579201161861
943.50	0.03901319950819
944.00	0.040451899170876
944.50	0.042342100292444
945.00	0.04424349963665
945.50	0.046614401042461
946.00	0.048975799232721
946.50	0.05205750092864
947.00	0.055120699107647
947.50	0.059360899031162
948.00	0.0636186003685
948.50	0.069905199110508
949.00	0.076188303530216
949.50	0.084502100944519
950.00	0.092878498136997
950.50	0.10367999970913
951.00	0.11441499739885
951.50	0.1309719979763
952.00	0.14753800630569
952.50	0.17048600316048
953.00	0.19351400434971
953.50	0.22400400042534
954.00	0.25442299246788
954.50	0.29389199614525
955.00	0.33308899402618
955.50	0.36772701144218
956.00	0.40247800946236
956.50	0.41471600532532
957.00	0.42693901062012
957.50	0.40964698791504
958.00	0.39228901267052
958.50	0.35508900880814
959.00	0.31803900003433
959.50	0.28185498714447
960.00	0.24592900276184
960.50	0.21911600232124
961.00	0.19200399518013
961.50	0.17011499404907
962.00	0.14833299815655
962.50	0.13395899534225
963.00	0.11959800124168
963.50	0.10944499820471
964.00	0.09925439953804
964.50	0.090990796685219
965.00	0.082788497209549
965.50	0.077304996550083
966.00	0.071796402335167
966.50	0.067755997180939
967.00	0.063706301152706
967.50	0.060423400253057
968.00	0.057165298610926
968.50	0.055017501115799
969.00	0.052854299545288
969.50	0.051162101328373
970.00	0.049465000629425
970.50	0.048007801175117
971.00	0.046561900526285
971.50	0.045693598687649
972.00	0.044825099408627
972.50	0.044186901301146
973.00	0.043552201241255
973.50	0.043455999344587
974.00	0.043359201401472
974.50	0.043472498655319
975.00	0.043585799634457
975.50	0.044057700783014
976.00	0.04453169927001
976.50	0.045170899480581
977.00	0.045808900147676
977.50	0.04680459946394
978.00	0.047799699008465
978.50	0.049124900251627
979.00	0.050450399518013
979.50	0.052132301032543
980.00	0.05380579829216
980.50	0.056342300027609
981.00	0.058890998363495
981.50	0.061874099075794
982.00	0.064840503036976
982.50	0.068847097456455
983.00	0.072849497199059
983.50	0.078039303421974
984.00	0.083252303302288
984.50	0.089849099516869
985.00	0.096415802836418
985.50	0.10523500293493
986.00	0.11407899856567
986.50	0.12575399875641
987.00	0.13741199672222
987.50	0.15280200541019
988.00	0.16823600232601
988.50	0.18891799449921
989.00	0.20961099863052
989.50	0.23691000044346
990.00	0.26417198777199
990.50	0.30316099524498
991.00	0.34209099411964
991.50	0.3877309858799
992.00	0.43339401483536
992.50	0.47896000742912
993.00	0.52454298734665
993.50	0.55365699529648
994.00	0.5825799703598
994.50	0.58026599884033
995.00	0.57792699337006
995.50	0.54824501276016
996.00	0.51878100633621
996.50	0.47900199890137
997.00	0.43922901153564
997.50	0.40241199731827
998.00	0.3656769990921
998.50	0.3339309990406
999.00	0.30204001069069
999.50	0.27606400847435
1000.00	0.25028100609779
1000.50	0.23127000033855
1001.00	0.21207100152969
1001.50	0.19665199518204
1002.00	0.18137200176716
1002.50	0.17028899490833
1003.00	0.15914300084114
1003.50	0.1501590013504
1004.00	0.14123299717903
1004.50	0.13484199345112
1005.00	0.12841199338436
1005.50	0.12317600101233
1006.00	0.11796600371599
1006.50	0.11412300169468
1007.00	0.11026500165462
1007.50	0.10722500085831
1008.00	0.10420399904251
1008.50	0.10215300321579
1009.00	0.10009799897671
1009.50	0.098531298339367
1010.00	0.096973098814487
1010.50	0.096418902277946
1011.00	0.095861300826073
1011.50	0.095527999103069
1012.00	0.095195703208447
1012.50	0.095364198088646
1013.00	0.09553249925375
1013.50	0.096416503190994
1014.00	0.097303099930286
1014.50	0.098213501274586
1015.00	0.099116303026676
1015.50	0.10129100084305
1016.00	0.10348799824715
1016.50	0.10577999800444
1017.00	0.10806000232697
1017.50	0.11075799912214
1018.00	0.11345200240612
1018.50	0.11758299916983
1019.00	0.12171400338411
1019.50	0.12661500275135
1020.00	0.13153900206089
1020.50	0.13752000033855
1021.00	0.1434790045023
1021.50	0.15010699629784
1022.00	0.15673999488354
1022.50	0.16447600722313
1023.00	0.17218700051308
1023.50	0.18007099628448
1024.00	0.18795099854469
1024.50	0.19743399322033
1025.00	0.20694400370121
1025.50	0.21867699921131
1026.00	0.23033200204372
1026.50	0.24670200049877
1027.00	0.26322400569916
1027.50	0.28473401069641
1028.00	0.30617201328278
1028.50	0.32826998829842
1029.00	0.35047799348831
1029.50	0.36954000592232
1030.00	0.38853600621223
1030.50	0.40197598934174
1031.00	0.41537499427795
1031.50	0.42675799131393
1032.00	0.43815499544144
1032.50	0.45316299796104
1033.00	0.46805900335312
1033.50	0.48363998532295
1034.00	0.49942100048065
1034.50	0.50543302297592
1035.00	0.51136898994446
1035.50	0.51632398366928
1036.00	0.52133399248123
1036.50	0.5216109752655
1037.00	0.52188700437546
1037.50	0.51743298768997
1038.00	0.51301002502441
1038.50	0.50142097473145
1039.00	0.48974400758743
1039.50	0.47249498963356
1040.00	0.45535999536514
1040.50	0.4446749985218
1041.00	0.43395799398422
1041.50	0.43669399619102
1042.00	0.43943798542023
1042.50	0.43307599425316
1043.00	0.42678201198578
1043.50	0.41505599021912
1044.00	0.40319100022316
1044.50	0.38917601108551
1045.00	0.37527498602867
1045.50	0.37571701407433
1046.00	0.3761619925499
1046.50	0.3805969953537
1047.00	0.38503500819206
1047.50	0.37504300475121
1048.00	0.36508798599243
1048.50	0.3587110042572
1049.00	0.35234498977661
1049.50	0.35993701219559
1050.00	0.3675380051136
1050.50	0.37090599536896
1051.00	0.37428200244904
1051.50	0.36878898739815
1052.00	0.36328399181366
1052.50	0.36598199605942
1053.00	0.36865299940109
1053.50	0.37916699051857
1054.00	0.38970199227333
1054.50	0.38974499702454
1055.00	0.38978800177574
1055.50	0.39280998706818
1056.00	0.39580398797989
1056.50	0.40664699673653
1057.00	0.4174300134182
1057.50	0.4196780025959
1058.00	0.42195299267769
1058.50	0.42749598622322
1059.00	0.43298700451851
1059.50	0.45114299654961
1060.00	0.4694629907608
1060.50	0.46967598795891
1061.00	0.46988999843597
1061.50	0.4796450138092
1062.00	0.48939400911331
1062.50	0.50764298439026
1063.00	0.52587097883224
1063.50	0.52522701025009
1064.00	0.52458202838898
1064.50	0.53620600700378
1065.00	0.54780298471451
1065.50	0.56582200527191
1066.00	0.583880007267
1066.50	0.58318698406219
1067.00	0.58249199390411
1067.50	0.5971360206604
1068.00	0.61170601844788
1068.50	0.62598997354507
1069.00	0.64017802476883
1069.50	0.63576799631119
1070.00	0.63133400678635
1070.50	0.65478497743607
1071.00	0.67824900150299
1071.50	0.68439298868179
1072.00	0.6905210018158
1072.50	0.69155502319336
1073.00	0.69259601831436
1073.50	0.71385598182678
1074.00	0.7351970076561
1074.50	0.73175197839737
1075.00	0.72831600904465
1075.50	0.73438197374344
1076.00	0.74043101072311
1076.50	0.7510330080986
1077.00	0.76160401105881
1077.50	0.75692999362946
1078.00	0.75225400924683
1078.50	0.76665997505188
1079.00	0.78105401992798
1079.50	0.77284598350525
1080.00	0.76460301876068
1080.50	0.77185899019241
1081.00	0.77911502122879
1081.50	0.77590197324753
1082.00	0.77268898487091
1082.50	0.7632759809494
1083.00	0.75388699769974
1083.50	0.75603199005127
1084.00	0.75817602872849
1084.50	0.74197900295258
1085.00	0.72575098276138
1085.50	0.72096300125122
1086.00	0.71620202064514
1086.50	0.69898700714111
1087.00	0.68155801296234
1087.50	0.6739410161972
1088.00	0.6663870215416
1088.50	0.64426499605179
1089.00	0.6223030090332
1089.50	0.61318999528885
1090.00	0.60405701398849
1090.50	0.58382797241211
1091.00	0.56348097324371
1091.50	0.55399298667908
1092.00	0.54457801580429
1092.50	0.52342700958252
1093.00	0.50217300653458
1093.50	0.49552199244499
1094.00	0.48884499073029
1094.50	0.46627399325371
1095.00	0.44385901093483
1095.50	0.44056698679924
1096.00	0.43724599480629
1096.50	0.41678699851036
1097.00	0.39648699760437
1097.50	0.39353200793266
1098.00	0.39057001471519
1098.50	0.37303298711777
1099.00	0.3554809987545
1099.50	0.35573199391365
1100.00	0.35598000884056
1100.50	0.33877399563789
1101.00	0.32143399119377
1101.50	0.32486000657082
1102.00	0.3282890021801
1102.50	0.31165400147438
1103.00	0.2949570119381
1103.50	0.30150601267815
1104.00	0.30804699659348
1104.50	0.29170200228691
1105.00	0.27548599243164
1105.50	0.28197601437569
1106.00	0.28851601481438
1106.50	0.27625599503517
1107.00	0.26406601071358
1107.50	0.2685190141201
1108.00	0.27297300100327
1108.50	0.26705700159073
1109.00	0.26114299893379
1109.50	0.2605809867382
1110.00	0.26002100110054
1110.50	0.26365301012993
1111.00	0.26732701063156
1111.50	0.26198700070381
1112.00	0.25664401054382
1112.50	0.26687300205231
1113.00	0.27706301212311
1113.50	0.26641601324081
1114.00	0.25582700967789
1114.50	0.26929101347923
1115.00	0.2827360033989
1115.50	0.27793300151825
1116.00	0.27310401201248
1116.50	0.2819119989872
1117.00	0.29069900512695
1117.50	0.29638800024986
1118.00	0.3021320104599
1118.50	0.29926899075508
1119.00	0.29642999172211
1119.50	0.31496599316597
1120.00	0.33351999521255
1120.50	0.3269590139389
1121.00	0.32037100195885
1121.50	0.34233701229095
1122.00	0.36426600813866
1122.50	0.36922699213028
1123.00	0.37417700886726
1123.50	0.38022500276566
1124.00	0.38626700639725
1124.50	0.4125579893589
1125.00	0.43893998861313
1125.50	0.43505001068115
1126.00	0.4311980009079
1126.50	0.46257698535919
1127.00	0.49415099620819
1127.50	0.50759297609329
1128.00	0.52097898721695
1128.50	0.53114497661591
1129.00	0.54136300086975
1129.50	0.579117000103
1130.00	0.61677002906799
1130.50	0.62807202339172
1131.00	0.63944000005722
1131.50	0.66459798812866
1132.00	0.68998801708221
1132.50	0.72253799438477
1133.00	0.75477200746536
1133.50	0.7650820016861
1134.00	0.77536600828171
1134.50	0.8013179898262
1135.00	0.8272910118103
1135.50	0.8484799861908
1136.00	0.86969101428986
1136.50	0.88220000267029
1137.00	0.8947439789772
1137.50	0.90679901838303
1138.00	0.91883498430252
1138.50	0.92521101236343
1139.00	0.93155497312546
1139.50	0.93472701311111
1140.00	0.93791800737381
1140.50	0.93354600667953
1141.00	0.92919301986694
1141.50	0.92676997184753
1142.00	0.92434000968933
1142.50	0.91546899080276
1143.00	0.90655899047852
1143.50	0.89466899633408
1144.00	0.88270598649979
1144.50	0.86881798505783
1145.00	0.85505497455597
1145.50	0.84766900539398
1146.00	0.84028100967407
1146.50	0.81769597530365
1147.00	0.79522597789764
1147.50	0.78229999542236
1148.00	0.76921701431274
1148.50	0.76629197597504
1149.00	0.76337599754333
1149.50	0.74734300374985
1150.00	0.73137402534485
1150.50	0.70941001176834
1151.00	0.68740701675415
1151.50	0.68345999717712
1152.00	0.67954802513123
1152.50	0.6826120018959
1153.00	0.68569397926331
1153.50	0.66456699371338
1154.00	0.6434839963913
1154.50	0.63338899612427
1155.00	0.62326401472092
1155.50	0.63466501235962
1156.00	0.64605402946472
1156.50	0.64521199464798
1157.00	0.64436501264572
1157.50	0.62650400400162
1158.00	0.60859900712967
1158.50	0.60631400346756
1159.00	0.60403597354889
1159.50	0.61529099941254
1160.00	0.6265059709549
1160.50	0.62625598907471
1161.00	0.62600499391556
1161.50	0.6108610033989
1162.00	0.59574997425079
1162.50	0.60032898187637
1163.00	0.60492098331451
1163.50	0.61558401584625
1164.00	0.62625902891159
1164.50	0.62721002101898
1165.00	0.62815999984741
1165.50	0.61791098117828
1166.00	0.60766398906708
1166.50	0.60963100194931
1167.00	0.61159700155258
1167.50	0.61902701854706
1168.00	0.62646001577377
1168.50	0.62789398431778
1169.00	0.62933200597763
1169.50	0.62282502651215
1170.00	0.61633801460266
1170.50	0.61289799213409
1171.00	0.60948097705841
1171.50	0.61768400669098
1172.00	0.62594699859619
1172.50	0.62152802944183
1173.00	0.61714601516724
1173.50	0.60568398237228
1174.00	0.59416198730469
1174.50	0.58642101287842
1175.00	0.57866501808167
1175.50	0.58074700832367
1176.00	0.58282798528671
1176.50	0.58805900812149
1177.00	0.59329700469971
1177.50	0.58886498212814
1178.00	0.58443802595139
1178.50	0.56748700141907
1179.00	0.55054497718811
1179.50	0.53374201059341
1180.00	0.5168160200119
1180.50	0.50967699289322
1181.00	0.50260400772095
1181.50	0.50819700956345
1182.00	0.51382398605347
1182.50	0.51470398902893
1183.00	0.51558101177216
1183.50	0.51263201236725
1184.00	0.5096629858017
1184.50	0.49089199304581
1185.00	0.47229599952698
1185.50	0.45857301354408
1186.00	0.44478398561478
1186.50	0.43648698925972
1187.00	0.42815598845482
1187.50	0.4276260137558
1188.00	0.42709699273109
1188.50	0.42769598960876
1189.00	0.4282940030098
1189.50	0.43200299143791
1190.00	0.43572500348091
1190.50	0.43448600172997
1191.00	0.43324398994446
1191.50	0.4264799952507
1192.00	0.41977500915527
1192.50	0.41200798749924
1193.00	0.40425300598145
1193.50	0.4006099998951
1194.00	0.39693799614906
1194.50	0.39320901036263
1195.00	0.38949498534203
1195.50	0.39114499092102
1196.00	0.39279899001122
1196.50	0.39557799696922
1197.00	0.39834800362587
1197.50	0.40355399250984
1198.00	0.40875899791718
1198.50	0.40934899449348
1199.00	0.40993401408195
1199.50	0.41239100694656
1200.00	0.41486001014709
