270.0	8.6932e-07
270.2	1.0e-07
270.4	1.0e-07
270.6	9.0472e-07
270.8	3.5797e-08
271.0	1.0e-07
271.2	1.0e-07
271.4	1.0e-07
271.6	7.1628e-07
271.8	5.1325e-07
272.0	1.0e-07
272.2	1.0e-07
272.4	7.0268e-07
272.6	1.1889e-08
272.8	1.0e-07
273.0	1.0e-07
273.2	8.4532e-07
273.4	1.3124e-06
273.6	1.426e-07
273.8	1.0e-07
274.0	1.0e-07
274.2	1.0e-07
274.4	1.0e-07
274.6	4.8906e-07
274.8	1.5919e-06
275.0	1.5548e-06
275.2	2.0356e-07
275.4	1.0e-07
275.6	1.9079e-07
275.8	1.0262e-06
276.0	3.0332e-06
276.2	1.0e-07
276.4	1.0e-07
276.6	1.0e-07
276.8	9.4707e-07
277.0	1.3149e-06
277.2	8.4704e-07
277.4	7.6415e-07
277.6	1.9598e-06
277.8	7.7706e-07
278.0	3.4651e-07
278.2	1.0286e-06
278.4	5.2595e-07
278.6	1.0e-07
278.8	1.0e-07
279.0	1.0e-07
279.2	2.8734e-07
279.4	5.6243e-07
279.6	1.4332e-07
279.8	1.0e-07
280.0	1.0e-07
280.2	4.5555e-07
280.4	2.5763e-06
280.6	2.0319e-06
280.8	1.4368e-06
281.0	2.5173e-07
281.2	1.0e-07
281.4	1.0e-07
281.6	4.3073e-07
281.8	3.8307e-07
282.0	1.3518e-06
282.2	1.7218e-06
282.4	1.7162e-06
282.6	5.1504e-07
282.8	1.0e-07
283.0	7.2984e-07
283.2	1.0e-07
283.4	1.0e-07
283.6	1.0e-07
283.8	1.0e-07
284.0	1.0e-07
284.2	1.361e-06
284.4	1.0377e-06
284.6	1.7962e-07
284.8	7.3195e-07
285.0	1.7584e-06
285.2	1.7225e-06
285.4	1.2923e-06
285.6	5.2544e-07
285.8	1.0e-07
286.0	1.0e-07
286.2	7.1764e-08
286.4	1.0762e-07
286.6	1.0e-07
286.8	1.0794e-07
287.0	1.0e-07
287.2	1.0e-07
287.4	1.1985e-08
287.6	1.0e-07
287.8	1.0e-07
288.0	5.0191e-07
288.2	1.0e-07
288.4	8.8659e-07
288.6	1.664e-06
288.8	6.4549e-07
289.0	7.1498e-08
289.2	5.0041e-07
289.4	1.0e-07
289.6	1.0e-07
289.8	1.0e-07
290.0	5.0361e-07
290.2	1.0e-07
290.4	1.0e-07
290.6	6.3296e-07
290.8	1.4349e-07
291.0	1.0e-07
291.2	6.5678e-07
291.4	1.006e-06
291.6	1.0e-07
291.8	1.0e-07
292.0	1.0e-07
292.2	2.6351e-06
292.4	1.9722e-06
292.6	7.7796e-07
292.8	1.0e-07
293.0	3.5868e-08
293.2	4.5396e-07
293.4	1.0e-07
293.6	1.0e-07
293.8	2.8673e-07
294.0	6.3584e-07
294.2	2.3514e-06
294.4	3.2685e-06
294.6	7.3168e-07
294.8	1.0e-07
295.0	1.0e-07
295.2	1.0e-07
295.4	1.0e-07
295.6	1.0e-07
295.8	1.0e-07
296.0	1.6212e-06
296.2	7.4285e-07
296.4	1.0e-07
296.6	1.2288e-06
296.8	1.0e-07
297.0	1.0e-07
297.2	2.526e-07
297.4	1.0e-07
297.6	1.908e-06
297.8	1.0e-07
298.0	1.0e-07
298.2	1.0e-07
298.4	3.3567e-07
298.6	1.0e-07
298.8	1.3191e-07
299.0	2.1896e-06
299.2	1.0e-07
299.4	3.4652e-07
299.6	2.2956e-06
299.8	2.275e-06
300.0	1.5899e-06
300.2	1.0e-07
300.4	1.0e-07
300.6	1.0e-07
300.8	1.0e-07
301.0	6.469e-07
301.2	1.0e-07
301.4	1.0e-07
301.6	1.0e-07
301.8	6.9414e-07
302.0	1.2224e-06
302.2	1.6355e-06
302.4	6.3278e-07
302.6	4.0779e-07
302.8	3.3572e-07
303.0	1.4241e-06
303.2	1.0e-07
303.4	2.271e-07
303.6	9.6413e-08
303.8	2.3309e-06
304.0	1.6821e-07
304.2	4.6656e-07
304.4	1.0e-07
304.6	4.4444e-06
304.8	9.8276e-07
305.0	2.4046e-06
305.2	4.4118e-07
305.4	7.6478e-07
305.6	8.1458e-07
305.8	7.8205e-07
306.0	1.0e-07
306.2	1.0e-07
306.4	1.0e-07
306.6	1.0e-07
306.8	1.0e-07
307.0	1.0e-07
307.2	1.0e-07
307.4	1.0e-07
307.6	2.2646e-07
307.8	1.0e-07
308.0	1.0e-07
308.2	1.1116e-06
308.4	1.9106e-06
308.6	2.6634e-06
308.8	2.4247e-06
309.0	2.7128e-06
309.2	5.0181e-07
309.4	1.7479e-06
309.6	1.4502e-06
309.8	4.2535e-06
310.0	7.0871e-07
310.2	1.9299e-06
310.4	9.335e-07
310.6	1.1365e-06
310.8	1.0e-07
311.0	1.0e-07
311.2	1.0e-07
311.4	1.0e-07
311.6	1.676e-06
311.8	1.0e-07
312.0	2.0773e-06
312.2	4.4555e-06
312.4	1.3691e-06
312.6	1.6199e-06
312.8	3.0551e-06
313.0	1.0e-07
313.2	3.3389e-06
313.4	1.9568e-06
313.6	1.0e-07
313.8	1.0e-07
314.0	3.5987e-07
314.2	2.622e-06
314.4	1.0e-07
314.6	1.0e-07
314.8	4.7983e-06
315.0	1.0e-07
315.2	1.0e-07
315.4	2.6754e-06
315.6	5.9835e-07
315.8	3.2926e-06
316.0	5.3895e-06
316.2	1.0e-07
316.4	1.0e-07
316.6	1.8717e-06
316.8	4.0293e-06
317.0	3.7404e-06
317.2	1.0e-07
317.4	1.0e-07
317.6	8.1676e-07
317.8	1.0e-07
318.0	1.0799e-06
318.2	2.3692e-06
318.4	1.0e-07
318.6	1.0e-07
318.8	2.5976e-06
319.0	1.0e-07
319.2	1.0e-07
319.4	1.0e-07
319.6	3.4185e-06
319.8	1.0e-07
320.0	3.1307e-05
320.2	1.6033e-06
320.4	2.0675e-06
320.6	1.8496e-06
320.8	1.4094e-06
321.0	1.2533e-06
321.2	1.636e-06
321.4	2.1356e-06
321.6	3.3593e-06
321.8	5.6141e-06
322.0	7.1816e-06
322.2	3.4618e-06
322.4	1.6687e-06
322.6	2.9132e-06
322.8	1.8594e-06
323.0	1.3366e-06
323.2	1.3145e-06
323.4	1.2927e-06
323.6	1.2654e-06
323.8	1.2366e-06
324.0	2.566e-06
324.2	2.859e-06
324.4	3.1853e-06
324.6	3.6879e-06
324.8	4.3263e-06
325.0	4.3044e-06
325.2	2.2609e-06
325.4	1.1875e-06
325.6	4.7154e-06
325.8	2.7857e-06
326.0	1.8904e-06
326.2	1.8841e-06
326.4	1.8779e-06
326.6	2.2982e-06
326.8	3.0402e-06
327.0	3.5169e-06
327.2	1.9367e-06
327.4	1.0665e-06
327.6	8.9531e-07
327.8	8.7156e-07
328.0	8.9866e-07
328.2	1.1663e-06
328.4	1.5136e-06
328.6	1.3365e-06
328.8	9.7968e-07
329.0	9.1232e-07
329.2	1.679e-06
329.4	3.0901e-06
329.6	3.654e-06
329.8	3.6378e-06
330.0	8.1826e-07
330.2	1.0415e-06
330.4	1.3256e-06
330.6	1.1152e-06
330.8	8.3482e-07
331.0	7.432e-07
331.2	1.1455e-06
331.4	1.7656e-06
331.6	6.6607e-07
331.8	6.5293e-07
332.0	6.4033e-07
332.2	6.2878e-07
332.4	6.1744e-07
332.6	9.6706e-07
332.8	1.8245e-06
333.0	6.1856e-07
333.2	6.0865e-07
333.4	5.9889e-07
333.6	5.9216e-07
333.8	5.8633e-07
334.0	5.8348e-07
334.2	5.9025e-07
334.4	5.971e-07
334.6	5.9791e-07
334.8	5.8795e-07
335.0	5.7816e-07
335.2	5.685e-07
335.4	5.5901e-07
335.6	5.5502e-07
335.8	5.5325e-07
336.0	1.0404e-06
336.2	7.6309e-07
336.4	5.597e-07
336.6	7.1489e-07
336.8	1.0777e-06
337.0	1.3393e-06
337.2	8.7195e-07
337.4	5.677e-07
337.6	4.9635e-07
337.8	4.8749e-07
338.0	4.7953e-07
338.2	4.74e-07
338.4	4.6854e-07
338.6	4.7003e-07
338.8	4.7445e-07
339.0	9.0462e-07
339.2	6.6463e-07
339.4	4.883e-07
339.6	8.3668e-07
339.8	1.8595e-06
340.0	2.85e-06
340.2	1.2588e-06
340.4	5.5601e-07
340.6	5.4215e-07
340.8	6.8665e-07
341.0	8.1875e-07
341.2	8.0655e-07
341.4	7.9452e-07
341.6	9.6573e-07
341.8	1.2817e-06
342.0	6.0184e-07
342.2	1.0167e-06
342.4	1.7175e-06
342.6	1.1888e-06
342.8	6.2081e-07
343.0	3.7641e-07
343.2	3.8171e-07
343.4	3.8709e-07
343.6	7.3161e-07
343.8	1.2376e-06
344.0	1.5804e-06
344.2	8.2835e-07
344.4	4.3416e-07
344.6	4.8853e-07
344.8	7.6265e-07
345.0	1.5285e-06
345.2	1.6352e-06
345.4	1.7495e-06
345.6	1.5071e-06
345.8	1.2147e-06
346.0	9.3449e-07
346.2	6.1234e-07
346.4	4.0125e-07
346.6	5.9446e-07
346.8	9.4991e-07
347.0	1.1885e-06
347.2	6.8517e-07
347.4	3.9502e-07
347.6	3.4309e-07
347.8	3.552e-07
348.0	5.8611e-07
348.2	1.0467e-06
348.4	1.8693e-06
348.6	2.1436e-06
348.8	2.1371e-06
349.0	1.9444e-06
349.2	1.2909e-06
349.4	8.5702e-07
349.6	3.7437e-07
349.8	3.6251e-07
350.0	3.7547e-07
350.2	4.8425e-07
350.4	6.2455e-07
350.6	9.2355e-07
350.8	1.4481e-06
351.0	1.9116e-06
351.2	8.8536e-07
351.4	4.1007e-07
351.6	3.4484e-07
351.8	3.4655e-07
352.0	3.9965e-07
352.2	7.214e-07
352.4	1.3022e-06
352.6	8.6539e-07
352.8	5.3892e-07
353.0	3.7766e-07
353.2	3.7363e-07
353.4	3.6965e-07
353.6	3.7337e-07
353.8	3.8017e-07
354.0	3.9022e-07
354.2	3.7181e-07
354.4	3.5427e-07
354.6	6.0426e-07
354.8	1.2646e-06
355.0	1.962e-06
355.2	9.1915e-07
355.4	4.3061e-07
355.6	9.0701e-07
355.8	4.9631e-07
356.0	3.4193e-07
356.2	4.4629e-07
356.4	5.825e-07
356.6	7.2238e-07
356.8	8.7908e-07
357.0	1.273e-06
357.2	6.9834e-07
357.4	3.831e-07
357.6	4.5868e-07
357.8	7.0746e-07
358.0	9.0423e-07
358.2	5.9359e-07
358.4	3.8967e-07
358.6	8.6357e-06
358.8	8.92e-06
359.0	8.6749e-06
359.2	6.9711e-06
359.4	5.6019e-06
359.6	6.0459e-06
359.8	7.3822e-06
360.0	7.1607e-06
360.2	6.7136e-06
360.4	6.2944e-06
360.6	6.3597e-06
360.8	6.5667e-06
361.0	6.9967e-06
361.2	8.2341e-06
361.4	9.6903e-06
361.6	7.62e-06
361.8	7.0062e-06
362.0	6.7555e-06
362.2	7.3836e-06
362.4	8.07e-06
362.6	8.4577e-06
362.8	8.7343e-06
363.0	6.6202e-06
363.2	6.7194e-06
363.4	6.8199e-06
363.6	6.6062e-06
363.8	6.3104e-06
364.0	6.3435e-06
364.2	7.529e-06
364.4	8.9361e-06
364.6	7.083e-06
364.8	7.0928e-06
365.0	7.1769e-06
365.2	7.4695e-06
365.4	7.774e-06
365.6	8.7414e-06
365.8	1.0107e-05
366.0	1.0264e-05
366.2	8.8573e-06
366.4	7.6434e-06
366.6	8.5337e-06
366.8	1.0312e-05
367.0	1.222e-05
367.2	1.3563e-05
367.4	1.5053e-05
367.6	1.3144e-05
367.8	1.4484e-05
368.0	1.6481e-05
368.2	2.0543e-05
368.4	2.5606e-05
368.6	3.6384e-05
368.8	5.4263e-05
369.0	1.0453e-04
369.2	1.6351e-04
369.4	2.5579e-04
369.6	4.3636e-04
369.8	7.6561e-04
370.0	0.00137
370.2	0.00264
370.4	0.00508
370.6	0.00827
370.8	0.01506
371.0	0.03187
371.2	0.07149
371.4	0.1612
371.6	0.31957
371.8	0.49747
372.0	0.54265
372.2	0.71387
372.4	0.77971
372.6	0.83694
372.8	0.85243
373.0	0.85892
373.2	0.85883
373.4	0.85638
373.6	0.86324
373.8	0.87255
374.0	0.88516
374.2	0.88912
374.4	0.88888
374.6	0.88862
374.8	0.88925
375.0	0.89029
375.2	0.89112
375.4	0.89286
375.6	0.89543
375.8	0.89815
376.0	0.89976
376.2	0.90022
376.4	0.89211
376.6	0.88989
376.8	0.88933
377.0	0.89755
377.2	0.90002
377.4	0.90109
377.6	0.90155
377.8	0.90261
378.0	0.90358
378.2	0.9039
378.4	0.90434
378.6	0.90503
378.8	0.90681
379.0	0.90753
379.2	0.90888
379.4	0.90386
379.6	0.90329
379.8	0.90333
380.0	0.90915
380.2	0.91014
380.4	0.91058
380.6	0.91124
380.8	0.90745
381.0	0.90658
381.2	0.90393
381.4	0.90524
381.6	0.90202
381.8	0.90037
382.0	0.9008
382.2	0.89769
382.4	0.89981
382.6	0.90109
382.8	0.90592
383.0	0.90503
383.2	0.90354
383.4	0.90399
383.6	0.90071
383.8	0.90252
384.0	0.90341
384.2	0.90658
384.4	0.90251
384.6	0.89666
384.8	0.89312
385.0	0.88855
385.2	0.88998
385.4	0.89085
385.6	0.89521
385.8	0.89291
386.0	0.89124
386.2	0.89045
386.4	0.8898
386.6	0.89222
386.8	0.8926
387.0	0.89183
387.2	0.88442
387.4	0.86377
387.6	0.83245
387.8	0.78486
388.0	0.70975
388.2	0.62942
388.4	0.51074
388.6	0.35774
388.8	0.19959
389.0	0.09048
389.2	0.03753
389.4	0.00825
389.6	0.00358
389.8	0.00153
390.0	6.9961e-04
390.2	3.4677e-04
390.4	1.8586e-04
390.6	1.1985e-04
390.8	1.4073e-04
391.0	6.03e-05
391.2	3.3061e-05
391.4	2.3192e-05
391.6	1.6269e-05
391.8	1.4724e-05
392.0	1.3431e-05
392.2	1.1992e-05
392.4	1.0479e-05
392.6	8.8838e-06
392.8	7.3104e-06
393.0	6.0156e-06
393.2	6.3082e-06
393.4	6.6563e-06
393.6	6.4903e-06
393.8	5.8479e-06
394.0	5.586e-06
394.2	5.6503e-06
394.4	5.7153e-06
394.6	5.5832e-06
394.8	5.4482e-06
395.0	5.356e-06
395.2	5.3045e-06
395.4	5.2061e-06
395.6	5.0643e-06
395.8	4.9264e-06
396.0	5.4098e-06
396.2	5.9591e-06
396.4	6.2307e-06
396.6	6.1837e-06
396.8	6.4924e-06
397.0	7.2032e-06
397.2	7.9919e-06
397.4	6.6696e-06
397.6	5.5256e-06
397.8	4.2553e-06
398.0	3.0461e-06
398.2	2.6195e-06
398.4	2.6869e-06
398.6	2.7559e-06
398.8	1.8405e-06
399.0	1.2184e-06
399.2	9.0139e-07
399.4	7.4529e-07
399.6	7.4464e-07
399.8	8.9567e-07
400.0	1.0773e-06
400.2	1.1494e-06
400.4	1.2226e-06
400.6	1.1423e-06
400.8	9.3756e-07
401.0	6.375e-07
401.2	3.6308e-07
401.4	2.0679e-07
401.6	2.7029e-07
401.8	3.5778e-07
402.0	3.4456e-07
402.2	2.4141e-07
402.4	2.522e-07
402.6	3.8384e-07
402.8	5.8419e-07
403.0	6.7219e-07
403.2	7.7017e-07
403.4	9.3562e-07
403.6	1.2051e-06
403.8	1.2604e-06
404.0	1.0876e-06
404.2	9.3856e-07
404.4	1.0622e-06
404.6	1.2054e-06
404.8	1.3327e-06
405.0	1.4354e-06
405.2	1.8424e-06
405.4	2.8488e-06
405.6	4.4049e-06
405.8	5.8781e-06
406.0	7.7898e-06
406.2	9.3989e-06
406.4	1.0325e-05
406.6	9.5555e-06
406.8	7.3982e-06
407.0	5.728e-06
407.2	4.2648e-06
407.4	3.1703e-06
407.6	2.4362e-06
407.8	1.9354e-06
408.0	1.7133e-06
408.2	1.6939e-06
408.4	1.6747e-06
408.6	1.4547e-06
408.8	1.2577e-06
409.0	1.1707e-06
409.2	1.173e-06
409.4	9.1284e-07
409.6	5.4885e-07
409.8	3.2999e-07
410.0	3.4988e-07
410.2	3.7867e-07
410.4	3.1485e-07
410.6	2.011e-07
410.8	1.6002e-07
411.0	1.5794e-07
411.2	1.5589e-07
411.4	2.6947e-07
411.6	4.7255e-07
411.8	4.4149e-07
412.0	2.1975e-07
412.2	1.5589e-07
412.4	1.544e-07
412.6	1.5293e-07
412.8	2.6746e-07
413.0	4.7046e-07
413.2	4.4098e-07
413.4	2.2026e-07
413.6	1.5322e-07
413.8	1.5151e-07
414.0	1.4983e-07
414.2	2.0614e-07
414.4	2.8808e-07
414.6	4.1517e-07
414.8	6.1704e-07
415.0	5.5018e-07
415.2	2.8823e-07
415.4	1.51e-07
415.6	2.6395e-07
415.8	4.8513e-07
416.0	4.5396e-07
416.2	2.1627e-07
416.4	1.7125e-07
416.6	2.2312e-07
416.8	2.907e-07
417.0	6.6618e-07
417.2	1.5443e-06
417.4	1.8389e-06
417.6	1.1247e-06
417.8	9.3036e-07
418.0	1.0287e-06
418.2	1.1373e-06
418.4	8.6895e-07
418.6	6.6017e-07
418.8	6.3582e-07
419.0	7.7628e-07
419.2	1.1109e-06
419.4	1.8355e-06
419.6	3.0328e-06
419.8	3.3967e-06
420.0	3.7967e-06
420.2	3.6639e-06
420.4	3.0526e-06
420.6	2.5457e-06
420.8	2.1252e-06
421.0	1.7741e-06
421.2	1.1846e-06
421.4	7.8555e-07
421.6	4.3327e-07
421.8	1.9876e-07
422.0	1.8067e-07
422.2	3.0871e-07
422.4	5.275e-07
422.6	3.9218e-07
422.8	2.8913e-07
423.0	2.1271e-07
423.2	1.5616e-07
423.4	1.6476e-07
423.6	2.5169e-07
423.8	3.8448e-07
424.0	4.0351e-07
424.2	4.1776e-07
424.4	3.1649e-07
424.6	1.7545e-07
424.8	1.312e-07
425.0	1.3005e-07
425.2	1.2891e-07
425.4	1.9003e-07
425.6	2.8126e-07
425.8	3.2017e-07
426.0	2.8032e-07
426.2	2.2786e-07
426.4	1.7169e-07
426.6	1.2937e-07
426.8	1.9342e-07
427.0	2.9646e-07
427.2	5.0451e-07
427.4	9.5332e-07
427.6	1.1265e-06
427.8	8.4799e-07
428.0	6.3831e-07
428.2	5.8408e-07
428.4	5.3605e-07
428.6	3.3577e-07
428.8	1.4355e-07
429.0	1.2134e-07
429.2	2.0855e-07
429.4	3.5844e-07
429.6	3.4136e-07
429.8	3.1822e-07
430.0	2.2717e-07
430.2	1.242e-07
430.4	9.2316e-08
430.6	9.164e-08
430.8	9.0969e-08
431.0	1.8634e-07
431.2	3.8449e-07
431.4	5.5333e-07
431.6	5.5538e-07
431.8	6.4497e-07
432.0	8.7183e-07
432.2	1.1785e-06
432.4	9.0554e-07
432.6	6.817e-07
432.8	6.2811e-07
433.0	7.0835e-07
433.2	5.6228e-07
433.4	3.2277e-07
433.6	1.8528e-07
433.8	1.5262e-07
434.0	1.2594e-07
434.2	1.4315e-07
434.4	2.2412e-07
434.6	2.2468e-07
434.8	1.4422e-07
435.0	9.257e-08
435.2	1.1089e-07
435.4	1.3497e-07
435.6	1.5723e-07
435.8	1.753e-07
436.0	2.2254e-07
436.2	3.1771e-07
436.4	4.5359e-07
436.6	3.0457e-07
436.8	2.0451e-07
437.0	1.4436e-07
437.2	1.0711e-07
437.4	9.225e-08
437.6	9.1941e-08
437.8	9.1634e-08
438.0	1.2658e-07
438.2	1.7604e-07
438.4	2.0409e-07
438.6	1.9725e-07
438.8	1.7156e-07
439.0	5.6817e-07
439.2	6.5563e-07
439.4	1.857e-07
439.6	1.0091e-07
439.8	1.4874e-07
440.0	2.7982e-07
440.2	1.8175e-07
440.4	1.1805e-07
440.6	7.6676e-08
440.8	4.9803e-08
441.0	3.2348e-08
441.2	2.1011e-08
441.4	1.3647e-08
441.6	8.8641e-09
441.8	5.7574e-09
442.0	3.7396e-09
442.2	3.6833e-09
442.4	3.675e-09
442.6	3.6666e-09
442.8	3.6583e-09
443.0	3.65e-09
443.2	3.6417e-09
443.4	3.6335e-09
443.6	3.6252e-09
443.8	3.617e-09
444.0	3.6088e-09
444.2	4.9317e-09
444.4	7.064e-09
444.6	1.0118e-08
444.8	1.4493e-08
445.0	2.0759e-08
445.2	2.9735e-08
445.4	4.2591e-08
445.6	6.1006e-08
445.8	8.7384e-08
446.0	1.2517e-07
446.2	1.2242e-07
446.4	1.0718e-07
446.6	9.3835e-08
446.8	8.2153e-08
447.0	7.1926e-08
447.2	6.2972e-08
447.4	5.5132e-08
447.6	4.8268e-08
447.8	4.2259e-08
448.0	3.6998e-08
448.2	3.112e-08
448.4	2.5697e-08
448.6	2.122e-08
448.8	1.7522e-08
449.0	1.4469e-08
449.2	1.1948e-08
449.4	9.866e-09
449.6	8.1469e-09
449.8	6.7273e-09
450.0	5.5551e-09
450.2	5.2465e-09
450.4	4.9551e-09
450.6	4.6798e-09
450.8	4.4199e-09
451.0	4.1743e-09
451.2	3.9424e-09
451.4	3.7234e-09
451.6	3.5166e-09
451.8	3.3213e-09
452.0	3.1368e-09
452.2	4.514e-09
452.4	6.6414e-09
452.6	9.7716e-09
452.8	1.4377e-08
453.0	2.1153e-08
453.2	3.1122e-08
453.4	4.5791e-08
453.6	6.7372e-08
453.8	9.9125e-08
454.0	1.4584e-07
454.2	1.4366e-07
454.4	1.3257e-07
454.6	1.2233e-07
454.8	1.1289e-07
455.0	1.0417e-07
455.2	9.6126e-08
455.4	8.8704e-08
455.6	8.1854e-08
455.8	7.5533e-08
456.0	6.9701e-08
456.2	7.1185e-08
456.4	7.4937e-08
456.6	7.8886e-08
456.8	8.3044e-08
457.0	8.7421e-08
457.2	9.2029e-08
457.4	9.688e-08
457.6	1.0199e-07
457.8	1.0736e-07
458.0	1.1302e-07
458.2	1.025e-07
458.4	8.6797e-08
458.6	7.3501e-08
458.8	6.2242e-08
459.0	5.2707e-08
459.2	4.4633e-08
459.4	3.7796e-08
459.6	3.2006e-08
459.8	2.7103e-08
460.0	2.2952e-08
460.2	3.0767e-08
460.4	4.1244e-08
460.6	5.5288e-08
460.8	7.4115e-08
461.0	9.9353e-08
461.2	1.3318e-07
461.4	1.7854e-07
461.6	2.3933e-07
461.8	3.2083e-07
462.0	4.3008e-07
462.2	3.8917e-07
462.4	3.4189e-07
462.6	3.0035e-07
462.8	2.6386e-07
463.0	2.318e-07
463.2	2.0364e-07
463.4	1.789e-07
463.6	1.5716e-07
463.8	1.3807e-07
464.0	1.2129e-07
464.2	1.3484e-07
464.4	1.5652e-07
464.6	1.8169e-07
464.8	2.109e-07
465.0	2.4481e-07
465.2	2.8417e-07
465.4	3.2986e-07
465.6	3.8289e-07
465.8	4.4445e-07
466.0	5.1591e-07
466.2	5.5609e-07
466.4	5.8591e-07
466.6	6.1733e-07
466.8	6.5043e-07
467.0	6.8531e-07
467.2	7.2206e-07
467.4	7.6079e-07
467.6	8.0158e-07
467.8	8.4457e-07
468.0	8.8986e-07
468.2	8.9435e-07
468.4	8.7955e-07
468.6	8.65e-07
468.8	8.5069e-07
469.0	8.3662e-07
469.2	8.2278e-07
469.4	8.0917e-07
469.6	7.9578e-07
469.8	7.8262e-07
470.0	7.6967e-07
470.2	5.849e-07
470.4	4.4449e-07
470.6	3.3779e-07
470.8	2.567e-07
471.0	1.9507e-07
471.2	1.4825e-07
471.4	1.1266e-07
471.6	8.5613e-08
471.8	6.5061e-08
472.0	4.9442e-08
472.2	5.634e-08
472.4	6.6035e-08
472.6	7.7397e-08
472.8	9.0714e-08
473.0	1.0632e-07
473.2	1.2462e-07
473.4	1.4606e-07
473.6	1.7119e-07
473.8	2.0065e-07
474.0	2.3517e-07
474.2	2.234e-07
474.4	2.0479e-07
474.6	1.8773e-07
474.8	1.7209e-07
475.0	1.5775e-07
475.2	1.4461e-07
475.4	1.3256e-07
475.6	1.2151e-07
475.8	1.1139e-07
476.0	1.0211e-07
476.2	9.5007e-08
476.4	8.877e-08
476.6	8.2942e-08
476.8	7.7497e-08
477.0	7.241e-08
477.2	6.7656e-08
477.4	6.3214e-08
477.6	5.9064e-08
477.8	5.5187e-08
478.0	5.1564e-08
478.2	5.4502e-08
478.4	6.0659e-08
478.6	6.7512e-08
478.8	7.5138e-08
479.0	8.3626e-08
479.2	9.3073e-08
479.4	1.0359e-07
479.6	1.1529e-07
479.8	1.2831e-07
480.0	1.4281e-07
480.2	1.2386e-07
480.4	1.0743e-07
480.6	9.3174e-08
480.8	8.0812e-08
481.0	7.009e-08
481.2	6.0791e-08
481.4	5.2725e-08
481.6	4.573e-08
481.8	3.9662e-08
482.0	3.44e-08
482.2	3.3762e-08
482.4	3.3422e-08
482.6	3.3086e-08
482.8	3.2753e-08
483.0	3.2423e-08
483.2	3.2097e-08
483.4	3.1773e-08
483.6	3.1454e-08
483.8	3.1137e-08
484.0	3.0823e-08
484.2	3.2855e-08
484.4	3.5445e-08
484.6	3.8239e-08
484.8	4.1254e-08
485.0	4.4506e-08
485.2	4.8014e-08
485.4	5.1799e-08
485.6	5.5882e-08
485.8	6.0287e-08
486.0	6.504e-08
486.2	8.2771e-08
486.4	1.1007e-07
486.6	1.4636e-07
486.8	1.9463e-07
487.0	2.5881e-07
487.2	3.4415e-07
487.4	4.5764e-07
487.6	6.0855e-07
487.8	8.0923e-07
488.0	1.0761e-06
488.2	1.0699e-06
488.4	9.4993e-07
488.6	8.4345e-07
488.8	7.4891e-07
489.0	6.6496e-07
489.2	5.9043e-07
489.4	5.2424e-07
489.6	4.6548e-07
489.8	4.133e-07
490.0	3.6698e-07
490.2	4.613e-07
490.4	5.8192e-07
490.6	7.3407e-07
490.8	9.26e-07
491.0	1.1681e-06
491.2	1.4735e-06
491.4	1.8588e-06
491.6	2.3448e-06
491.8	2.9579e-06
492.0	3.7313e-06
492.2	3.3615e-06
492.4	2.9293e-06
492.6	2.5526e-06
492.8	2.2243e-06
493.0	1.9383e-06
493.2	1.6891e-06
493.4	1.4719e-06
493.6	1.2826e-06
493.8	1.1177e-06
494.0	9.7394e-07
494.2	9.6424e-07
494.4	9.7812e-07
494.6	9.922e-07
494.8	1.0065e-06
495.0	1.021e-06
495.2	1.0357e-06
495.4	1.0506e-06
495.6	1.0657e-06
495.8	1.081e-06
496.0	1.0966e-06
496.2	1.1629e-06
496.4	1.2492e-06
496.6	1.3419e-06
496.8	1.4414e-06
497.0	1.5484e-06
497.2	1.6632e-06
497.4	1.7867e-06
497.6	1.9192e-06
497.8	2.0616e-06
498.0	2.2146e-06
498.2	2.3022e-06
498.4	2.3615e-06
498.6	2.4223e-06
498.8	2.4847e-06
499.0	2.5487e-06
499.2	2.6143e-06
499.4	2.6816e-06
499.6	2.7507e-06
499.8	2.8215e-06
500.0	2.8942e-06
500.2	3.2298e-06
500.4	3.6043e-06
500.6	4.0223e-06
500.8	4.4887e-06
501.0	5.0092e-06
501.2	5.5901e-06
501.4	6.2383e-06
501.6	6.9618e-06
501.8	7.769e-06
502.0	8.6699e-06
502.2	8.2857e-06
502.4	7.8335e-06
502.6	7.406e-06
502.8	7.0019e-06
503.0	6.6198e-06
503.2	6.2585e-06
503.4	5.917e-06
503.6	5.5941e-06
503.8	5.2888e-06
504.0	5.0002e-06
504.2	4.8281e-06
504.4	4.6766e-06
504.6	4.5298e-06
504.8	4.3877e-06
505.0	4.25e-06
505.2	4.1166e-06
505.4	3.9874e-06
505.6	3.8623e-06
505.8	3.7411e-06
506.0	3.6237e-06
506.2	3.8112e-06
506.4	4.0865e-06
506.6	4.3817e-06
506.8	4.6982e-06
507.0	5.0376e-06
507.2	5.4015e-06
507.4	5.7917e-06
507.6	6.2101e-06
507.8	6.6587e-06
508.0	7.1397e-06
508.2	6.9647e-06
508.4	6.5887e-06
508.6	6.233e-06
508.8	5.8965e-06
509.0	5.5781e-06
509.2	5.277e-06
509.4	4.9921e-06
509.6	4.7225e-06
509.8	4.4676e-06
510.0	4.2264e-06
510.2	3.9862e-06
510.4	3.7594e-06
510.6	3.5456e-06
510.8	3.3439e-06
511.0	3.1537e-06
511.2	2.9744e-06
511.4	2.8052e-06
511.6	2.6456e-06
511.8	2.4952e-06
512.0	2.3532e-06
512.2	2.3299e-06
512.4	2.3179e-06
512.6	2.306e-06
512.8	2.2941e-06
513.0	2.2823e-06
513.2	2.2705e-06
513.4	2.2588e-06
513.6	2.2472e-06
513.8	2.2356e-06
514.0	2.2241e-06
514.2	2.2775e-06
514.4	2.3436e-06
514.6	2.4117e-06
514.8	2.4818e-06
515.0	2.5538e-06
515.2	2.628e-06
515.4	2.7043e-06
515.6	2.7829e-06
515.8	2.8637e-06
516.0	2.9469e-06
516.2	2.8893e-06
516.4	2.7989e-06
516.6	2.7112e-06
516.8	2.6264e-06
517.0	2.5441e-06
517.2	2.4645e-06
517.4	2.3873e-06
517.6	2.3126e-06
517.8	2.2402e-06
518.0	2.17e-06
518.2	2.1311e-06
518.4	2.1025e-06
518.6	2.0742e-06
518.8	2.0463e-06
519.0	2.0188e-06
519.2	1.9917e-06
519.4	1.9649e-06
519.6	1.9385e-06
519.8	1.9124e-06
520.0	1.8867e-06
520.2	1.9218e-06
520.4	1.9584e-06
520.6	1.9958e-06
520.8	2.0339e-06
521.0	2.0727e-06
521.2	2.1123e-06
521.4	2.1526e-06
521.6	2.1937e-06
521.8	2.2355e-06
522.0	2.2782e-06
522.2	2.3605e-06
522.4	2.4495e-06
522.6	2.5419e-06
522.8	2.6378e-06
523.0	2.7374e-06
523.2	2.8406e-06
523.4	2.9478e-06
523.6	3.059e-06
523.8	3.1744e-06
524.0	3.2941e-06
524.2	3.4714e-06
524.4	3.6671e-06
524.6	3.8737e-06
524.8	4.092e-06
525.0	4.3226e-06
525.2	4.5662e-06
525.4	4.8236e-06
525.6	5.0954e-06
525.8	5.3825e-06
526.0	5.6859e-06
526.2	5.5572e-06
526.4	5.3365e-06
526.6	5.1245e-06
526.8	4.9209e-06
527.0	4.7254e-06
527.2	4.5377e-06
527.4	4.3575e-06
527.6	4.1844e-06
527.8	4.0182e-06
528.0	3.8586e-06
528.2	3.6738e-06
528.4	3.489e-06
528.6	3.3135e-06
528.8	3.1468e-06
529.0	2.9885e-06
529.2	2.8382e-06
529.4	2.6954e-06
529.6	2.5598e-06
529.8	2.431e-06
530.0	2.3087e-06
530.2	2.4534e-06
530.4	2.6131e-06
530.6	2.7832e-06
530.8	2.9644e-06
531.0	3.1573e-06
531.2	3.3629e-06
531.4	3.5818e-06
531.6	3.8149e-06
531.8	4.0633e-06
532.0	4.3278e-06
532.2	4.6909e-06
532.4	5.0934e-06
532.6	5.5303e-06
532.8	6.0048e-06
533.0	6.5199e-06
533.2	7.0792e-06
533.4	7.6866e-06
533.6	8.346e-06
533.8	9.062e-06
534.0	9.8394e-06
534.2	9.9171e-06
534.4	9.88e-06
534.6	9.843e-06
534.8	9.8062e-06
535.0	9.7695e-06
535.2	9.7329e-06
535.4	9.6965e-06
535.6	9.6602e-06
535.8	9.624e-06
536.0	9.588e-06
536.2	8.6008e-06
536.4	7.5396e-06
536.6	6.6093e-06
536.8	5.7939e-06
537.0	5.079e-06
537.2	4.4523e-06
537.4	3.903e-06
537.6	3.4214e-06
537.8	2.9993e-06
538.0	2.6292e-06
538.2	2.3477e-06
538.4	2.107e-06
538.6	1.891e-06
538.8	1.6971e-06
539.0	1.5231e-06
539.2	1.3669e-06
539.4	1.2268e-06
539.6	1.101e-06
539.8	9.8809e-07
540.0	8.8677e-07
540.2	8.8295e-07
540.4	8.8345e-07
540.6	8.8395e-07
540.8	8.8446e-07
541.0	8.8496e-07
541.2	8.8547e-07
541.4	8.8597e-07
541.6	8.8648e-07
541.8	8.8698e-07
542.0	8.8749e-07
542.2	9.3662e-07
542.4	9.9673e-07
542.6	1.0607e-06
542.8	1.1288e-06
543.0	1.2012e-06
543.2	1.2783e-06
543.4	1.3604e-06
543.6	1.4477e-06
543.8	1.5406e-06
544.0	1.6395e-06
544.2	1.7709e-06
544.4	1.919e-06
544.6	2.0795e-06
544.8	2.2534e-06
545.0	2.4419e-06
545.2	2.6461e-06
545.4	2.8674e-06
545.6	3.1072e-06
545.8	3.367e-06
546.0	3.6486e-06
546.2	3.8484e-06
546.4	4.0302e-06
546.6	4.2205e-06
546.8	4.4199e-06
547.0	4.6286e-06
547.2	4.8472e-06
547.4	5.0762e-06
547.6	5.3159e-06
547.8	5.567e-06
548.0	5.8299e-06
548.2	6.0168e-06
548.4	6.1803e-06
548.6	6.3482e-06
548.8	6.5207e-06
549.0	6.6979e-06
549.2	6.8799e-06
549.4	7.0669e-06
549.6	7.2589e-06
549.8	7.4562e-06
550.0	7.6588e-06
550.2	7.4614e-06
550.4	7.253e-06
550.6	7.0505e-06
550.8	6.8536e-06
551.0	6.6623e-06
551.2	6.4763e-06
551.4	6.2954e-06
551.6	6.1197e-06
551.8	5.9488e-06
552.0	5.7827e-06
552.2	5.1991e-06
552.4	4.6249e-06
552.6	4.1141e-06
552.8	3.6597e-06
553.0	3.2555e-06
553.2	2.8959e-06
553.4	2.5761e-06
553.6	2.2916e-06
553.8	2.0385e-06
554.0	1.8133e-06
554.2	1.6502e-06
554.4	1.5078e-06
554.6	1.3777e-06
554.8	1.2589e-06
555.0	1.1502e-06
555.2	1.051e-06
555.4	9.6032e-07
555.6	8.7747e-07
555.8	8.0176e-07
556.0	7.3258e-07
556.2	7.3044e-07
556.4	7.4289e-07
556.6	7.5555e-07
556.8	7.6842e-07
557.0	7.8151e-07
557.2	7.9483e-07
557.4	8.0837e-07
557.6	8.2214e-07
557.8	8.3615e-07
558.0	8.504e-07
558.2	9.1267e-07
558.4	9.9361e-07
558.6	1.0817e-06
558.8	1.1777e-06
559.0	1.2821e-06
559.2	1.3958e-06
559.4	1.5196e-06
559.6	1.6544e-06
559.8	1.8011e-06
560.0	1.9608e-06
560.2	2.2108e-06
560.4	2.4982e-06
560.6	2.823e-06
560.8	3.1901e-06
561.0	3.6049e-06
561.2	4.0735e-06
561.4	4.6032e-06
561.6	5.2017e-06
561.8	5.878e-06
562.0	6.6422e-06
562.2	6.8946e-06
562.4	7.0501e-06
562.6	7.2091e-06
562.8	7.3717e-06
563.0	7.538e-06
563.2	7.708e-06
563.4	7.8819e-06
563.6	8.0596e-06
563.8	8.2414e-06
564.0	8.4273e-06
564.2	7.7546e-06
564.4	6.9777e-06
564.6	6.2786e-06
564.8	5.6495e-06
565.0	5.0835e-06
565.2	4.5742e-06
565.4	4.1159e-06
565.6	3.7036e-06
565.8	3.3325e-06
566.0	2.9986e-06
566.2	2.8359e-06
566.4	2.7157e-06
566.6	2.6005e-06
566.8	2.4902e-06
567.0	2.3846e-06
567.2	2.2835e-06
567.4	2.1866e-06
567.6	2.0939e-06
567.8	2.0051e-06
568.0	1.9201e-06
568.2	1.9873e-06
568.4	2.1025e-06
568.6	2.2243e-06
568.8	2.3532e-06
569.0	2.4896e-06
569.2	2.6339e-06
569.4	2.7866e-06
569.6	2.9481e-06
569.8	3.119e-06
570.0	3.2998e-06
570.2	3.6327e-06
570.4	4.0093e-06
570.6	4.425e-06
570.8	4.8839e-06
571.0	5.3903e-06
571.2	5.9491e-06
571.4	6.566e-06
571.6	7.2468e-06
571.8	7.9982e-06
572.0	8.8275e-06
572.2	8.3252e-06
572.4	7.6366e-06
572.6	7.005e-06
572.8	6.4256e-06
573.0	5.8941e-06
573.2	5.4066e-06
573.4	4.9594e-06
573.6	4.5492e-06
573.8	4.173e-06
574.0	3.8278e-06
574.2	3.5613e-06
574.4	3.323e-06
574.6	3.1006e-06
574.8	2.8932e-06
575.0	2.6995e-06
575.2	2.5189e-06
575.4	2.3503e-06
575.6	2.1931e-06
575.8	2.0463e-06
576.0	1.9094e-06
576.2	2.0493e-06
576.4	2.2704e-06
576.6	2.5154e-06
576.8	2.7869e-06
577.0	3.0876e-06
577.2	3.4208e-06
577.4	3.79e-06
577.6	4.199e-06
577.8	4.6522e-06
578.0	5.1542e-06
578.2	5.0875e-06
578.4	4.8744e-06
578.6	4.6702e-06
578.8	4.4745e-06
579.0	4.287e-06
579.2	4.1074e-06
579.4	3.9353e-06
579.6	3.7704e-06
579.8	3.6124e-06
580.0	3.4611e-06
580.2	3.0192e-06
580.4	2.6167e-06
580.6	2.2678e-06
580.8	1.9654e-06
581.0	1.7034e-06
581.2	1.4762e-06
581.4	1.2794e-06
581.6	1.1088e-06
581.8	9.6098e-07
582.0	8.3285e-07
582.2	8.1245e-07
582.4	8.0927e-07
582.6	8.061e-07
582.8	8.0295e-07
583.0	7.998e-07
583.2	7.9667e-07
583.4	7.9355e-07
583.6	7.9045e-07
583.8	7.8735e-07
584.0	7.8427e-07
584.2	8.666e-07
584.4	9.774e-07
584.6	1.1024e-06
584.8	1.2433e-06
585.0	1.4023e-06
585.2	1.5816e-06
585.4	1.7838e-06
585.6	2.0119e-06
585.8	2.2692e-06
586.0	2.5593e-06
586.2	2.7467e-06
586.4	2.9168e-06
586.6	3.0975e-06
586.8	3.2894e-06
587.0	3.4932e-06
587.2	3.7096e-06
587.4	3.9394e-06
587.6	4.1835e-06
587.8	4.4426e-06
588.0	4.7179e-06
588.2	4.3749e-06
588.4	3.9339e-06
588.6	3.5374e-06
588.8	3.1808e-06
589.0	2.8602e-06
589.2	2.5719e-06
589.4	2.3126e-06
589.6	2.0795e-06
589.8	1.8699e-06
590.0	1.6814e-06
590.2	1.6304e-06
590.4	1.5913e-06
590.6	1.5532e-06
590.8	1.516e-06
591.0	1.4797e-06
591.2	1.4442e-06
591.4	1.4096e-06
591.6	1.3758e-06
591.8	1.3429e-06
592.0	1.3107e-06
592.2	1.3502e-06
592.4	1.4069e-06
592.6	1.4661e-06
592.8	1.5277e-06
593.0	1.5918e-06
593.2	1.6587e-06
593.4	1.7284e-06
593.6	1.8011e-06
593.8	1.8767e-06
594.0	1.9556e-06
594.2	2.1432e-06
594.4	2.3758e-06
594.6	2.6337e-06
594.8	2.9196e-06
595.0	3.2366e-06
595.2	3.5879e-06
595.4	3.9774e-06
595.6	4.4091e-06
595.8	4.8878e-06
596.0	5.4183e-06
596.2	5.4282e-06
596.4	5.3105e-06
596.6	5.1953e-06
596.8	5.0827e-06
597.0	4.9724e-06
597.2	4.8646e-06
597.4	4.7591e-06
597.6	4.6559e-06
597.8	4.5549e-06
598.0	4.4561e-06
598.2	4.3675e-06
598.4	4.2825e-06
598.6	4.1992e-06
598.8	4.1175e-06
599.0	4.0374e-06
599.2	3.9588e-06
599.4	3.8818e-06
599.6	3.8062e-06
599.8	3.7322e-06
600.0	3.6595e-06
600.2	3.9495e-06
600.4	4.303e-06
600.6	4.6881e-06
600.8	5.1077e-06
601.0	5.5649e-06
601.2	6.063e-06
601.4	6.6056e-06
601.6	7.1969e-06
601.8	7.841e-06
602.0	8.5429e-06
602.2	8.6959e-06
602.4	8.7162e-06
602.6	8.7365e-06
602.8	8.7569e-06
603.0	8.7773e-06
603.2	8.7978e-06
603.4	8.8183e-06
603.6	8.8388e-06
603.8	8.8595e-06
604.0	8.8801e-06
604.2	8.7758e-06
604.4	8.6441e-06
604.6	8.5143e-06
604.8	8.3864e-06
605.0	8.2605e-06
605.2	8.1364e-06
605.4	8.0143e-06
605.6	7.8939e-06
605.8	7.7754e-06
606.0	7.6586e-06
606.2	6.8608e-06
606.4	6.0109e-06
606.6	5.2663e-06
606.8	4.6139e-06
607.0	4.0423e-06
607.2	3.5415e-06
607.4	3.1028e-06
607.6	2.7184e-06
607.8	2.3816e-06
608.0	2.0866e-06
608.2	1.8227e-06
608.4	1.5912e-06
608.6	1.389e-06
608.8	1.2126e-06
609.0	1.0585e-06
609.2	9.2404e-07
609.4	8.0665e-07
609.6	7.0417e-07
609.8	6.1471e-07
610.0	5.3662e-07
610.2	5.1821e-07
610.4	5.0485e-07
610.6	4.9183e-07
610.8	4.7914e-07
611.0	4.6679e-07
611.2	4.5475e-07
611.4	4.4302e-07
611.6	4.316e-07
611.8	4.2047e-07
612.0	4.0962e-07
612.2	4.1672e-07
612.4	4.2759e-07
612.6	4.3874e-07
612.8	4.5019e-07
613.0	4.6193e-07
613.2	4.7398e-07
613.4	4.8634e-07
613.6	4.9902e-07
613.8	5.1203e-07
614.0	5.2539e-07
614.2	5.6298e-07
614.4	6.0827e-07
614.6	6.5721e-07
614.8	7.1008e-07
615.0	7.672e-07
615.2	8.2892e-07
615.4	8.956e-07
615.6	9.6765e-07
615.8	1.0455e-06
616.0	1.1296e-06
616.2	1.2723e-06
616.4	1.4439e-06
616.6	1.6387e-06
616.8	1.8598e-06
617.0	2.1107e-06
617.2	2.3954e-06
617.4	2.7186e-06
617.6	3.0854e-06
617.8	3.5016e-06
618.0	3.974e-06
618.2	3.8775e-06
618.4	3.6875e-06
618.6	3.5069e-06
618.8	3.3352e-06
619.0	3.1718e-06
619.2	3.0164e-06
619.4	2.8687e-06
619.6	2.7282e-06
619.8	2.5945e-06
620.0	2.4675e-06
620.2	2.2655e-06
620.4	2.071e-06
620.6	1.8932e-06
620.8	1.7307e-06
621.0	1.5821e-06
621.2	1.4463e-06
621.4	1.3222e-06
621.6	1.2087e-06
621.8	1.1049e-06
622.0	1.0101e-06
622.2	9.8824e-07
622.4	9.8448e-07
622.6	9.8073e-07
622.8	9.77e-07
623.0	9.7328e-07
623.2	9.6958e-07
623.4	9.6589e-07
623.6	9.6221e-07
623.8	9.5855e-07
624.0	9.549e-07
624.2	1.0019e-06
624.4	1.0653e-06
624.6	1.1327e-06
624.8	1.2044e-06
625.0	1.2806e-06
625.2	1.3617e-06
625.4	1.4479e-06
625.6	1.5395e-06
625.8	1.637e-06
626.0	1.7406e-06
626.2	1.7584e-06
626.4	1.7552e-06
626.6	1.752e-06
626.8	1.7488e-06
627.0	1.7456e-06
627.2	1.7424e-06
627.4	1.7392e-06
627.6	1.736e-06
627.8	1.7329e-06
628.0	1.7297e-06
628.2	1.6275e-06
628.4	1.5123e-06
628.6	1.4052e-06
628.8	1.3057e-06
629.0	1.2133e-06
629.2	1.1274e-06
629.4	1.0475e-06
629.6	9.7337e-07
629.8	9.0445e-07
630.0	8.4041e-07
630.2	8.2886e-07
630.4	8.2381e-07
630.6	8.188e-07
630.8	8.1381e-07
631.0	8.0886e-07
631.2	8.0394e-07
631.4	7.9905e-07
631.6	7.9418e-07
631.8	7.8935e-07
632.0	7.8454e-07
632.2	7.9778e-07
632.4	8.1648e-07
632.6	8.3562e-07
632.8	8.5521e-07
633.0	8.7526e-07
633.2	8.9578e-07
633.4	9.1678e-07
633.6	9.3827e-07
633.8	9.6027e-07
634.0	9.8278e-07
634.2	1.0304e-06
634.4	1.0871e-06
634.6	1.147e-06
634.8	1.2101e-06
635.0	1.2767e-06
635.2	1.3469e-06
635.4	1.421e-06
635.6	1.4992e-06
635.8	1.5817e-06
636.0	1.6688e-06
636.2	1.793e-06
636.4	1.9346e-06
636.6	2.0875e-06
636.8	2.2524e-06
637.0	2.4303e-06
637.2	2.6223e-06
637.4	2.8295e-06
637.6	3.053e-06
637.8	3.2942e-06
638.0	3.5545e-06
638.2	3.5687e-06
638.4	3.5324e-06
638.6	3.4964e-06
638.8	3.4607e-06
639.0	3.4255e-06
639.2	3.3906e-06
639.4	3.356e-06
639.6	3.3218e-06
639.8	3.288e-06
640.0	3.2545e-06
640.2	3.0991e-06
640.4	2.9349e-06
640.6	2.7794e-06
640.8	2.6322e-06
641.0	2.4928e-06
641.2	2.3607e-06
641.4	2.2356e-06
641.6	2.1172e-06
641.8	2.005e-06
642.0	1.8988e-06
642.2	1.8432e-06
642.4	1.8024e-06
642.6	1.7626e-06
642.8	1.7236e-06
643.0	1.6855e-06
643.2	1.6482e-06
643.4	1.6117e-06
643.6	1.5761e-06
643.8	1.5412e-06
644.0	1.5072e-06
644.2	1.5192e-06
644.4	1.5438e-06
644.6	1.5687e-06
644.8	1.5941e-06
645.0	1.6198e-06
645.2	1.646e-06
645.4	1.6726e-06
645.6	1.6996e-06
645.8	1.7271e-06
646.0	1.755e-06
646.2	1.7817e-06
646.4	1.8085e-06
646.6	1.8356e-06
646.8	1.8632e-06
647.0	1.8911e-06
647.2	1.9195e-06
647.4	1.9484e-06
647.6	1.9776e-06
647.8	2.0073e-06
648.0	2.0374e-06
648.2	2.0303e-06
648.4	2.0163e-06
648.6	2.0024e-06
648.8	1.9885e-06
649.0	1.9748e-06
649.2	1.9612e-06
649.4	1.9477e-06
649.6	1.9343e-06
649.8	1.9209e-06
650.0	1.9077e-06
650.2	1.9661e-06
650.4	2.037e-06
650.6	2.1104e-06
650.8	2.1865e-06
651.0	2.2654e-06
651.2	2.3471e-06
651.4	2.4317e-06
651.6	2.5194e-06
651.8	2.6102e-06
652.0	2.7044e-06
652.2	2.8426e-06
652.4	3.0006e-06
652.6	3.1673e-06
652.8	3.3432e-06
653.0	3.529e-06
653.2	3.725e-06
653.4	3.932e-06
653.6	4.1504e-06
653.8	4.381e-06
654.0	4.6244e-06
654.2	4.7839e-06
654.4	4.9248e-06
654.6	5.0699e-06
654.8	5.2193e-06
655.0	5.373e-06
655.2	5.5313e-06
655.4	5.6942e-06
655.6	5.862e-06
655.8	6.0346e-06
656.0	6.2124e-06
656.2	6.1243e-06
656.4	5.986e-06
656.6	5.8509e-06
656.8	5.7188e-06
657.0	5.5896e-06
657.2	5.4634e-06
657.4	5.3401e-06
657.6	5.2195e-06
657.8	5.1016e-06
658.0	4.9864e-06
658.2	4.8607e-06
658.4	4.7362e-06
658.6	4.6148e-06
658.8	4.4966e-06
659.0	4.3813e-06
659.2	4.2691e-06
659.4	4.1597e-06
659.6	4.0531e-06
659.8	3.9492e-06
660.0	3.8481e-06
660.2	3.9547e-06
660.4	4.0983e-06
660.6	4.2471e-06
660.8	4.4013e-06
661.0	4.5611e-06
661.2	4.7267e-06
661.4	4.8983e-06
661.6	5.0761e-06
661.8	5.2604e-06
662.0	5.4514e-06
662.2	5.6184e-06
662.4	5.7808e-06
662.6	5.9479e-06
662.8	6.1198e-06
663.0	6.2967e-06
663.2	6.4787e-06
663.4	6.6659e-06
663.6	6.8586e-06
663.8	7.0569e-06
664.0	7.2608e-06
664.2	7.0594e-06
664.4	6.7641e-06
664.6	6.4812e-06
664.8	6.2101e-06
665.0	5.9503e-06
665.2	5.7014e-06
665.4	5.4629e-06
665.6	5.2344e-06
665.8	5.0155e-06
666.0	4.8057e-06
666.2	4.5197e-06
666.4	4.2352e-06
666.6	3.9685e-06
666.8	3.7187e-06
667.0	3.4846e-06
667.2	3.2652e-06
667.4	3.0596e-06
667.6	2.867e-06
667.8	2.6865e-06
668.0	2.5173e-06
668.2	2.3826e-06
668.4	2.2583e-06
668.6	2.1406e-06
668.8	2.0289e-06
669.0	1.9231e-06
669.2	1.8228e-06
669.4	1.7277e-06
669.6	1.6376e-06
669.8	1.5522e-06
670.0	1.4712e-06
670.2	1.4303e-06
670.4	1.3966e-06
670.6	1.3637e-06
670.8	1.3316e-06
671.0	1.3002e-06
671.2	1.2695e-06
671.4	1.2396e-06
671.6	1.2104e-06
671.8	1.1819e-06
672.0	1.154e-06
672.2	1.128e-06
672.4	1.1029e-06
672.6	1.0784e-06
672.8	1.0545e-06
673.0	1.0311e-06
673.2	1.0082e-06
673.4	9.8577e-07
673.6	9.6388e-07
673.8	9.4247e-07
674.0	9.2153e-07
674.2	9.1876e-07
674.4	9.2075e-07
674.6	9.2274e-07
674.8	9.2473e-07
675.0	9.2673e-07
675.2	9.2873e-07
675.4	9.3074e-07
675.6	9.3275e-07
675.8	9.3476e-07
676.0	9.3678e-07
676.2	9.718e-07
676.4	1.015e-06
676.6	1.0602e-06
676.8	1.1073e-06
677.0	1.1566e-06
677.2	1.208e-06
677.4	1.2618e-06
677.6	1.3179e-06
677.8	1.3765e-06
678.0	1.4378e-06
678.2	1.5686e-06
678.4	1.7215e-06
678.6	1.8892e-06
678.8	2.0734e-06
679.0	2.2755e-06
679.2	2.4972e-06
679.4	2.7406e-06
679.6	3.0078e-06
679.8	3.3009e-06
680.0	3.6226e-06
680.2	3.9776e-06
680.4	4.3677e-06
680.6	4.7961e-06
680.8	5.2664e-06
681.0	5.7829e-06
681.2	6.3501e-06
681.4	6.9728e-06
681.6	7.6567e-06
681.8	8.4076e-06
682.0	9.2321e-06
682.2	9.1671e-06
682.4	8.8404e-06
682.6	8.5254e-06
682.8	8.2216e-06
683.0	7.9286e-06
683.2	7.646e-06
683.4	7.3735e-06
683.6	7.1108e-06
683.8	6.8574e-06
684.0	6.613e-06
684.2	6.3852e-06
684.4	6.167e-06
684.6	5.9562e-06
684.8	5.7527e-06
685.0	5.556e-06
685.2	5.3661e-06
685.4	5.1827e-06
685.6	5.0056e-06
685.8	4.8345e-06
686.0	4.6693e-06
686.2	4.6755e-06
686.4	4.7069e-06
686.6	4.7386e-06
686.8	4.7706e-06
687.0	4.8027e-06
687.2	4.8351e-06
687.4	4.8676e-06
687.6	4.9004e-06
687.8	4.9334e-06
688.0	4.9666e-06
688.2	4.9912e-06
688.4	5.0152e-06
688.6	5.0393e-06
688.8	5.0635e-06
689.0	5.0878e-06
689.2	5.1122e-06
689.4	5.1367e-06
689.6	5.1614e-06
689.8	5.1861e-06
690.0	5.211e-06
690.2	5.248e-06
690.4	5.2874e-06
690.6	5.3271e-06
690.8	5.3671e-06
691.0	5.4074e-06
691.2	5.448e-06
691.4	5.4889e-06
691.6	5.5301e-06
691.8	5.5717e-06
692.0	5.6135e-06
692.2	5.5911e-06
692.4	5.5464e-06
692.6	5.502e-06
692.8	5.458e-06
693.0	5.4144e-06
693.2	5.371e-06
693.4	5.3281e-06
693.6	5.2855e-06
693.8	5.2432e-06
694.0	5.2012e-06
694.2	5.2177e-06
694.4	5.2493e-06
694.6	5.2811e-06
694.8	5.3131e-06
695.0	5.3453e-06
695.2	5.3777e-06
695.4	5.4103e-06
695.6	5.4431e-06
695.8	5.4761e-06
696.0	5.5092e-06
696.2	5.6231e-06
696.4	5.754e-06
696.6	5.888e-06
696.8	6.025e-06
697.0	6.1653e-06
697.2	6.3088e-06
697.4	6.4556e-06
697.6	6.6059e-06
697.8	6.7597e-06
698.0	6.917e-06
698.2	7.0e-06
698.4	7.0757e-06
698.6	7.1523e-06
698.8	7.2296e-06
699.0	7.3079e-06
699.2	7.3869e-06
699.4	7.4668e-06
699.6	7.5476e-06
699.8	7.6293e-06
700.0	7.7118e-06
700.2	7.6178e-06
700.4	7.4933e-06
700.6	7.3707e-06
700.8	7.2502e-06
701.0	7.1317e-06
701.2	7.015e-06
701.4	6.9003e-06
701.6	6.7875e-06
701.8	6.6765e-06
702.0	6.5673e-06
702.2	6.3146e-06
702.4	6.0246e-06
702.6	5.7478e-06
702.8	5.4837e-06
703.0	5.2318e-06
703.2	4.9915e-06
703.4	4.7622e-06
703.6	4.5434e-06
703.8	4.3347e-06
704.0	4.1356e-06
704.2	3.9942e-06
704.4	3.8691e-06
704.6	3.7479e-06
704.8	3.6305e-06
705.0	3.5168e-06
705.2	3.4067e-06
705.4	3.3e-06
705.6	3.1966e-06
705.8	3.0965e-06
706.0	2.9995e-06
706.2	2.9674e-06
706.4	2.9453e-06
706.6	2.9234e-06
706.8	2.9016e-06
707.0	2.88e-06
707.2	2.8586e-06
707.4	2.8373e-06
707.6	2.8162e-06
707.8	2.7952e-06
708.0	2.7744e-06
708.2	2.7522e-06
708.4	2.7302e-06
708.6	2.7083e-06
708.8	2.6866e-06
709.0	2.665e-06
709.2	2.6436e-06
709.4	2.6224e-06
709.6	2.6014e-06
709.8	2.5806e-06
710.0	2.5599e-06
710.2	2.5671e-06
710.4	2.58e-06
710.6	2.5931e-06
710.8	2.6062e-06
711.0	2.6193e-06
711.2	2.6326e-06
711.4	2.6459e-06
711.6	2.6592e-06
711.8	2.6726e-06
712.0	2.6861e-06
712.2	2.6997e-06
712.4	2.7132e-06
712.6	2.7269e-06
712.8	2.7406e-06
713.0	2.7544e-06
713.2	2.7682e-06
713.4	2.7821e-06
713.6	2.7961e-06
713.8	2.8102e-06
714.0	2.8243e-06
714.2	2.8792e-06
714.4	2.9466e-06
714.6	3.0157e-06
714.8	3.0863e-06
715.0	3.1586e-06
715.2	3.2326e-06
715.4	3.3083e-06
715.6	3.3858e-06
715.8	3.4651e-06
716.0	3.5462e-06
716.2	3.7208e-06
716.4	3.9212e-06
716.6	4.1324e-06
716.8	4.355e-06
717.0	4.5895e-06
717.2	4.8367e-06
717.4	5.0972e-06
717.6	5.3717e-06
717.8	5.661e-06
718.0	5.9659e-06
718.2	6.2418e-06
718.4	6.5263e-06
718.6	6.8238e-06
718.8	7.1349e-06
719.0	7.4601e-06
719.2	7.8002e-06
719.4	8.1557e-06
719.6	8.5275e-06
719.8	8.9162e-06
720.0	9.3226e-06
720.2	9.5176e-06
720.4	9.6659e-06
720.6	9.8165e-06
720.8	9.9694e-06
721.0	1.0125e-05
721.2	1.0282e-05
721.4	1.0443e-05
721.6	1.0605e-05
721.8	1.077e-05
722.0	1.0938e-05
722.2	1.0793e-05
722.4	1.0525e-05
722.6	1.0263e-05
722.8	1.0009e-05
723.0	9.76e-06
723.2	9.5176e-06
723.4	9.2812e-06
723.6	9.0507e-06
723.8	8.8259e-06
724.0	8.6067e-06
724.2	8.4988e-06
724.4	8.421e-06
724.6	8.344e-06
724.8	8.2677e-06
725.0	8.1921e-06
725.2	8.1172e-06
725.4	8.0429e-06
725.6	7.9694e-06
725.8	7.8965e-06
726.0	7.8243e-06
726.2	7.8038e-06
726.4	7.7916e-06
726.6	7.7795e-06
726.8	7.7675e-06
727.0	7.7554e-06
727.2	7.7434e-06
727.4	7.7313e-06
727.6	7.7193e-06
727.8	7.7073e-06
728.0	7.6954e-06
728.2	7.5655e-06
728.4	7.4298e-06
728.6	7.2965e-06
728.8	7.1656e-06
729.0	7.0371e-06
729.2	6.9108e-06
729.4	6.7869e-06
729.6	6.6651e-06
729.8	6.5456e-06
730.0	6.4282e-06
730.2	6.3745e-06
730.4	6.3352e-06
730.6	6.2962e-06
730.8	6.2574e-06
731.0	6.2189e-06
731.2	6.1806e-06
731.4	6.1425e-06
731.6	6.1047e-06
731.8	6.0671e-06
732.0	6.0297e-06
732.2	5.944e-06
732.4	5.8376e-06
732.6	5.7332e-06
732.8	5.6306e-06
733.0	5.5298e-06
733.2	5.4308e-06
733.4	5.3336e-06
733.6	5.2382e-06
733.8	5.1444e-06
734.0	5.0523e-06
734.2	4.9587e-06
734.4	4.8659e-06
734.6	4.7748e-06
734.8	4.6854e-06
735.0	4.5977e-06
735.2	4.5116e-06
735.4	4.4272e-06
735.6	4.3443e-06
735.8	4.2629e-06
736.0	4.1831e-06
736.2	4.1148e-06
736.4	4.0494e-06
736.6	3.985e-06
736.8	3.9217e-06
737.0	3.8594e-06
737.2	3.7981e-06
737.4	3.7377e-06
737.6	3.6783e-06
737.8	3.6199e-06
738.0	3.5624e-06
738.2	3.5136e-06
738.4	3.4662e-06
738.6	3.4194e-06
738.8	3.3732e-06
739.0	3.3277e-06
739.2	3.2828e-06
739.4	3.2385e-06
739.6	3.1947e-06
739.8	3.1516e-06
740.0	3.1091e-06
740.2	3.1699e-06
740.4	3.2579e-06
740.6	3.3483e-06
740.8	3.4412e-06
741.0	3.5366e-06
741.2	3.6348e-06
741.4	3.7356e-06
741.6	3.8393e-06
741.8	3.9458e-06
742.0	4.0553e-06
742.2	4.1874e-06
742.4	4.3335e-06
742.6	4.4847e-06
742.8	4.6411e-06
743.0	4.803e-06
743.2	4.9706e-06
743.4	5.144e-06
743.6	5.3235e-06
743.8	5.5092e-06
744.0	5.7014e-06
744.2	5.8709e-06
744.4	6.0363e-06
744.6	6.2063e-06
744.8	6.3811e-06
745.0	6.5608e-06
745.2	6.7456e-06
745.4	6.9356e-06
745.6	7.1309e-06
745.8	7.3318e-06
746.0	7.5383e-06
746.2	7.5048e-06
746.4	7.4307e-06
746.6	7.3573e-06
746.8	7.2846e-06
747.0	7.2127e-06
747.2	7.1415e-06
747.4	7.071e-06
747.6	7.0012e-06
747.8	6.932e-06
748.0	6.8636e-06
748.2	6.6459e-06
748.4	6.4269e-06
748.6	6.215e-06
748.8	6.0101e-06
749.0	5.812e-06
749.2	5.6204e-06
749.4	5.4352e-06
749.6	5.256e-06
749.8	5.0827e-06
750.0	4.9152e-06
750.2	4.8827e-06
750.4	4.8802e-06
750.6	4.8776e-06
750.8	4.8751e-06
751.0	4.8726e-06
751.2	4.87e-06
751.4	4.8675e-06
751.6	4.865e-06
751.8	4.8624e-06
752.0	4.8599e-06
752.2	4.9001e-06
752.4	4.961e-06
752.6	5.0227e-06
752.8	5.0851e-06
753.0	5.1483e-06
753.2	5.2124e-06
753.4	5.2772e-06
753.6	5.3428e-06
753.8	5.4092e-06
754.0	5.4764e-06
754.2	5.6716e-06
754.4	5.9135e-06
754.6	6.1658e-06
754.8	6.4288e-06
755.0	6.7031e-06
755.2	6.989e-06
755.4	7.2872e-06
755.6	7.598e-06
755.8	7.9221e-06
756.0	8.2601e-06
756.2	8.8193e-06
756.4	9.4513e-06
756.6	1.0129e-05
756.8	1.0854e-05
757.0	1.1632e-05
757.2	1.2466e-05
757.4	1.3359e-05
757.6	1.4317e-05
757.8	1.5342e-05
758.0	1.6442e-05
758.2	1.7818e-05
758.4	1.9318e-05
758.6	2.0945e-05
758.8	2.2708e-05
759.0	2.462e-05
759.2	2.6693e-05
759.4	2.894e-05
759.6	3.1377e-05
759.8	3.4018e-05
760.0	3.701e-05
760.2	4.5026e-05
760.4	5.0352e-05
760.6	5.4981e-05
760.8	6.0987e-05
761.0	6.7869e-05
761.2	7.5811e-05
761.4	8.4744e-05
761.6	9.4408e-05
761.8	1.033e-04
762.0	1.1342e-04
762.2	1.2494e-04
762.4	1.3584e-04
762.6	1.474e-04
762.8	1.6003e-04
763.0	1.7407e-04
763.2	1.8962e-04
763.4	2.0308e-04
763.6	2.1698e-04
763.8	2.3142e-04
764.0	2.458e-04
764.2	2.6039e-04
764.4	2.764e-04
764.6	2.9373e-04
764.8	3.129e-04
765.0	3.3097e-04
765.2	3.4882e-04
765.4	3.6692e-04
765.6	3.8728e-04
765.8	4.1128e-04
766.0	4.3599e-04
766.2	4.6204e-04
766.4	4.9303e-04
766.6	5.2564e-04
766.8	5.5969e-04
767.0	5.9449e-04
767.2	6.313e-04
767.4	6.7316e-04
767.6	7.1657e-04
767.8	7.6126e-04
768.0	8.131e-04
768.2	8.6843e-04
768.4	9.212e-04
768.6	9.7546e-04
768.8	0.00103
769.0	0.00109
769.2	0.00115
769.4	0.0012
769.6	0.00125
769.8	0.0013
770.0	0.00132
770.2	0.00135
770.4	0.00139
770.6	0.00141
770.8	0.00143
771.0	0.00145
771.2	0.00146
771.4	0.00147
771.6	0.00147
771.8	0.00146
772.0	0.00146
772.2	0.00145
772.4	0.00144
772.6	0.00142
772.8	0.00141
773.0	0.00139
773.2	0.00137
773.4	0.00135
773.6	0.00133
773.8	0.00131
774.0	0.00129
774.2	0.00126
774.4	0.00124
774.6	0.00122
774.8	0.0012
775.0	0.00117
775.2	0.00115
775.4	0.00112
775.6	0.0011
775.8	0.00108
776.0	0.00106
776.2	0.00104
776.4	0.00102
776.6	9.9524e-04
776.8	9.721e-04
777.0	9.5356e-04
777.2	9.3702e-04
777.4	9.1695e-04
777.6	9.0981e-04
777.8	8.9148e-04
778.0	8.761e-04
778.2	8.6358e-04
778.4	8.4977e-04
778.6	8.3774e-04
778.8	8.2497e-04
779.0	8.1413e-04
779.2	8.0432e-04
779.4	7.9393e-04
779.6	7.8142e-04
779.8	7.7033e-04
780.0	7.6538e-04
780.2	7.5704e-04
780.4	7.4861e-04
780.6	7.4009e-04
780.8	7.3005e-04
781.0	7.1811e-04
781.2	7.0548e-04
781.4	6.9164e-04
781.6	6.7783e-04
781.8	6.6377e-04
782.0	6.4997e-04
782.2	6.3635e-04
782.4	6.2292e-04
782.6	6.0938e-04
782.8	5.957e-04
783.0	5.7972e-04
783.2	5.6427e-04
783.4	5.5032e-04
783.6	5.3676e-04
783.8	5.2569e-04
784.0	5.1485e-04
784.2	5.0312e-04
784.4	4.9161e-04
784.6	4.8157e-04
784.8	4.7188e-04
785.0	4.633e-04
785.2	4.5505e-04
785.4	4.4808e-04
785.6	4.4155e-04
785.8	4.3573e-04
786.0	4.3023e-04
786.2	4.2738e-04
786.4	4.2591e-04
786.6	4.2453e-04
786.8	4.2321e-04
787.0	4.2336e-04
787.2	4.2476e-04
787.4	4.2683e-04
787.6	4.2962e-04
787.8	4.3517e-04
788.0	4.4466e-04
788.2	4.5453e-04
788.4	4.6493e-04
788.6	4.7693e-04
788.8	4.9248e-04
789.0	5.088e-04
789.2	5.2648e-04
789.4	5.4558e-04
789.6	5.6909e-04
789.8	5.9329e-04
790.0	6.1621e-04
790.2	6.447e-04
790.4	6.785e-04
790.6	7.1813e-04
790.8	7.6102e-04
791.0	8.0769e-04
791.2	8.6101e-04
791.4	9.2418e-04
791.6	9.9302e-04
791.8	0.00107
792.0	0.00115
792.2	0.00123
792.4	0.00132
792.6	0.00142
792.8	0.00152
793.0	0.00162
793.2	0.00173
793.4	0.00181
793.6	0.0019
793.8	0.00197
794.0	0.00203
794.2	0.00206
794.4	0.0021
794.6	0.00209
794.8	0.00209
795.0	0.00205
795.2	0.00201
795.4	0.00197
795.6	0.00192
795.8	0.00186
796.0	0.0018
796.2	0.00174
796.4	0.00167
796.6	0.00162
796.8	0.00158
797.0	0.00154
797.2	0.0015
797.4	0.00147
797.6	0.00145
797.8	0.00142
798.0	0.00141
798.2	0.00139
798.4	0.00139
798.6	0.00139
798.8	0.0014
799.0	0.0014
799.2	0.00142
799.4	0.00144
799.6	0.00146
799.8	0.00149
800.0	0.00152
800.2	0.00155
800.4	0.00159
800.6	0.00164
800.8	0.0017
801.0	0.00176
801.2	0.00184
801.4	0.00191
801.6	0.00198
801.8	0.00206
802.0	0.00215
802.2	0.00223
802.4	0.00232
802.6	0.00241
802.8	0.00248
803.0	0.00256
803.2	0.00263
803.4	0.00268
803.6	0.00272
803.8	0.00275
804.0	0.00276
804.2	0.00277
804.4	0.00276
804.6	0.00274
804.8	0.0027
805.0	0.00266
805.2	0.00261
805.4	0.00256
805.6	0.00251
805.8	0.00246
806.0	0.00241
806.2	0.00235
806.4	0.0023
806.6	0.00225
806.8	0.0022
807.0	0.00216
807.2	0.00212
807.4	0.00209
807.6	0.00207
807.8	0.00205
808.0	0.00204
808.2	0.00202
808.4	0.002
808.6	0.00199
808.8	0.00198
809.0	0.00199
809.2	0.002
809.4	0.00199
809.6	0.00199
809.8	0.00199
810.0	0.00201
810.2	0.00201
810.4	0.00202
810.6	0.00202
810.8	0.00202
811.0	0.00202
811.2	0.00202
811.4	0.00201
811.6	0.00199
811.8	0.00197
812.0	0.00195
812.2	0.00193
812.4	0.0019
812.6	0.00187
812.8	0.00184
813.0	0.0018
813.2	0.00177
813.4	0.00173
813.6	0.00169
813.8	0.00165
814.0	0.0016
814.2	0.00156
814.4	0.00152
814.6	0.00149
814.8	0.00146
815.0	0.00142
815.2	0.00139
815.4	0.00136
815.6	0.00133
815.8	0.00131
816.0	0.00129
816.2	0.00128
816.4	0.00126
816.6	0.00125
816.8	0.00123
817.0	0.00123
817.2	0.00122
817.4	0.00122
817.6	0.00122
817.8	0.00122
818.0	0.00122
818.2	0.00122
818.4	0.00123
818.6	0.00124
818.8	0.00125
819.0	0.00125
819.2	0.00126
819.4	0.00127
819.6	0.00128
819.8	0.00128
820.0	0.00128
820.2	0.00125
820.4	0.00125
820.6	0.00124
820.8	0.00124
821.0	0.00123
821.2	0.00121
821.4	0.00119
821.6	0.00117
821.8	0.00114
822.0	0.0011
822.2	0.00108
822.4	0.00104
822.6	9.9416e-04
822.8	9.5482e-04
823.0	9.1635e-04
823.2	8.781e-04
823.4	8.4046e-04
823.6	8.0123e-04
823.8	7.5933e-04
824.0	7.2106e-04
824.2	6.82e-04
824.4	6.5761e-04
824.6	6.2524e-04
824.8	5.9508e-04
825.0	5.71e-04
825.2	5.499e-04
825.4	5.2551e-04
825.6	5.0118e-04
825.8	4.859e-04
826.0	4.6754e-04
826.2	4.5108e-04
826.4	4.3575e-04
826.6	4.228e-04
826.8	4.0795e-04
827.0	3.9619e-04
827.2	3.8673e-04
827.4	3.821e-04
827.6	3.7532e-04
827.8	3.6696e-04
828.0	3.652e-04
828.2	3.5327e-04
828.4	3.5184e-04
828.6	3.479e-04
828.8	3.4634e-04
829.0	3.4815e-04
829.2	3.4313e-04
829.4	3.4402e-04
829.6	3.4866e-04
829.8	3.4808e-04
830.0	3.4698e-04
830.2	3.5349e-04
830.4	3.6215e-04
830.6	3.61e-04
830.8	3.6985e-04
831.0	3.7587e-04
831.2	3.8735e-04
831.4	3.9071e-04
831.6	4.0442e-04
831.8	4.1265e-04
832.0	4.2803e-04
832.2	4.409e-04
832.4	4.5613e-04
832.6	4.7365e-04
832.8	4.9335e-04
833.0	5.1656e-04
833.2	5.374e-04
833.4	5.701e-04
833.6	5.882e-04
833.8	6.2448e-04
834.0	6.4994e-04
834.2	6.8941e-04
834.4	7.2025e-04
834.6	7.6985e-04
834.8	8.1519e-04
835.0	8.5689e-04
835.2	9.094e-04
835.4	9.7327e-04
835.6	0.00103
835.8	0.00109
836.0	0.00117
836.2	0.00125
836.4	0.00131
836.6	0.0014
836.8	0.00148
837.0	0.00157
837.2	0.00165
837.4	0.00175
837.6	0.00184
837.8	0.00193
838.0	0.00201
838.2	0.00211
838.4	0.00218
838.6	0.00226
838.8	0.00233
839.0	0.00239
839.2	0.00247
839.4	0.00252
839.6	0.00257
839.8	0.00261
840.0	0.00266
840.2	0.0027
840.4	0.00273
840.6	0.00277
840.8	0.00282
841.0	0.00285
841.2	0.00286
841.4	0.00291
841.6	0.00294
841.8	0.00296
842.0	0.00299
842.2	0.00302
842.4	0.00306
842.6	0.00308
842.8	0.00312
843.0	0.00316
843.2	0.00317
843.4	0.00322
843.6	0.00321
843.8	0.00324
844.0	0.00327
844.2	0.00326
844.4	0.00328
844.6	0.00327
844.8	0.00328
845.0	0.00324
845.2	0.00322
845.4	0.00319
845.6	0.00314
845.8	0.00308
846.0	0.00304
846.2	0.00297
846.4	0.00292
846.6	0.00285
846.8	0.00277
847.0	0.00271
847.2	0.00263
847.4	0.00257
847.6	0.0025
847.8	0.00243
848.0	0.00236
848.2	0.0023
848.4	0.00224
848.6	0.00219
848.8	0.00214
849.0	0.00209
849.2	0.00204
849.4	0.00199
849.6	0.00197
849.8	0.00194
850.0	0.00189
850.2	0.00187
850.4	0.00185
850.6	0.00184
850.8	0.00182
851.0	0.00181
851.2	0.00181
851.4	0.0018
851.6	0.0018
851.8	0.00181
852.0	0.00181
852.2	0.00182
852.4	0.00184
852.6	0.00187
852.8	0.00187
853.0	0.00191
853.2	0.00193
853.4	0.00197
853.6	0.002
853.8	0.00203
854.0	0.00209
854.2	0.00213
854.4	0.00215
854.6	0.00221
854.8	0.00225
855.0	0.00232
855.2	0.00236
855.4	0.00242
855.6	0.00246
855.8	0.00251
856.0	0.00255
856.2	0.0026
856.4	0.00263
856.6	0.00266
856.8	0.0027
857.0	0.00272
857.2	0.00274
857.4	0.00275
857.6	0.00274
857.8	0.00275
858.0	0.00275
858.2	0.00273
858.4	0.0027
858.6	0.00269
858.8	0.00267
859.0	0.00264
859.2	0.00261
859.4	0.00258
859.6	0.00254
859.8	0.00252
860.0	0.00249
860.2	0.00245
860.4	0.00242
860.6	0.0024
860.8	0.00239
861.0	0.00236
861.2	0.00235
861.4	0.00233
861.6	0.00232
861.8	0.00232
862.0	0.00231
862.2	0.00232
862.4	0.00232
862.6	0.00233
862.8	0.00235
863.0	0.00238
863.2	0.00239
863.4	0.00241
863.6	0.00245
863.8	0.00251
864.0	0.00255
864.2	0.00259
864.4	0.00265
864.6	0.00269
864.8	0.00274
865.0	0.00281
865.2	0.00288
865.4	0.00293
865.6	0.00301
865.8	0.00307
866.0	0.00312
866.2	0.00317
866.4	0.00321
866.6	0.00324
866.8	0.00328
867.0	0.00332
867.2	0.0033
867.4	0.00328
867.6	0.00325
867.8	0.00319
868.0	0.00309
868.2	0.00298
868.4	0.00287
868.6	0.00277
868.8	0.00268
869.0	0.00256
869.2	0.00244
869.4	0.00232
869.6	0.00222
869.8	0.00211
870.0	0.002
870.2	0.0019
870.4	0.00182
870.6	0.00173
870.8	0.00165
871.0	0.00157
871.2	0.00149
871.4	0.00143
871.6	0.00136
871.8	0.00131
872.0	0.00126
872.2	0.00121
872.4	0.00116
872.6	0.00112
872.8	0.00108
873.0	0.00104
873.2	0.00101
873.4	9.7979e-04
873.6	9.556e-04
873.8	9.3344e-04
874.0	8.9967e-04
874.2	8.857e-04
874.4	8.6117e-04
874.6	8.5415e-04
874.8	8.3662e-04
875.0	8.1997e-04
875.2	8.1059e-04
875.4	7.9624e-04
875.6	7.8724e-04
875.8	7.8225e-04
876.0	7.7194e-04
876.2	7.6628e-04
876.4	7.5903e-04
876.6	7.5239e-04
876.8	7.5008e-04
877.0	7.5559e-04
877.2	7.5195e-04
877.4	7.4517e-04
877.6	7.4526e-04
877.8	7.5003e-04
878.0	7.4803e-04
878.2	7.4878e-04
878.4	7.4842e-04
878.6	7.5535e-04
878.8	7.5995e-04
879.0	7.6038e-04
879.2	7.6587e-04
879.4	7.6967e-04
879.6	7.6979e-04
879.8	7.7289e-04
880.0	7.7838e-04
880.2	7.7912e-04
880.4	7.8511e-04
880.6	7.9529e-04
880.8	7.994e-04
881.0	8.0416e-04
881.2	8.0725e-04
881.4	8.1125e-04
881.6	8.1992e-04
881.8	8.2632e-04
882.0	8.2897e-04
882.2	8.3462e-04
882.4	8.3966e-04
882.6	8.3957e-04
882.8	8.5389e-04
883.0	8.5163e-04
883.2	8.5564e-04
883.4	8.718e-04
883.6	8.845e-04
883.8	8.8035e-04
884.0	8.8836e-04
884.2	9.0135e-04
884.4	9.1121e-04
884.6	9.1216e-04
884.8	9.285e-04
885.0	9.3958e-04
885.2	9.5085e-04
885.4	9.5103e-04
885.6	9.72e-04
885.8	9.8108e-04
886.0	9.9568e-04
886.2	0.00101
886.4	0.00103
886.6	0.00105
886.8	0.00106
887.0	0.00109
887.2	0.0011
887.4	0.00114
887.6	0.00117
887.8	0.00119
888.0	0.00123
888.2	0.00126
888.4	0.00129
888.6	0.00133
888.8	0.00139
889.0	0.00142
889.2	0.00147
889.4	0.00153
889.6	0.00158
889.8	0.00164
890.0	0.00171
890.2	0.00177
890.4	0.00184
890.6	0.00191
890.8	0.00201
891.0	0.00207
891.2	0.00214
891.4	0.00222
891.6	0.0023
891.8	0.00239
892.0	0.00246
892.2	0.00252
892.4	0.00258
892.6	0.00265
892.8	0.00269
893.0	0.00272
893.2	0.00275
893.4	0.00276
893.6	0.00276
893.8	0.00273
894.0	0.00271
894.2	0.00267
894.4	0.00263
894.6	0.00256
894.8	0.00248
895.0	0.00242
895.2	0.00235
895.4	0.00227
895.6	0.00219
895.8	0.00212
896.0	0.00204
896.2	0.00197
896.4	0.0019
896.6	0.00182
896.8	0.00175
897.0	0.00169
897.2	0.00163
897.4	0.00157
897.6	0.00153
897.8	0.00148
898.0	0.00144
898.2	0.00139
898.4	0.00135
898.6	0.00132
898.8	0.00129
899.0	0.00125
899.2	0.00123
899.4	0.00121
899.6	0.00119
899.8	0.00116
900.0	0.00116
900.2	0.00114
900.4	0.00113
900.6	0.00111
900.8	0.00111
901.0	0.0011
901.2	0.0011
901.4	0.0011
901.6	0.00111
901.8	0.00111
902.0	0.00111
902.2	0.00112
902.4	0.00113
902.6	0.00113
902.8	0.00115
903.0	0.00116
903.2	0.00118
903.4	0.0012
903.6	0.00121
903.8	0.00124
904.0	0.00126
904.2	0.00128
904.4	0.00132
904.6	0.00135
904.8	0.00138
905.0	0.00142
905.2	0.00146
905.4	0.0015
905.6	0.00154
905.8	0.00159
906.0	0.00163
906.2	0.00168
906.4	0.00174
906.6	0.00178
906.8	0.00184
907.0	0.0019
907.2	0.00194
907.4	0.00198
907.6	0.00205
907.8	0.0021
908.0	0.00215
908.2	0.0022
908.4	0.00224
908.6	0.00229
908.8	0.00231
909.0	0.00235
909.2	0.00238
909.4	0.00241
909.6	0.00241
909.8	0.00244
910.0	0.00246
910.2	0.00247
910.4	0.00247
910.6	0.00247
910.8	0.00245
911.0	0.00245
911.2	0.00244
911.4	0.00242
911.6	0.00241
911.8	0.00239
912.0	0.00236
912.2	0.00235
912.4	0.00234
912.6	0.00231
912.8	0.00229
913.0	0.00227
913.2	0.00226
913.4	0.00224
913.6	0.00222
913.8	0.00222
914.0	0.0022
914.2	0.0022
914.4	0.00219
914.6	0.00219
914.8	0.00219
915.0	0.00219
915.2	0.0022
915.4	0.00219
915.6	0.0022
915.8	0.0022
916.0	0.00222
916.2	0.00223
916.4	0.00226
916.6	0.00227
916.8	0.00229
917.0	0.00232
917.2	0.00235
917.4	0.00237
917.6	0.00241
917.8	0.00244
918.0	0.00248
918.2	0.00251
918.4	0.00255
918.6	0.0026
918.8	0.00262
919.0	0.00268
919.2	0.00272
919.4	0.00278
919.6	0.00281
919.8	0.00285
920.0	0.00289
920.2	0.00292
920.4	0.00297
920.6	0.00299
920.8	0.00303
921.0	0.00305
921.2	0.00308
921.4	0.00308
921.6	0.00309
921.8	0.0031
922.0	0.00308
922.2	0.00308
922.4	0.00307
922.6	0.00302
922.8	0.003
923.0	0.00297
923.2	0.00294
923.4	0.0029
923.6	0.00284
923.8	0.0028
924.0	0.00273
924.2	0.00267
924.4	0.00263
924.6	0.00259
924.8	0.00252
925.0	0.00245
925.2	0.00241
925.4	0.00236
925.6	0.0023
925.8	0.00225
926.0	0.0022
926.2	0.00214
926.4	0.0021
926.6	0.00206
926.8	0.00201
927.0	0.00197
927.2	0.00193
927.4	0.00191
927.6	0.00188
927.8	0.00185
928.0	0.00181
928.2	0.00179
928.4	0.00176
928.6	0.00174
928.8	0.00172
929.0	0.0017
929.2	0.00169
929.4	0.00168
929.6	0.00167
929.8	0.00166
930.0	0.00165
930.2	0.00164
930.4	0.00163
930.6	0.00164
930.8	0.00164
931.0	0.00164
931.2	0.00165
931.4	0.00166
931.6	0.00167
931.8	0.00168
932.0	0.00165
932.2	0.00163
932.4	0.00164
932.6	0.00166
932.8	0.00169
933.0	0.00171
933.2	0.00175
933.4	0.00178
933.6	0.00183
933.8	0.00186
934.0	0.00189
934.2	0.00194
934.4	0.00198
934.6	0.00202
934.8	0.00208
935.0	0.00214
935.2	0.0022
935.4	0.00226
935.6	0.00232
935.8	0.00239
936.0	0.00247
936.2	0.00256
936.4	0.00266
936.6	0.00274
936.8	0.00284
937.0	0.00294
937.2	0.00307
937.4	0.00319
937.6	0.00332
937.8	0.00346
938.0	0.00359
938.2	0.00377
938.4	0.00394
938.6	0.0041
938.8	0.00429
939.0	0.00449
939.2	0.00469
939.4	0.00492
939.6	0.00519
939.8	0.00541
940.0	0.00569
940.2	0.00598
940.4	0.00629
940.6	0.00661
940.8	0.00696
941.0	0.00735
941.2	0.00773
941.4	0.00814
941.6	0.00856
941.8	0.00902
942.0	0.00955
942.2	0.01005
942.4	0.01055
942.6	0.01115
942.8	0.01179
943.0	0.01243
943.2	0.01309
943.4	0.0138
943.6	0.01457
943.8	0.01536
944.0	0.0161
944.2	0.01699
944.4	0.01786
944.6	0.01885
944.8	0.01979
945.0	0.02078
945.2	0.02185
945.4	0.02289
945.6	0.02388
945.8	0.02512
946.0	0.02621
946.2	0.02731
946.4	0.02838
946.6	0.02956
946.8	0.03073
947.0	0.03174
947.2	0.03278
947.4	0.03372
947.6	0.03472
947.8	0.03558
948.0	0.03612
948.2	0.03684
948.4	0.03743
948.6	0.03782
948.8	0.03808
949.0	0.03825
949.2	0.03835
949.4	0.03821
949.6	0.0379
949.8	0.03767
950.0	0.03715
950.2	0.03671
950.4	0.03609
950.6	0.03544
950.8	0.03473
951.0	0.03391
951.2	0.03316
951.4	0.03233
951.6	0.03155
951.8	0.03067
952.0	0.02981
952.2	0.02902
952.4	0.02829
952.6	0.02749
952.8	0.02662
953.0	0.02599
953.2	0.02536
953.4	0.02467
953.6	0.02399
953.8	0.02346
954.0	0.02299
954.2	0.02246
954.4	0.02189
954.6	0.02148
954.8	0.02112
955.0	0.02074
955.2	0.0204
955.4	0.02012
955.6	0.01984
955.8	0.01961
956.0	0.01938
956.2	0.01915
956.4	0.01907
956.6	0.01895
956.8	0.01882
957.0	0.01871
957.2	0.01875
957.4	0.01873
957.6	0.01873
957.8	0.01877
958.0	0.01887
958.2	0.01904
958.4	0.01918
958.6	0.01933
958.8	0.01956
959.0	0.01987
959.2	0.0202
959.4	0.02046
959.6	0.02087
959.8	0.02135
960.0	0.02182
960.2	0.02236
960.4	0.02289
960.6	0.02353
960.8	0.02432
961.0	0.02502
961.2	0.02588
961.4	0.02682
961.6	0.02791
961.8	0.02903
962.0	0.03024
962.2	0.03166
962.4	0.03314
962.6	0.03485
962.8	0.03655
963.0	0.03857
963.2	0.04087
963.4	0.04333
963.6	0.04592
963.8	0.04888
964.0	0.05229
964.2	0.0561
964.4	0.0603
964.6	0.06477
964.8	0.06993
965.0	0.07576
965.2	0.08206
965.4	0.0891
965.6	0.09694
965.8	0.10599
966.0	0.11588
966.2	0.1264
966.4	0.13806
966.6	0.15103
966.8	0.16478
967.0	0.17861
967.2	0.19324
967.4	0.20805
967.6	0.22219
967.8	0.23458
968.0	0.2449
968.2	0.25333
968.4	0.25858
968.6	0.26034
968.8	0.2588
969.0	0.25479
969.2	0.24802
969.4	0.23894
969.6	0.22878
969.8	0.21843
970.0	0.20755
970.2	0.19615
970.4	0.18516
970.6	0.17516
970.8	0.16567
971.0	0.15631
971.2	0.14789
971.4	0.14021
971.6	0.13344
971.8	0.12708
972.0	0.12091
972.2	0.11513
972.4	0.11046
972.6	0.10632
972.8	0.1022
973.0	0.0985
973.2	0.09543
973.4	0.09265
973.6	0.09015
973.8	0.08775
974.0	0.08578
974.2	0.08426
974.4	0.08284
974.6	0.08148
974.8	0.0803
975.0	0.0795
975.2	0.07888
975.4	0.07828
975.6	0.07775
975.8	0.07763
976.0	0.07774
976.2	0.07795
976.4	0.07813
976.6	0.07847
976.8	0.0792
977.0	0.07999
977.2	0.0808
977.4	0.08178
977.6	0.08313
977.8	0.08465
978.0	0.08606
978.2	0.08769
978.4	0.08965
978.6	0.09187
978.8	0.09429
979.0	0.09681
979.2	0.09948
979.4	0.10255
979.6	0.10601
979.8	0.10942
980.0	0.11289
980.2	0.11707
980.4	0.12169
980.6	0.12644
980.8	0.13129
981.0	0.13665
981.2	0.14279
981.4	0.14908
981.6	0.15557
981.8	0.16246
982.0	0.1701
982.2	0.17842
982.4	0.18676
982.6	0.19536
982.8	0.20477
983.0	0.21504
983.2	0.22542
983.4	0.23587
983.6	0.24682
983.8	0.2587
984.0	0.27063
984.2	0.28249
984.4	0.29424
984.6	0.30669
984.8	0.31919
985.0	0.33077
985.2	0.34185
985.4	0.3534
985.6	0.36495
985.8	0.37457
986.0	0.38324
986.2	0.39144
986.4	0.39946
986.6	0.40588
986.8	0.41067
987.0	0.41464
987.2	0.41831
987.4	0.42109
987.6	0.42166
987.8	0.42147
988.0	0.42108
988.2	0.42019
988.4	0.4178
988.6	0.41476
988.8	0.41154
989.0	0.40835
989.2	0.40421
989.4	0.39945
989.6	0.39482
989.8	0.39097
990.0	0.38679
990.2	0.38148
990.4	0.37607
990.6	0.3718
990.8	0.36745
991.0	0.36229
991.2	0.35738
991.4	0.35275
991.6	0.34868
991.8	0.34492
992.0	0.34031
992.2	0.33669
992.4	0.33341
992.6	0.32975
992.8	0.32614
993.0	0.32228
993.2	0.31941
993.4	0.31684
993.6	0.31401
993.8	0.31107
994.0	0.30832
994.2	0.30666
994.4	0.30481
994.6	0.30216
994.8	0.30003
995.0	0.29838
995.2	0.29756
995.4	0.29587
995.6	0.29404
995.8	0.29302
996.0	0.29263
996.2	0.29189
996.4	0.29066
996.6	0.28955
996.8	0.2895
997.0	0.28983
997.2	0.28987
997.4	0.29023
997.6	0.29069
997.8	0.29165
998.0	0.29286
998.2	0.29391
998.4	0.29506
998.6	0.29701
998.8	0.29965
999.0	0.30167
999.2	0.30359
999.4	0.30625
999.6	0.30962
999.8	0.31325
1000.0	0.31549
1000.2	0.31806
1000.4	0.32146
1000.6	0.32583
1000.8	0.33146
1001.0	0.33723
1001.2	0.34229
1001.4	0.348
1001.6	0.35488
1001.8	0.36255
1002.0	0.37025
1002.2	0.37771
1002.4	0.3862
1002.6	0.39599
1002.8	0.40618
1003.0	0.41704
1003.2	0.42836
1003.4	0.44089
1003.6	0.45422
1003.8	0.46774
1004.0	0.48162
1004.2	0.49603
1004.4	0.51211
1004.6	0.52917
1004.8	0.54613
1005.0	0.56358
1005.2	0.58203
1005.4	0.60081
1005.6	0.6195
1005.8	0.63782
1006.0	0.65662
1006.2	0.67573
1006.4	0.69403
1006.6	0.71055
1006.8	0.72629
1007.0	0.74129
1007.2	0.75549
1007.4	0.76698
1007.6	0.77488
1007.8	0.78065
1008.0	0.7856
1008.2	0.78616
1008.4	0.78388
1008.6	0.77898
1008.8	0.77288
1009.0	0.76314
1009.2	0.75039
1009.4	0.73645
1009.6	0.72142
1009.8	0.70508
1010.0	0.68672
1010.2	0.66771
1010.4	0.64895
1010.6	0.63022
1010.8	0.61118
1011.0	0.59147
1011.2	0.57251
1011.4	0.55423
1011.6	0.53677
1011.8	0.5193
1012.0	0.5021
1012.2	0.48645
1012.4	0.47085
1012.6	0.45668
1012.8	0.44254
1013.0	0.42925
1013.2	0.41743
1013.4	0.40638
1013.6	0.39571
1013.8	0.38528
1014.0	0.37578
1014.2	0.36767
1014.4	0.35986
1014.6	0.35188
1014.8	0.34447
1015.0	0.33807
1015.2	0.33303
1015.4	0.32785
1015.6	0.32293
1015.8	0.3182
1016.0	0.31455
1016.2	0.31165
1016.4	0.30852
1016.6	0.30545
1016.8	0.30272
1017.0	0.301
1017.2	0.30047
1017.4	0.29856
1017.6	0.29752
1017.8	0.29723
1018.0	0.29756
1018.2	0.2983
1018.4	0.29813
1018.6	0.29894
1018.8	0.29997
1019.0	0.30194
1019.2	0.30358
1019.4	0.30519
1019.6	0.30729
1019.8	0.31003
1020.0	0.3138
1020.2	0.3169
1020.4	0.31979
1020.6	0.32321
1020.8	0.32761
1021.0	0.33233
1021.2	0.33681
1021.4	0.34105
1021.6	0.34625
1021.8	0.35219
1022.0	0.35773
1022.2	0.36278
1022.4	0.36829
1022.6	0.37442
1022.8	0.38099
1023.0	0.3878
1023.2	0.39375
1023.4	0.39961
1023.6	0.40608
1023.8	0.41288
1024.0	0.41918
1024.2	0.42471
1024.4	0.43073
1024.6	0.43709
1024.8	0.44393
1025.0	0.44732
1025.2	0.45038
1025.4	0.45578
1025.6	0.46025
1025.8	0.46556
1026.0	0.47006
1026.2	0.47371
1026.4	0.47681
1026.6	0.48045
1026.8	0.48353
1027.0	0.48597
1027.2	0.48728
1027.4	0.48951
1027.6	0.49099
1027.8	0.4921
1028.0	0.49245
1028.2	0.49197
1028.4	0.49175
1028.6	0.49185
1028.8	0.49175
1029.0	0.49013
1029.2	0.48871
1029.4	0.48771
1029.6	0.48741
1029.8	0.48622
1030.0	0.48464
1030.2	0.48287
1030.4	0.48238
1030.6	0.48175
1030.8	0.4802
1031.0	0.47852
1031.2	0.47748
1031.4	0.47747
1031.6	0.47745
1031.8	0.47685
1032.0	0.47618
1032.2	0.47693
1032.4	0.47815
1032.6	0.47925
1032.8	0.48
1033.0	0.48044
1033.2	0.48248
1033.4	0.4848
1033.6	0.48784
1033.8	0.49058
1034.0	0.49271
1034.2	0.49684
1034.4	0.50115
1034.6	0.5057
1034.8	0.51003
1035.0	0.51445
1035.2	0.5211
1035.4	0.52746
1035.6	0.53444
1035.8	0.54078
1036.0	0.54783
1036.2	0.55585
1036.4	0.56523
1036.6	0.57414
1036.8	0.58245
1037.0	0.59251
1037.2	0.60336
1037.4	0.61465
1037.6	0.62575
1037.8	0.63617
1038.0	0.64784
1038.2	0.66101
1038.4	0.67373
1038.6	0.68666
1038.8	0.69906
1039.0	0.71263
1039.2	0.7264
1039.4	0.73957
1039.6	0.75292
1039.8	0.76489
1040.0	0.77889
1040.2	0.79173
1040.4	0.80344
1040.6	0.81444
1040.8	0.82495
1041.0	0.83499
1041.2	0.84415
1041.4	0.85205
1041.6	0.8591
1041.8	0.86517
1042.0	0.8698
1042.2	0.87472
1042.4	0.87783
1042.6	0.87868
1042.8	0.87803
1043.0	0.87824
1043.2	0.87653
1043.4	0.87263
1043.6	0.86783
1043.8	0.86327
1044.0	0.85762
1044.2	0.85021
1044.4	0.84073
1044.6	0.83334
1044.8	0.82482
1045.0	0.81788
1045.2	0.8102
1045.4	0.79827
1045.6	0.78968
1045.8	0.77958
1046.0	0.7692
1046.2	0.75884
1046.4	0.74739
1046.6	0.73795
1046.8	0.72822
1047.0	0.71825
1047.2	0.70731
1047.4	0.69758
1047.6	0.68999
1047.8	0.68156
1048.0	0.67391
1048.2	0.66498
1048.4	0.65631
1048.6	0.65053
1048.8	0.64319
1049.0	0.63693
1049.2	0.63031
1049.4	0.62488
1049.6	0.61937
1049.8	0.61537
1050.0	0.61022
1050.2	0.60649
1050.4	0.60177
1050.6	0.59808
1050.8	0.59624
1051.0	0.59329
1051.2	0.59127
1051.4	0.58843
1051.6	0.58703
1051.8	0.58511
1052.0	0.58398
1052.2	0.5818
1052.4	0.58019
1052.6	0.57973
1052.8	0.58019
1053.0	0.57997
1053.2	0.58034
1053.4	0.57991
1053.6	0.58008
1053.8	0.5814
1054.0	0.58069
1054.2	0.58097
1054.4	0.58208
1054.6	0.58242
1054.8	0.58382
1055.0	0.58475
1055.2	0.5859
1055.4	0.58537
1055.6	0.58659
1055.8	0.58845
1056.0	0.58957
1056.2	0.5898
1056.4	0.59014
1056.6	0.59231
1056.8	0.59286
1057.0	0.59412
1057.2	0.59332
1057.4	0.59444
1057.6	0.5945
1057.8	0.59522
1058.0	0.59595
1058.2	0.59577
1058.4	0.59567
1058.6	0.59557
1058.8	0.59592
1059.0	0.59644
1059.2	0.59486
1059.4	0.59345
1059.6	0.59372
1059.8	0.59301
1060.0	0.59258
1060.2	0.59203
1060.4	0.58982
1060.6	0.58938
1060.8	0.58938
1061.0	0.58718
1061.2	0.5871
1061.4	0.58454
1061.6	0.58402
1061.8	0.5842
1062.0	0.58427
1062.2	0.58239
1062.4	0.57997
1062.6	0.5801
1062.8	0.57994
1063.0	0.57953
1063.2	0.57825
1063.4	0.57769
1063.6	0.5775
1063.8	0.57707
1064.0	0.57713
1064.2	0.57642
1064.4	0.57642
1064.6	0.57776
1064.8	0.57839
1065.0	0.58156
1065.2	0.58184
1065.4	0.58356
1065.6	0.5841
1065.8	0.5859
1066.0	0.58802
1066.2	0.59053
1066.4	0.59114
1066.6	0.59467
1066.8	0.59694
1067.0	0.60096
1067.2	0.60307
1067.4	0.60588
1067.6	0.60999
1067.8	0.61389
1068.0	0.61901
1068.2	0.62287
1068.4	0.62714
1068.6	0.6319
1068.8	0.637
1069.0	0.64255
1069.2	0.6482
1069.4	0.65262
1069.6	0.6577
1069.8	0.66377
1070.0	0.67085
1070.2	0.67725
1070.4	0.68375
1070.6	0.69014
1070.8	0.6976
1071.0	0.70382
1071.2	0.71329
1071.4	0.71944
1071.6	0.72624
1071.8	0.7332
1072.0	0.74057
1072.2	0.75048
1072.4	0.75805
1072.6	0.76394
1072.8	0.77105
1073.0	0.77953
1073.2	0.78717
1073.4	0.79394
1073.6	0.80148
1073.8	0.80846
1074.0	0.81546
1074.2	0.82199
1074.4	0.82825
1074.6	0.83463
1074.8	0.83968
1075.0	0.84554
1075.2	0.85255
1075.4	0.85697
1075.6	0.86209
1075.8	0.8655
1076.0	0.86908
1076.2	0.87527
1076.4	0.87793
1076.6	0.88199
1076.8	0.88486
1077.0	0.88682
1077.2	0.89089
1077.4	0.89236
1077.6	0.89465
1077.8	0.89655
1078.0	0.89879
1078.2	0.90065
1078.4	0.90117
1078.6	0.90236
1078.8	0.9024
1079.0	0.90262
1079.2	0.90281
1079.4	0.90381
1079.6	0.90449
1079.8	0.90277
1080.0	0.9027
1080.2	0.90111
1080.4	0.90268
1080.6	0.90183
1080.8	0.90207
1081.0	0.90203
1081.2	0.90047
1081.4	0.90142
1081.6	0.90124
1081.8	0.89827
1082.0	0.89947
1082.2	0.9015
1082.4	0.90072
1082.6	0.90091
1082.8	0.89921
1083.0	0.89953
1083.2	0.89975
1083.4	0.90093
1083.6	0.90154
1083.8	0.89979
1084.0	0.90156
1084.2	0.90292
1084.4	0.90328
1084.6	0.90357
1084.8	0.90444
1085.0	0.90477
1085.2	0.90594
1085.4	0.90631
1085.6	0.90778
1085.8	0.90903
1086.0	0.90978
1086.2	0.91148
1086.4	0.91131
1086.6	0.91311
1086.8	0.91538
1087.0	0.91535
1087.2	0.91549
1087.4	0.91734
1087.6	0.91755
1087.8	0.91973
1088.0	0.91841
1088.2	0.91856
1088.4	0.91963
1088.6	0.92277
1088.8	0.92247
1089.0	0.92128
1089.2	0.92175
1089.4	0.92372
1089.6	0.92356
1089.8	0.92395
1090.0	0.92261
1090.2	0.92194
1090.4	0.92252
1090.6	0.92202
1090.8	0.92225
1091.0	0.91971
1091.2	0.91895
1091.4	0.91849
1091.6	0.91763
1091.8	0.91723
1092.0	0.91537
1092.2	0.9122
1092.4	0.9105
1092.6	0.90866
1092.8	0.90982
1093.0	0.90533
1093.2	0.90426
1093.4	0.90321
1093.6	0.90043
1093.8	0.90115
1094.0	0.89856
1094.2	0.8952
1094.4	0.89454
1094.6	0.89407
1094.8	0.89238
1095.0	0.89201
1095.2	0.89034
1095.4	0.88719
1095.6	0.88837
1095.8	0.88645
1096.0	0.88686
1096.2	0.88448
1096.4	0.88463
1096.6	0.88557
1096.8	0.88473
1097.0	0.88574
1097.2	0.88435
1097.4	0.88513
1097.6	0.88448
1097.8	0.88607
1098.0	0.88687
1098.2	0.88608
1098.4	0.88748
1098.6	0.88875
1098.8	0.88972
1099.0	0.89335
1099.2	0.89281
1099.4	0.89546
1099.6	0.89597
1099.8	0.898
1100.0	0.89983
1100.2	0.90128
1100.4	0.90388
1100.6	0.90552
1100.8	0.90769
1101.0	0.90926
1101.2	0.91128
1101.4	0.91424
1101.6	0.91485
1101.8	0.91923
1102.0	0.92094
1102.2	0.92041
1102.4	0.92219
1102.6	0.92425
1102.8	0.92675
1103.0	0.9247
1103.2	0.92477
1103.4	0.92659
1103.6	0.92594
1103.8	0.92429
1104.0	0.92555
1104.2	0.92487
1104.4	0.92308
1104.6	0.92235
1104.8	0.91956
1105.0	0.91825
1105.2	0.91488
1105.4	0.91125
1105.6	0.90824
1105.8	0.90189
1106.0	0.90066
1106.2	0.89313
1106.4	0.88956
1106.6	0.88253
1106.8	0.87758
1107.0	0.87223
1107.2	0.86236
1107.4	0.85787
1107.6	0.84935
1107.8	0.84373
1108.0	0.83431
1108.2	0.82724
1108.4	0.81809
1108.6	0.80804
1108.8	0.79977
1109.0	0.79172
1109.2	0.78102
1109.4	0.77384
1109.6	0.76578
1109.8	0.7551
1110.0	0.74588
1110.2	0.73436
1110.4	0.72834
1110.6	0.71833
1110.8	0.71263
1111.0	0.70028
1111.2	0.69055
1111.4	0.6827
1111.6	0.67605
1111.8	0.66778
1112.0	0.66023
1112.2	0.65273
1112.4	0.64304
1112.6	0.63554
1112.8	0.631
1113.0	0.62287
1113.2	0.61829
1113.4	0.60869
1113.6	0.60271
1113.8	0.59597
1114.0	0.5914
1114.2	0.58801
1114.4	0.58381
1114.6	0.57744
1114.8	0.57279
1115.0	0.56995
1115.2	0.56383
1115.4	0.56189
1115.6	0.55824
1115.8	0.55535
1116.0	0.55163
1116.2	0.55245
1116.4	0.54815
1116.6	0.54768
1116.8	0.54454
1117.0	0.54247
1117.2	0.54101
1117.4	0.54029
1117.6	0.54219
1117.8	0.5412
1118.0	0.54389
1118.2	0.53896
1118.4	0.5424
1118.6	0.54172
1118.8	0.5447
1119.0	0.54615
1119.2	0.54809
1119.4	0.5481
1119.6	0.55068
1119.8	0.55331
1120.0	0.55735
1120.2	0.56006
1120.4	0.55974
1120.6	0.56579
1120.8	0.56942
1121.0	0.58584
1121.2	0.59072
1121.4	0.59563
1121.6	0.60058
1121.8	0.60558
1122.0	0.61063
1122.2	0.61682
1122.4	0.62308
1122.6	0.6294
1122.8	0.63578
1123.0	0.64226
1123.2	0.6498
1123.4	0.65742
1123.6	0.66513
1123.8	0.67294
1124.0	0.68085
1124.2	0.69007
1124.4	0.69942
1124.6	0.70889
1124.8	0.7185
1125.0	0.72822
1125.2	0.73754
1125.4	0.74698
1125.6	0.75654
1125.8	0.76622
1126.0	0.77602
1126.2	0.78568
1126.4	0.79547
1126.6	0.80538
1126.8	0.81541
1127.0	0.82554
1127.2	0.83443
1127.4	0.84341
1127.6	0.85249
1127.8	0.86167
1128.0	0.87088
1128.2	0.87867
1128.4	0.88653
1128.6	0.89446
1128.8	0.90247
1129.0	0.91052
1129.2	0.91645
1129.4	0.92242
1129.6	0.92843
1129.8	0.93448
1130.0	0.94048
1130.2	0.94379
1130.4	0.94711
1130.6	0.95044
1130.8	0.95379
1131.0	0.95712
1131.2	0.95797
1131.4	0.95882
1131.6	0.95967
1131.8	0.96052
1132.0	0.9613
1132.2	0.95922
1132.4	0.95714
1132.6	0.95507
1132.8	0.953
1133.0	0.95093
1133.2	0.94644
1133.4	0.94198
1133.6	0.93754
1133.8	0.93313
1134.0	0.92871
1134.2	0.92351
1134.4	0.91835
1134.6	0.91321
1134.8	0.9081
1135.0	0.90295
1135.2	0.89644
1135.4	0.88997
1135.6	0.88354
1135.8	0.87717
1136.0	0.87085
1136.2	0.86499
1136.4	0.85916
1136.6	0.85338
1136.8	0.84764
1137.0	0.8419
1137.2	0.83549
1137.4	0.82913
1137.6	0.82281
1137.8	0.81655
1138.0	0.81033
1138.2	0.8041
1138.4	0.79792
1138.6	0.79179
1138.8	0.78571
1139.0	0.77967
1139.2	0.77371
1139.4	0.7678
1139.6	0.76193
1139.8	0.7561
1140.0	0.75032
1140.2	0.74466
1140.4	0.73903
1140.6	0.73345
1140.8	0.72791
1141.0	0.7224
1141.2	0.71655
1141.4	0.71074
1141.6	0.70499
1141.8	0.69927
1142.0	0.69361
1142.2	0.68833
1142.4	0.68308
1142.6	0.67788
1142.8	0.67271
1143.0	0.66758
1143.2	0.66243
1143.4	0.65731
1143.6	0.65223
1143.8	0.64719
1144.0	0.64218
1144.2	0.63683
1144.4	0.63153
1144.6	0.62627
1144.8	0.62105
1145.0	0.61588
1145.2	0.6108
1145.4	0.60576
1145.6	0.60076
1145.8	0.5958
1146.0	0.59088
1146.2	0.58577
1146.4	0.5807
1146.6	0.57568
1146.8	0.5707
1147.0	0.56576
1147.2	0.56093
1147.4	0.55613
1147.6	0.55138
1147.8	0.54667
1148.0	0.542
1148.2	0.53761
1148.4	0.53325
1148.6	0.52893
1148.8	0.52464
1149.0	0.52041
1149.2	0.51665
1149.4	0.51292
1149.6	0.50921
1149.8	0.50553
1150.0	0.50188
1150.2	0.49866
1150.4	0.49545
1150.6	0.49226
1150.8	0.4891
1151.0	0.48596
1151.2	0.48302
1151.4	0.4801
1151.6	0.47719
1151.8	0.47431
1152.0	0.47145
1152.2	0.46953
1152.4	0.46761
1152.6	0.46571
1152.8	0.46381
1153.0	0.46194
1153.2	0.46059
1153.4	0.45924
1153.6	0.45789
1153.8	0.45655
1154.0	0.45523
1154.2	0.45462
1154.4	0.45401
1154.6	0.4534
1154.8	0.45279
1155.0	0.45222
1155.2	0.45239
1155.4	0.45257
1155.6	0.45274
1155.8	0.45292
1156.0	0.45311
1156.2	0.45423
1156.4	0.45535
1156.6	0.45648
1156.8	0.4576
1157.0	0.45876
1157.2	0.46064
1157.4	0.46252
1157.6	0.46441
1157.8	0.46631
1158.0	0.46823
1158.2	0.47088
1158.4	0.47355
1158.6	0.47623
1158.8	0.47892
1159.0	0.48166
1159.2	0.48501
1159.4	0.48839
1159.6	0.49179
1159.8	0.49521
1160.0	0.49867
1160.2	0.5031
1160.4	0.50757
1160.6	0.51208
1160.8	0.51662
1161.0	0.52123
1161.2	0.52634
1161.4	0.5315
1161.6	0.53671
1161.8	0.54197
1162.0	0.5473
1162.2	0.55347
1162.4	0.55971
1162.6	0.56601
1162.8	0.5724
1163.0	0.57884
1163.2	0.58521
1163.4	0.59165
1163.6	0.59816
1163.8	0.60474
1164.0	0.61139
1164.2	0.61816
1164.4	0.62501
1164.6	0.63193
1164.8	0.63893
1165.0	0.64599
1165.2	0.65254
1165.4	0.65916
1165.6	0.66584
1165.8	0.6726
1166.0	0.67941
1166.2	0.6856
1166.4	0.69185
1166.6	0.69815
1166.8	0.70451
1167.0	0.71089
1167.2	0.71619
1167.4	0.72153
1167.6	0.72691
1167.8	0.73233
1168.0	0.73772
1168.2	0.74174
1168.4	0.74579
1168.6	0.74986
1168.8	0.75396
1169.0	0.75803
1169.2	0.76051
1169.4	0.763
1169.6	0.76549
1169.8	0.76799
1170.0	0.77042
1170.2	0.77108
1170.4	0.77173
1170.6	0.77239
1170.8	0.77305
1171.0	0.77368
1171.2	0.77317
1171.4	0.77265
1171.6	0.77214
1171.8	0.77163
1172.0	0.77107
1172.2	0.76954
1172.4	0.76801
1172.6	0.76648
1172.8	0.76495
1173.0	0.76342
1173.2	0.7613
1173.4	0.75918
1173.6	0.75707
1173.8	0.75497
1174.0	0.75287
1174.2	0.75077
1174.4	0.74867
1174.6	0.74658
1174.8	0.7445
1175.0	0.74243
1175.2	0.74047
1175.4	0.73852
1175.6	0.73657
1175.8	0.73463
1176.0	0.7327
1176.2	0.73094
1176.4	0.72919
1176.6	0.72744
1176.8	0.7257
1177.0	0.72399
1177.2	0.7231
1177.4	0.72221
1177.6	0.72133
1177.8	0.72044
1178.0	0.71957
1178.2	0.71951
1178.4	0.71945
1178.6	0.71938
1178.8	0.71932
1179.0	0.71929
1179.2	0.72023
1179.4	0.72117
1179.6	0.72211
1179.8	0.72305
1180.0	0.72404
1180.2	0.72582
1180.4	0.72762
1180.6	0.72941
1180.8	0.73121
1181.0	0.73303
1181.2	0.73564
1181.4	0.73825
1181.6	0.74087
1181.8	0.7435
1182.0	0.74617
1182.2	0.7496
1182.4	0.75304
1182.6	0.75649
1182.8	0.75996
1183.0	0.76345
1183.2	0.76754
1183.4	0.77165
1183.6	0.77578
1183.8	0.77994
1184.0	0.78413
1184.2	0.7888
1184.4	0.79351
1184.6	0.79824
1184.8	0.80301
1185.0	0.8078
1185.2	0.81262
1185.4	0.81748
1185.6	0.82237
1185.8	0.82728
1186.0	0.8322
1186.2	0.83659
1186.4	0.841
1186.6	0.84544
1186.8	0.8499
1187.0	0.85438
1187.2	0.85828
1187.4	0.86219
1187.6	0.86612
1187.8	0.87007
1188.0	0.87401
1188.2	0.87719
1188.4	0.88038
1188.6	0.88358
1188.8	0.8868
1189.0	0.88997
1189.2	0.89216
1189.4	0.89435
1189.6	0.89654
1189.8	0.89874
1190.0	0.90092
1190.2	0.9016
1190.4	0.90228
1190.6	0.90296
1190.8	0.90364
1191.0	0.90427
1191.2	0.90372
1191.4	0.90316
1191.6	0.9026
1191.8	0.90205
1192.0	0.90143
1192.2	0.89958
1192.4	0.89772
1192.6	0.89588
1192.8	0.89403
1193.0	0.89218
1193.2	0.88971
1193.4	0.88724
1193.6	0.88478
1193.8	0.88233
1194.0	0.87987
1194.2	0.87684
1194.4	0.87382
1194.6	0.87081
1194.8	0.86781
1195.0	0.86481
1195.2	0.86159
1195.4	0.85839
1195.6	0.85519
1195.8	0.85201
1196.0	0.84883
1196.2	0.84562
1196.4	0.84242
1196.6	0.83923
1196.8	0.83605
1197.0	0.83289
1197.2	0.83002
1197.4	0.82717
1197.6	0.82433
1197.8	0.8215
1198.0	0.81869
1198.2	0.81671
1198.4	0.81473
1198.6	0.81276
1198.8	0.81079
1199.0	0.80885
1199.2	0.80758
1199.4	0.80631
1199.6	0.80505
1199.8	0.80379
1200.0	0.80253