300.00	9.9999999392253E-9
301.00	9.9999999392253E-9
302.00	5.5039902235876E-7
303.00	8.0143399827648E-7
304.00	9.9999999392253E-9
305.00	1.1956800562984E-6
306.00	8.9174000095227E-7
307.00	2.4306498858095E-7
308.00	7.2598800215928E-7
309.00	2.4084800998025E-7
310.00	3.4971898799085E-7
311.00	3.5180599411433E-7
312.00	5.8330800811746E-7
313.00	3.5065698966719E-7
314.00	2.6826700860738E-8
315.00	8.8783099272405E-7
316.00	9.9999999392253E-9
317.00	4.868559813076E-7
318.00	7.8577397744084E-7
319.00	7.5280598821337E-7
320.00	2.6719499146566E-7
321.00	9.9999999392253E-9
322.00	4.1348300783284E-7
323.00	9.3544201718032E-7
324.00	1.0675800012905E-6
325.00	1.0479600405233E-6
326.00	4.6503100747941E-7
327.00	1.9058599320942E-7
328.00	2.8124298978582E-7
329.00	3.0522599558935E-7
330.00	9.8618897936831E-7
331.00	7.0249200234684E-7
332.00	9.9999999392253E-9
333.00	6.9148200054769E-7
334.00	3.7096299365658E-7
335.00	3.3522699283139E-8
336.00	6.9079499098734E-7
337.00	1.7073399760648E-7
338.00	3.5456798741507E-7
339.00	7.0355298475988E-7
340.00	1.0838499520105E-6
341.00	4.0019199332164E-7
342.00	6.8467801384031E-7
343.00	1.0458300039318E-6
344.00	9.0532597596393E-7
345.00	2.8010600772177E-7
346.00	5.0645098781388E-7
347.00	9.1886300879196E-7
348.00	4.469569887533E-7
349.00	5.2123198202025E-7
350.00	1.0502400300538E-6
351.00	9.7343502147851E-7
352.00	8.974259912975E-7
353.00	9.9999999392253E-9
354.00	6.3304298691946E-7
355.00	3.4827598938136E-7
356.00	9.9999999392253E-9
357.00	8.1676398622221E-7
358.00	7.8600299957543E-7
359.00	3.3803701171564E-7
360.00	5.2576001507987E-7
361.00	5.1419897317828E-7
362.00	6.5557702555452E-7
363.00	4.6416801069427E-7
364.00	8.5176401398712E-7
365.00	8.851690154188E-7
366.00	8.8786299556887E-7
367.00	1.4183899565978E-6
368.00	9.6094299806282E-7
369.00	1.7853800216017E-7
370.00	1.6488800156367E-6
371.00	1.1462899465187E-6
372.00	5.1426798108878E-7
373.00	1.1202999985471E-6
374.00	6.0984399397057E-7
375.00	6.6318801827947E-7
376.00	6.2292997426994E-7
377.00	6.8610501102739E-7
378.00	6.408890271814E-7
379.00	6.6143400090368E-7
380.00	5.2210600642866E-7
381.00	2.1770000557808E-7
382.00	5.9151102504984E-7
383.00	7.123010163923E-7
384.00	4.5306700258152E-7
385.00	5.9617201486617E-7
386.00	4.85855991883E-7
387.00	5.5719601732562E-7
388.00	3.3585800451874E-7
389.00	7.7621399441341E-7
390.00	4.6694299271621E-7
391.00	3.6867700714538E-7
392.00	6.6176897917103E-7
393.00	3.3567599189155E-7
394.00	6.1227899550431E-7
395.00	2.5717301355144E-7
396.00	5.7360801974937E-7
397.00	4.0147901358978E-7
398.00	3.4580099850245E-7
399.00	4.3472300603753E-7
400.00	4.2562700741655E-7
401.00	6.2789399635221E-7
402.00	4.8202002744802E-7
403.00	4.2268300148862E-7
404.00	5.0892401759484E-7
405.00	4.1010000018105E-7
406.00	5.5879399951664E-7
407.00	4.3283500872349E-7
408.00	5.0775298632288E-7
409.00	1.6908599320686E-7
410.00	4.2927800336656E-7
411.00	4.3180699549339E-7
412.00	4.6217598992371E-7
413.00	5.106809908284E-7
414.00	3.5848199786415E-7
415.00	6.0693997738781E-7
416.00	3.4871101206591E-7
417.00	3.7758701409984E-7
418.00	3.5675299159266E-7
419.00	5.9757201142929E-7
420.00	3.1102700859265E-7
421.00	4.1075199419538E-7
422.00	3.0062901146266E-7
423.00	3.6071401154913E-7
424.00	4.0170499460146E-7
425.00	3.9202299717545E-7
426.00	2.8247501404621E-7
427.00	4.4682400357487E-7
428.00	4.9246102662437E-7
429.00	3.3546800182194E-7
430.00	2.766639966012E-7
431.00	3.8177799410732E-7
432.00	4.2399298649798E-7
433.00	3.5405599874139E-7
434.00	2.0929999777763E-7
435.00	3.529779917244E-7
436.00	3.3208701211151E-7
437.00	3.1069498618308E-7
438.00	4.3014100015171E-7
439.00	3.7934700003461E-7
440.00	4.4896501094627E-7
441.00	2.5134698944385E-7
442.00	4.5255299596647E-7
443.00	2.5804999381762E-7
444.00	3.3658199072306E-7
445.00	2.8971498977626E-7
446.00	1.8871800477882E-7
447.00	2.1403799621567E-7
448.00	3.5938700193583E-7
449.00	2.7270999680695E-7
450.00	3.4036298757201E-7
451.00	2.5737600140019E-7
452.00	2.3767300660893E-7
453.00	2.5828799721239E-7
454.00	3.8424201420639E-7
455.00	2.9121699185453E-7
456.00	3.7411700759549E-7
457.00	3.4554599892545E-7
458.00	2.9146801239222E-7
459.00	3.3844798963401E-7
460.00	3.1720600190965E-7
461.00	2.2552900702522E-7
462.00	8.5586002285254E-8
463.00	2.6701400202001E-7
464.00	4.1064998868023E-7
465.00	4.2985999471057E-7
466.00	2.8823998832195E-7
467.00	3.6083301324652E-7
468.00	2.9093200737407E-7
469.00	2.6220598670079E-7
470.00	3.0500200409733E-7
471.00	2.4559901135035E-7
472.00	2.9102699272698E-7
473.00	3.3878001204357E-7
474.00	2.9907999987699E-7
475.00	2.899959952174E-7
476.00	2.2527099474701E-7
477.00	3.5344601201359E-7
478.00	1.8906200693891E-7
479.00	3.2682700634723E-7
480.00	1.7628100579259E-7
481.00	3.1218098683894E-7
482.00	3.091799953836E-7
483.00	3.2389800708188E-7
484.00	3.0548198992619E-7
485.00	2.2646500497103E-7
486.00	2.017019937739E-7
487.00	3.219680024813E-7
488.00	3.2896801371862E-7
489.00	2.8252799211259E-7
490.00	3.7644099393219E-7
491.00	3.3217699524357E-7
492.00	4.8778400696392E-7
493.00	6.1490197822422E-7
494.00	1.4091400544203E-6
495.00	4.1923299249902E-6
496.00	1.5728099242551E-5
497.00	7.0011999923736E-5
498.00	0.00036488199839368
499.00	0.0025493600405753
500.00	0.025794699788094
501.00	0.26981699466705
502.00	0.83141702413559
503.00	0.96911197900772
504.00	0.9749990105629
505.00	0.97406601905823
506.00	0.96881198883057
507.00	0.9680290222168
508.00	0.96899402141571
509.00	0.97308802604675
510.00	0.98442202806473
511.00	0.99022400379181
512.00	0.98862999677658
513.00	0.97926199436188
514.00	0.97051799297333
515.00	0.96853798627853
516.00	0.97517901659012
517.00	0.98487997055054
518.00	0.98974102735519
519.00	0.98357200622559
520.00	0.97803097963333
521.00	0.97425299882889
522.00	0.97432500123978
523.00	0.97316002845764
524.00	0.9697340130806
525.00	0.96481198072433
526.00	0.96526002883911
527.00	0.97308498620987
528.00	0.98515999317169
529.00	0.98913198709488
530.00	0.98341500759125
531.00	0.97991198301315
532.00	0.97573602199554
533.00	0.9714879989624
534.00	0.96077901124954
535.00	0.9436519742012
536.00	0.94274300336838
537.00	0.95348101854324
538.00	0.96632301807404
539.00	0.97057199478149
540.00	0.97440099716187
541.00	0.9660120010376
542.00	0.62662601470947
543.00	0.30512499809265
544.00	0.030324699357152
545.00	0.0072932899929583
546.00	0.0014230699744076
547.00	0.000355849013431
548.00	0.00010729800123954
549.00	3.6547899071593E-5
550.00	1.4073199963605E-5
551.00	6.2818899095873E-6
552.00	3.0259600407589E-6
553.00	1.6350700207113E-6
554.00	1.0126899496754E-6
555.00	8.6061999127196E-7
556.00	6.0318700434436E-7
557.00	2.6459099444764E-7
558.00	3.7307398770281E-7
559.00	2.8320098977019E-7
560.00	1.7580400424322E-7
561.00	2.7920501111112E-7
562.00	2.6641200179256E-7
563.00	3.0514399895765E-7
564.00	2.1856399712306E-7
565.00	2.9061700956845E-7
566.00	2.2031299806713E-7
567.00	1.6956799697709E-7
568.00	1.5328599545228E-7
569.00	2.7377200240153E-7
570.00	1.6014099912809E-7
571.00	1.2952199313077E-7
572.00	2.3104900037652E-7
573.00	1.7254400574984E-7
574.00	1.7619299796934E-7
575.00	1.5118500584776E-7
576.00	1.7952899611373E-7
577.00	2.3529399584277E-7
578.00	2.2800600163464E-7
579.00	1.8522800360188E-7
580.00	7.1319099959055E-8
581.00	2.7987701400889E-7
582.00	1.8274499780091E-7
583.00	2.9978400561959E-7
584.00	2.8558099529619E-7
585.00	2.1252799342619E-7
586.00	1.8811300606103E-7
587.00	2.6741400915853E-7
588.00	4.465860001801E-7
589.00	7.6564799655898E-7
590.00	8.8448001633878E-7
591.00	1.6106399698401E-6
592.00	3.0480800887744E-6
593.00	5.8068899306818E-6
594.00	1.2504199730756E-5
595.00	2.8301299607847E-5
596.00	6.9876899942756E-5
597.00	0.00018867600010708
598.00	0.00058494199765846
599.00	0.0021634900476784
600.00	0.010380700230598
601.00	0.07317029684782
602.00	0.44732001423836
603.00	0.8918120265007
604.00	0.8789370059967
605.00	0.92535597085953
606.00	0.98216301202774
607.00	0.97973400354385
608.00	0.97182202339172
609.00	0.97821497917175
610.00	0.98194098472595
611.00	0.9753839969635
612.00	0.96591198444366
613.00	0.96608299016953
614.00	0.97835397720337
615.00	0.98733401298523
616.00	0.9882709980011
617.00	0.98216998577118
618.00	0.976881980896
619.00	0.97653502225876
620.00	0.98363798856735
621.00	0.98924601078033
622.00	0.98975199460983
623.00	0.98083698749542
624.00	0.96894198656082
625.00	0.95917099714279
626.00	0.96090298891068
627.00	0.97021901607513
628.00	0.98308598995209
629.00	0.9884979724884
630.00	0.98628401756287
631.00	0.97705602645874
632.00	0.96749699115753
633.00	0.96217602491379
634.00	0.96704202890396
635.00	0.97601497173309
636.00	0.9855700135231
637.00	0.98777997493744
638.00	0.98085802793503
639.00	0.97088301181793
640.00	0.963986992836
641.00	0.96397697925568
642.00	0.97371202707291
643.00	0.98301601409912
644.00	0.98805499076843
645.00	0.98005002737045
646.00	0.9675840139389
647.00	0.9563199877739
648.00	0.95949000120163
649.00	0.97157502174377
650.00	0.98392498493195
651.00	0.98663401603699
652.00	0.9741770029068
653.00	0.95576101541519
654.00	0.94750601053238
655.00	0.95748299360275
656.00	0.97408199310303
657.00	0.97920399904251
658.00	0.96391797065735
659.00	0.94897598028183
660.00	0.95483601093292
661.00	0.95339900255203
662.00	0.90357899665833
663.00	0.88636302947998
664.00	0.57332497835159
665.00	0.26636299490929
666.00	0.030209399759769
667.00	0.0057506798766553
668.00	0.0012722399551421
669.00	0.00035529999877326
670.00	0.00011613399692578
671.00	4.2554398532957E-5
672.00	1.7272399418289E-5
673.00	7.3579999479989E-6
674.00	3.5044699870923E-6
675.00	1.7577200424057E-6
676.00	1.0417400062579E-6
677.00	5.6425898264933E-7
678.00	3.0767299108447E-7
679.00	1.8789900479987E-7
680.00	2.869680031381E-7
681.00	1.756809950848E-7
682.00	9.3086498509365E-8
683.00	1.2642300362131E-7
684.00	2.2735000015928E-7
685.00	1.1956599621499E-7
686.00	1.331909942337E-7
687.00	7.0383798345119E-8
688.00	1.7606400604109E-7
689.00	1.4260200487115E-7
690.00	2.0784799659168E-8
691.00	1.7189100276482E-7
692.00	8.8294498823416E-8
693.00	5.4641500213393E-8
694.00	4.9297998572229E-8
695.00	6.2686300594805E-9
696.00	2.5022001182151E-7
697.00	1.0302200337264E-7
698.00	7.1358499553753E-8
699.00	2.0156099367341E-7
700.00	9.9999999392253E-9
701.00	6.8121202900784E-8
702.00	1.3729500381032E-7
703.00	2.6702801392275E-7
704.00	9.5623100548892E-9
705.00	7.6291996720101E-8
706.00	4.746030057845E-8
707.00	2.6568301336738E-7
708.00	6.8026302812996E-8
709.00	2.3068999155385E-8
710.00	9.9999999392253E-9
711.00	1.7422300402359E-7
712.00	1.422610012014E-7
713.00	7.0188200140819E-8
714.00	9.8663299752388E-8
715.00	3.4318699704272E-7
716.00	5.9500198545948E-8
717.00	9.9999999392253E-9
718.00	1.6813400449678E-8
719.00	2.1481599787876E-7
720.00	1.3527500186683E-7
721.00	1.2344000310804E-7
722.00	1.3606199900096E-7
723.00	1.8989000238889E-7
724.00	1.6057700236161E-7
725.00	8.9485801879619E-8
726.00	7.7656999053488E-8
727.00	1.9350899549408E-7
728.00	3.3085498785113E-7
729.00	1.141539982541E-7
730.00	1.5785900586707E-7
731.00	2.5923100110958E-8
732.00	1.6537700275876E-7
733.00	9.9999999392253E-9
734.00	2.3085699751846E-7
735.00	3.8603598540021E-8
736.00	1.8558600345386E-7
737.00	1.6595299712208E-7
738.00	1.01799003005E-7
739.00	1.1563800228487E-7
740.00	6.2132102129908E-8
741.00	3.2227998758572E-7
742.00	7.2852898824749E-8
743.00	1.7666400253802E-7
744.00	9.9999999392253E-9
745.00	1.7203599611548E-7
746.00	6.0928499578949E-8
747.00	9.5157297153037E-8
748.00	9.9999999392253E-9
749.00	1.7917299999226E-7
750.00	8.1844596877545E-8
751.00	6.704620147957E-8
752.00	4.9969901283475E-7
753.00	1.4660099623143E-7
754.00	9.9999999392253E-9
755.00	1.2115700087634E-7
756.00	4.4091601125729E-7
757.00	7.9707497491199E-8
758.00	9.9999999392253E-9
759.00	9.9999999392253E-9
760.00	2.4908800355661E-7
761.00	2.6506199901632E-8
762.00	2.9066998763483E-7
763.00	1.4637899425907E-7
764.00	1.2069000021597E-8
765.00	9.9999999392253E-9
766.00	9.9999999392253E-9
767.00	9.9999999392253E-9
768.00	5.7184598745152E-7
769.00	4.286690113986E-7
770.00	1.4180800178565E-7
771.00	1.9653600702441E-7
772.00	5.0308000254518E-7
773.00	5.2095799674134E-7
774.00	7.7523799291157E-7
775.00	1.1813100400104E-6
776.00	1.6150499959622E-6
777.00	2.2873700800119E-6
778.00	4.4733001232089E-6
779.00	7.4921199484379E-6
780.00	1.8438700863044E-5
781.00	3.9454800571548E-5
782.00	0.00010108599963132
783.00	0.00028650398598984
784.00	0.0010888299439102
785.00	0.0081089297309518
786.00	0.16239899396896
787.00	0.10164000093937
788.00	0.046432700008154
789.00	0.031982000917196
790.00	0.043348900973797
791.00	0.095304496586323
792.00	0.34488499164581
793.00	0.75588202476501
794.00	0.35250300168991
795.00	0.17474600672722
796.00	0.11458499729633
797.00	0.10258299857378
798.00	0.11278399825096
799.00	0.14927600324154
800.00	0.22999699413776
801.00	0.41829699277878
802.00	0.73842698335648
803.00	0.87429797649384
804.00	0.62294101715088
805.00	0.4110170006752
806.00	0.2971970140934
807.00	0.24690000712872
808.00	0.23077000677586
809.00	0.2403489947319
810.00	0.27294600009918
811.00	0.33452698588371
812.00	0.44611001014709
813.00	0.60124498605728
814.00	0.77807801961899
815.00	0.87260901927948
816.00	0.82544302940369
817.00	0.69587898254395
818.00	0.57360601425171
819.00	0.48341599106789
820.00	0.431086987257
821.00	0.40499898791313
822.00	0.40352201461792
823.00	0.42129799723625
824.00	0.46076199412346
825.00	0.52027297019958
826.00	0.60505098104477
827.00	0.69823098182678
828.00	0.80206698179245
829.00	0.88160598278046
830.00	0.91400599479675
831.00	0.89578998088837
832.00	0.83524000644684
833.00	0.76320600509644
834.00	0.69922697544098
835.00	0.64442002773285
836.00	0.60814499855042
837.00	0.5828350186348
838.00	0.57015299797058
839.00	0.57278597354889
840.00	0.57767999172211
841.00	0.610072016716
842.00	0.64148598909378
843.00	0.66994202136993
844.00	0.7185959815979
845.00	0.76069700717926
846.00	0.80572098493576
847.00	0.84416997432709
848.00	0.86600399017334
849.00	0.87068599462509
850.00	0.86215502023697
851.00	0.84261399507523
852.00	0.81052297353745
853.00	0.77268898487091
854.00	0.73635601997375
855.00	0.70299297571182
856.00	0.66787701845169
857.00	0.64569497108459
858.00	0.63019299507141
859.00	0.62580001354218
860.00	0.63587999343872
861.00	0.64327001571655
862.00	0.66642397642136
863.00	0.69786900281906
864.00	0.73109000921249
865.00	0.77877002954483
866.00	0.83985298871994
867.00	0.88188201189041
868.00	0.9275249838829
869.00	0.9434700012207
870.00	0.94131797552109
871.00	0.91452497243881
872.00	0.87528699636459
873.00	0.82539397478104
874.00	0.77182400226593
875.00	0.72434502840042
876.00	0.67984801530838
877.00	0.64268201589584
878.00	0.62103801965714
879.00	0.60869097709656
880.00	0.60654097795486
881.00	0.60739701986313
882.00	0.62410002946854
883.00	0.65350097417831
884.00	0.69433099031448
885.00	0.7449089884758
886.00	0.7947970032692
887.00	0.85315102338791
888.00	0.90789502859116
889.00	0.94288498163223
890.00	0.9535099864006
891.00	0.93924599885941
892.00	0.90480101108551
893.00	0.8463299870491
894.00	0.78577297925949
895.00	0.71660000085831
896.00	0.64853799343109
897.00	0.60277897119522
898.00	0.55845099687576
899.00	0.52669298648834
900.00	0.50491499900818
901.00	0.49328100681305
902.00	0.48779699206352
903.00	0.48805698752403
904.00	0.50261902809143
905.00	0.52148801088333
906.00	0.54771602153778
907.00	0.5796719789505
908.00	0.63648802042007
909.00	0.68823802471161
910.00	0.73851197957993
911.00	0.79186499118805
912.00	0.82617902755737
913.00	0.84390199184418
914.00	0.82301497459412
915.00	0.78894102573395
916.00	0.73396098613739
917.00	0.6720529794693
918.00	0.60202300548553
919.00	0.53729200363159
920.00	0.48030298948288
921.00	0.43839600682259
922.00	0.39554399251938
923.00	0.36920800805092
924.00	0.34707000851631
925.00	0.33019199967384
926.00	0.32198399305344
927.00	0.31785699725151
928.00	0.31591200828552
929.00	0.31937900185585
930.00	0.33143299818039
931.00	0.34533900022507
932.00	0.37178298830986
933.00	0.40360900759697
934.00	0.43337601423264
935.00	0.47175401449203
936.00	0.51277899742126
937.00	0.55443900823593
938.00	0.57630097866058
939.00	0.5857880115509
940.00	0.55397599935532
941.00	0.51409202814102
942.00	0.45195698738098
943.00	0.38764798641205
944.00	0.32702401280403
945.00	0.27377799153328
946.00	0.22846400737762
947.00	0.19280800223351
948.00	0.165741994977
949.00	0.14365400373936
950.00	0.12644000351429
951.00	0.11140999943018
952.00	0.10004399716854
953.00	0.090906098484993
954.00	0.084272801876068
955.00	0.077695302665234
956.00	0.072650797665119
957.00	0.069894701242447
958.00	0.067331597208977
959.00	0.065260596573353
960.00	0.064200900495052
961.00	0.063345402479172
962.00	0.063657000660896
963.00	0.064806900918484
964.00	0.065104901790619
965.00	0.068432003259659
966.00	0.070764698088169
967.00	0.075130596756935
968.00	0.079518102109432
969.00	0.086236603558064
970.00	0.093202896416187
971.00	0.10359700024128
972.00	0.11419399827719
973.00	0.12896800041199
974.00	0.14701199531555
975.00	0.16857300698757
976.00	0.19850200414658
977.00	0.23292900621891
978.00	0.27550500631332
979.00	0.32679298520088
980.00	0.39323300123215
981.00	0.47381401062012
982.00	0.56288701295853
983.00	0.65774202346802
984.00	0.74709397554398
985.00	0.81359702348709
986.00	0.84612399339676
987.00	0.86051100492477
988.00	0.84127199649811
989.00	0.80935102701187
990.00	0.76162600517273
991.00	0.71896702051163
992.00	0.68098598718643
993.00	0.64651101827621
994.00	0.62019801139832
995.00	0.5966050028801
996.00	0.60042899847031
997.00	0.59241300821304
998.00	0.58893299102783
999.00	0.61028099060059
1000.00	0.61404001712799
1001.00	0.63846802711487
1002.00	0.66161501407623
1003.00	0.69471997022629
1004.00	0.71882599592209
1005.00	0.76232600212097
1006.00	0.81107002496719
1007.00	0.85043299198151
1008.00	0.88768702745438
1009.00	0.92956799268723
1010.00	0.94695699214935
1011.00	0.9664009809494
1012.00	0.98334497213364
1013.00	0.98332500457764
1014.00	0.96216297149658
1015.00	0.94804400205612
1016.00	0.91545301675797
1017.00	0.89006197452545
1018.00	0.85322898626328
1019.00	0.82661098241806
1020.00	0.81658899784088
1021.00	0.79767602682114
1022.00	0.77864801883698
1023.00	0.77981501817703
1024.00	0.77180701494217
1025.00	0.76993900537491
1026.00	0.76433902978897
1027.00	0.76492601633072
1028.00	0.77989900112152
1029.00	0.78899097442627
1030.00	0.81769102811813
1031.00	0.8398129940033
1032.00	0.85757297277451
1033.00	0.87656599283218
1034.00	0.89479100704193
1035.00	0.92076802253723
1036.00	0.93712598085403
1037.00	0.9440690279007
1038.00	0.93717002868652
1039.00	0.93603497743607
1040.00	0.92776298522949
1041.00	0.90435397624969
1042.00	0.87466502189636
1043.00	0.85497999191284
1044.00	0.84233897924423
1045.00	0.80626302957535
1046.00	0.76521801948547
1047.00	0.75644201040268
1048.00	0.73826897144318
1049.00	0.71430498361588
1050.00	0.69264698028564
1051.00	0.70038902759552
1052.00	0.69252598285675
1053.00	0.67429202795029
1054.00	0.6774680018425
1055.00	0.69736301898956
1056.00	0.69008702039719
1057.00	0.69734197854996
1058.00	0.72488301992416
1059.00	0.74752402305603
1060.00	0.75220501422882
1061.00	0.79871600866318
1062.00	0.82365900278091
1063.00	0.84198701381683
1064.00	0.86924600601196
1065.00	0.90186899900436
1066.00	0.91840898990631
1067.00	0.95640999078751
1068.00	0.97054398059845
1069.00	0.96748900413513
1070.00	0.98646599054337
1071.00	0.96780401468277
1072.00	0.95493501424789
1073.00	0.93098098039627
1074.00	0.91378498077393
1075.00	0.87998098134995
1076.00	0.84893298149109
1077.00	0.82877099514008
1078.00	0.79526001214981
1079.00	0.78025501966476
1080.00	0.75324302911758
1081.00	0.72560697793961
1082.00	0.72485798597336
1083.00	0.69278699159622
1084.00	0.70326399803162
1085.00	0.68288600444794
1086.00	0.68749898672104
1087.00	0.70056700706482
1088.00	0.69146001338959
1089.00	0.71679401397705
1090.00	0.70600801706314
1091.00	0.75057297945023
1092.00	0.73382598161697
1093.00	0.78548097610474
1094.00	0.79016202688217
1095.00	0.82198202610016
1096.00	0.83493101596832
1097.00	0.88750302791595
1098.00	0.88985401391983
1099.00	0.91337198019028
1100.00	0.92340302467346
1101.00	0.94886898994446
1102.00	0.94180601835251
1103.00	0.94659101963043
1104.00	0.92665600776672
1105.00	0.91928100585938
1106.00	0.89678901433945
1107.00	0.867830991745
1108.00	0.84864002466202
1109.00	0.82599699497223
1110.00	0.79376202821732
1111.00	0.77033597230911
1112.00	0.7404659986496
1113.00	0.73514598608017
1114.00	0.70401799678802
1115.00	0.70355802774429
1116.00	0.67790699005127
1117.00	0.67019498348236
1118.00	0.67466002702713
1119.00	0.67020398378372
1120.00	0.6805260181427
1121.00	0.6621670126915
1122.00	0.69027698040009
1123.00	0.69555699825287
1124.00	0.70048099756241
1125.00	0.7315160036087
1126.00	0.73829197883606
1127.00	0.77535700798035
1128.00	0.79924201965332
1129.00	0.80794697999954
1130.00	0.86270302534103
1131.00	0.85656201839447
1132.00	0.89936500787735
1133.00	0.9251070022583
1134.00	0.91635000705719
1135.00	0.94119799137115
1136.00	0.92359799146652
1137.00	0.92076498270035
1138.00	0.91324698925018
1139.00	0.88963401317596
1140.00	0.86088699102402
1141.00	0.84875702857971
1142.00	0.80001598596573
1143.00	0.77091300487518
1144.00	0.76501399278641
1145.00	0.71257597208023
1146.00	0.67787402868271
1147.00	0.67327898740768
1148.00	0.65521901845932
1149.00	0.6071429848671
1150.00	0.60552197694778
1151.00	0.6139839887619
1152.00	0.58765202760696
1153.00	0.5684779882431
1154.00	0.57851099967957
1155.00	0.59599602222443
1156.00	0.57403898239136
1157.00	0.56988197565079
1158.00	0.59326702356339
1159.00	0.62390899658203
1160.00	0.62997800111771
1161.00	0.61833900213242
1162.00	0.65376400947571
1163.00	0.68638497591019
1164.00	0.7167090177536
1165.00	0.73271101713181
1166.00	0.76540100574493
1167.00	0.81601202487946
1168.00	0.85071802139282
1169.00	0.87558299303055
1170.00	0.89636498689651
1171.00	0.92717099189758
1172.00	0.95137399435043
1173.00	0.97750800848007
1174.00	0.98098802566528
1175.00	0.97781801223755
1176.00	0.96358901262283
1177.00	0.92502897977829
1178.00	0.90125697851181
1179.00	0.88500201702118
1180.00	0.86074197292328
1181.00	0.83298397064209
1182.00	0.79400599002838
1183.00	0.74967098236084
1184.00	0.72076797485352
1185.00	0.69127202033997
1186.00	0.67501300573349
1187.00	0.66027301549911
1188.00	0.63799899816513
1189.00	0.61958402395248
1190.00	0.59052300453186
1191.00	0.5825679898262
1192.00	0.56561797857285
1193.00	0.5677490234375
1194.00	0.57714301347733
1195.00	0.58860200643539
1196.00	0.59028601646423
1197.00	0.60012602806091
1198.00	0.59346598386765
1199.00	0.60568600893021
1200.00	0.60861998796463
