Typical Measured Spectrum of Semrock FF01-510/42 Optical Filter	
For wavelengths between 320 and 1120 nm, values near or below 3e-7 (Optical Density 6.5) are measurement noise limited.
For wavelengths < 320 nm and > 1120 nm, values near or below 3e-6 (Optical Density 5.5) are measurement noise limited. 
Data format:  Wavelength (nm) <tab> Transmission (0 to 1)
270.0	5.6626e-05
270.2	5.6028e-05
270.4	5.5436e-05
270.6	5.485e-05
270.8	5.427e-05
271.0	5.3696e-05
271.2	5.3128e-05
271.4	5.2567e-05
271.6	5.2011e-05
271.8	5.1461e-05
272.0	5.0917e-05
272.2	5.0379e-05
272.4	4.9847e-05
272.6	4.932e-05
272.8	4.8787e-05
273.0	4.6026e-05
273.2	4.3422e-05
273.4	4.0965e-05
273.6	3.8648e-05
273.8	3.6461e-05
274.0	3.4398e-05
274.2	3.2452e-05
274.4	3.0616e-05
274.6	2.8884e-05
274.8	2.7249e-05
275.0	2.5708e-05
275.2	2.5638e-05
275.4	2.5568e-05
275.6	2.5499e-05
275.8	2.543e-05
276.0	2.5361e-05
276.2	2.5292e-05
276.4	2.5223e-05
276.6	2.5155e-05
276.8	2.5087e-05
277.0	2.5019e-05
277.2	2.4951e-05
277.4	2.4883e-05
277.6	2.4816e-05
277.8	2.4308e-05
278.0	2.3063e-05
278.2	2.1881e-05
278.4	2.076e-05
278.6	1.9697e-05
278.8	1.8688e-05
279.0	1.7731e-05
279.2	1.6822e-05
279.4	1.596e-05
279.6	1.5143e-05
279.8	1.4367e-05
280.0	1.3631e-05
280.2	1.2933e-05
280.4	1.227e-05
280.6	1.1642e-05
280.8	1.1045e-05
281.0	1.048e-05
281.2	9.9428e-06
281.4	9.4334e-06
281.6	8.9502e-06
281.8	8.6621e-06
282.0	8.6264e-06
282.2	8.5908e-06
282.4	8.5554e-06
282.6	8.5201e-06
282.8	8.485e-06
283.0	8.45e-06
283.2	8.4151e-06
283.4	8.3804e-06
283.6	8.3459e-06
283.8	8.3115e-06
284.0	8.2772e-06
284.2	8.2431e-06
284.4	8.2091e-06
284.6	8.1752e-06
284.8	8.1415e-06
285.0	8.108e-06
285.2	8.0745e-06
285.4	8.0412e-06
285.6	8.0081e-06
285.8	7.8947e-06
286.0	7.6945e-06
286.2	7.4994e-06
286.4	7.3092e-06
286.6	7.1239e-06
286.8	6.9432e-06
287.0	6.7672e-06
287.2	6.5956e-06
287.4	6.4283e-06
287.6	6.2653e-06
287.8	6.1064e-06
288.0	5.9516e-06
288.2	5.8007e-06
288.4	5.6536e-06
288.6	5.5102e-06
288.8	5.3705e-06
289.0	5.2343e-06
289.2	5.1016e-06
289.4	4.9722e-06
289.6	4.8461e-06
289.8	4.4406e-06
290.0	3.8565e-06
290.2	3.3492e-06
290.4	2.9087e-06
290.6	2.5261e-06
290.8	2.1938e-06
291.0	1.9053e-06
291.2	1.6547e-06
291.4	1.437e-06
291.6	1.248e-06
291.8	1.0839e-06
292.0	9.4129e-07
292.2	8.1748e-07
292.4	7.0995e-07
292.6	6.1657e-07
292.8	5.3547e-07
293.0	4.6504e-07
293.2	4.0387e-07
293.4	3.5075e-07
293.6	3.0461e-07
293.8	3.8522e-07
294.0	6.1946e-07
294.2	9.9613e-07
294.4	1.6018e-06
294.6	2.5759e-06
294.8	4.1422e-06
295.0	6.6609e-06
295.2	6.5699e-06
295.4	6.4802e-06
295.6	6.3908e-06
295.8	6.2425e-06
296.0	6.0976e-06
296.2	5.956e-06
296.4	5.8178e-06
296.6	5.6827e-06
296.8	5.5508e-06
297.0	5.422e-06
297.2	5.2961e-06
297.4	5.1732e-06
297.6	5.0531e-06
297.8	4.9358e-06
298.0	4.8212e-06
298.2	4.7093e-06
298.4	4.6e-06
298.6	4.4932e-06
298.8	4.3889e-06
299.0	4.287e-06
299.2	4.1875e-06
299.4	4.0903e-06
299.6	3.9954e-06
299.8	2.5447e-06
300.0	1.3067e-06
300.2	1.3293e-06
300.4	1.3523e-06
300.6	1.3757e-06
300.8	1.3996e-06
301.0	1.4238e-06
301.2	1.4485e-06
301.4	1.4736e-06
301.6	1.4991e-06
301.8	1.525e-06
302.0	1.2399e-06
302.2	9.9503e-07
302.4	7.9851e-07
302.6	6.4081e-07
302.8	5.1425e-07
303.0	4.1268e-07
303.2	3.3118e-07
303.4	2.6577e-07
303.6	2.1328e-07
303.8	1.7116e-07
304.0	1.6091e-07
304.2	1.5902e-07
304.4	1.5715e-07
304.6	1.5531e-07
304.8	1.5349e-07
305.0	1.5169e-07
305.2	1.4991e-07
305.4	1.4815e-07
305.6	1.4641e-07
305.8	1.447e-07
306.0	1.55e-07
306.2	1.7624e-07
306.4	2.0039e-07
306.6	2.2784e-07
306.8	2.5906e-07
307.0	2.9455e-07
307.2	3.349e-07
307.4	3.8079e-07
307.6	4.3296e-07
307.8	4.9227e-07
308.0	5.8602e-07
308.2	7.4959e-07
308.4	9.5881e-07
308.6	1.2264e-06
308.8	1.5687e-06
309.0	2.0066e-06
309.2	2.5667e-06
309.4	3.2831e-06
309.6	4.1994e-06
309.8	5.3715e-06
310.0	6.7879e-06
310.2	7.7351e-06
310.4	8.8143e-06
310.6	1.0044e-05
310.8	1.1446e-05
311.0	1.3043e-05
311.2	1.4863e-05
311.4	1.6936e-05
311.6	1.9299e-05
311.8	2.1992e-05
312.0	2.3051e-05
312.2	2.4055e-05
312.4	2.5103e-05
312.6	2.6196e-05
312.8	2.7336e-05
313.0	2.8527e-05
313.2	2.9769e-05
313.4	3.1066e-05
313.6	3.2418e-05
313.8	3.383e-05
314.0	3.1763e-05
314.2	2.8869e-05
314.4	2.6239e-05
314.6	2.3848e-05
314.8	2.1676e-05
315.0	1.9701e-05
315.2	1.7906e-05
315.4	1.6275e-05
315.6	1.4792e-05
315.8	1.3444e-05
316.0	1.2368e-05
316.2	1.1472e-05
316.4	1.0642e-05
316.6	9.8716e-06
316.8	9.1571e-06
317.0	8.4943e-06
317.2	7.8794e-06
317.4	7.3091e-06
317.6	6.78e-06
317.8	6.2893e-06
318.0	6.5215e-06
318.2	7.9382e-06
318.4	9.6626e-06
318.6	1.1762e-05
318.8	1.4316e-05
319.0	1.7426e-05
319.2	2.1212e-05
319.4	2.582e-05
319.6	3.1428e-05
319.8	3.8255e-05
320.0	4.5848e-05
320.2	4.9034e-05
320.4	5.2442e-05
320.6	5.6087e-05
320.8	5.9985e-05
321.0	6.4154e-05
321.2	6.8613e-05
321.4	7.3381e-05
321.6	7.8482e-05
321.8	8.3936e-05
322.0	7.7653e-05
322.2	7.1e-05
322.4	6.4918e-05
322.6	5.9356e-05
322.8	5.4271e-05
323.0	4.9622e-05
323.2	4.5371e-05
323.4	4.1484e-05
323.6	3.793e-05
323.8	3.468e-05
324.0	3.0227e-05
324.2	2.5928e-05
324.4	2.2241e-05
324.6	1.9078e-05
324.8	1.6365e-05
325.0	1.4037e-05
325.2	1.2041e-05
325.4	1.0329e-05
325.6	8.8597e-06
325.8	7.5997e-06
326.0	6.9929e-06
326.2	6.777e-06
326.4	6.5679e-06
326.6	6.3651e-06
326.8	6.1687e-06
327.0	5.9783e-06
327.2	5.7938e-06
327.4	5.615e-06
327.6	5.4417e-06
327.8	5.2737e-06
328.0	5.1175e-06
328.2	4.9752e-06
328.4	4.8369e-06
328.6	4.7025e-06
328.8	4.5718e-06
329.0	4.4447e-06
329.2	4.3211e-06
329.4	4.201e-06
329.6	4.0843e-06
329.8	3.9707e-06
330.0	3.8721e-06
330.2	3.861e-06
330.4	3.8499e-06
330.6	3.8388e-06
330.8	3.8278e-06
331.0	3.8168e-06
331.2	3.8058e-06
331.4	3.7949e-06
331.6	3.784e-06
331.8	3.7731e-06
332.0	3.7118e-06
332.2	3.6466e-06
332.4	3.5825e-06
332.6	3.5195e-06
332.8	3.4577e-06
333.0	3.3969e-06
333.2	3.3373e-06
333.4	3.2786e-06
333.6	3.221e-06
333.8	3.1644e-06
334.0	3.049e-06
334.2	2.9178e-06
334.4	2.7922e-06
334.6	2.672e-06
334.8	2.557e-06
335.0	2.447e-06
335.2	2.3417e-06
335.4	2.2409e-06
335.6	2.1444e-06
335.8	2.0521e-06
336.0	1.8796e-06
336.2	1.6667e-06
336.4	1.4779e-06
336.6	1.3105e-06
336.8	1.162e-06
337.0	1.0304e-06
337.2	9.1367e-07
337.4	8.1017e-07
337.6	7.184e-07
337.8	6.3702e-07
338.0	5.8249e-07
338.2	5.567e-07
338.4	5.3206e-07
338.6	5.0851e-07
338.8	4.86e-07
339.0	4.6449e-07
339.2	4.4393e-07
339.4	4.2428e-07
339.6	4.0551e-07
339.8	3.8756e-07
340.0	3.6106e-07
340.2	2.8129e-07
340.4	2.1915e-07
340.6	1.7073e-07
340.8	1.3301e-07
341.0	1.0363e-07
341.2	8.0735e-08
341.4	6.2898e-08
341.6	4.9003e-08
341.8	3.8177e-08
342.0	4.9619e-08
342.2	6.784e-08
342.4	9.2751e-08
342.6	1.2681e-07
342.8	1.7337e-07
343.0	2.3704e-07
343.2	3.2408e-07
343.4	4.4309e-07
343.6	6.0579e-07
343.8	8.2824e-07
344.0	7.3987e-07
344.2	5.7134e-07
344.4	4.412e-07
344.6	3.407e-07
344.8	2.6309e-07
345.0	2.0316e-07
345.2	1.5688e-07
345.4	1.2115e-07
345.6	9.3552e-08
345.8	7.2242e-08
346.0	6.9062e-08
346.2	7.6815e-08
346.4	8.5439e-08
346.6	9.5032e-08
346.8	1.057e-07
347.0	1.1757e-07
347.2	1.3077e-07
347.4	1.4545e-07
347.6	1.6178e-07
347.8	1.7994e-07
348.0	1.887e-07
348.2	1.8273e-07
348.4	1.7695e-07
348.6	1.7135e-07
348.8	1.6593e-07
349.0	1.6068e-07
349.2	1.5559e-07
349.4	1.5067e-07
349.6	1.459e-07
349.8	1.4129e-07
350.0	1.39e-07
350.2	1.5134e-07
350.4	1.6479e-07
350.6	1.7942e-07
350.8	1.9536e-07
351.0	2.1271e-07
351.2	2.316e-07
351.4	2.5217e-07
351.6	2.7457e-07
351.8	2.9895e-07
352.0	3.0697e-07
352.2	3.1258e-07
352.4	3.1828e-07
352.6	3.2409e-07
352.8	3.3001e-07
353.0	3.3603e-07
353.2	3.4216e-07
353.4	3.4841e-07
353.6	3.5477e-07
353.8	3.6124e-07
354.0	3.0786e-07
354.2	2.4482e-07
354.4	1.9469e-07
354.6	1.5482e-07
354.8	1.2312e-07
355.0	9.7908e-08
355.2	7.7859e-08
355.4	6.1916e-08
355.6	4.9237e-08
355.8	3.9155e-08
356.0	3.5401e-08
356.2	3.533e-08
356.4	3.526e-08
356.6	3.519e-08
356.8	3.512e-08
357.0	3.505e-08
357.2	3.498e-08
357.4	3.491e-08
357.6	3.4841e-08
357.8	3.4771e-08
358.0	3.6302e-08
358.2	4.0386e-08
358.4	4.493e-08
358.6	4.9984e-08
358.8	5.5608e-08
359.0	6.1864e-08
359.2	6.8824e-08
359.4	7.6567e-08
359.6	8.5181e-08
359.8	9.4764e-08
360.0	1.0612e-07
360.2	1.2421e-07
360.4	1.4539e-07
360.6	1.7017e-07
360.8	1.9917e-07
361.0	2.3312e-07
361.2	2.7285e-07
361.4	3.1936e-07
361.6	3.738e-07
361.8	4.3751e-07
362.0	4.7665e-07
362.2	5.1495e-07
362.4	5.5632e-07
362.6	6.0102e-07
362.8	6.493e-07
363.0	7.0147e-07
363.2	7.5782e-07
363.4	8.1871e-07
363.6	8.8448e-07
363.8	9.5554e-07
364.0	9.6268e-07
364.2	9.4696e-07
364.4	9.3149e-07
364.6	9.1628e-07
364.8	9.0132e-07
365.0	8.866e-07
365.2	8.7212e-07
365.4	8.5788e-07
365.6	8.4387e-07
365.8	8.3009e-07
366.0	8.1937e-07
366.2	8.1069e-07
366.4	8.021e-07
366.6	7.936e-07
366.8	7.852e-07
367.0	7.7688e-07
367.2	7.6865e-07
367.4	7.6051e-07
367.6	7.5245e-07
367.8	7.4448e-07
368	7.5712E-08
368.2	7.9629E-08
368.4	8.3749E-08
368.6	8.8082E-08
368.8	9.2639E-08
369	9.7431E-08
369.2	1.0247E-07
369.4	1.0777E-07
369.6	1.1335E-07
369.8	1.1921E-07
370	1.2713E-07
370.2	1.462E-07
370.4	1.6813E-07
370.6	1.9335E-07
370.8	2.2235E-07
371	2.5571E-07
371.2	2.9406E-07
371.4	3.3817E-07
371.6	3.889E-07
371.8	4.4724E-07
372	4.5025E-07
372.2	4.4396E-07
372.4	4.3775E-07
372.6	4.3164E-07
372.8	4.2561E-07
373	4.1966E-07
373.2	4.138E-07
373.4	4.0802E-07
373.6	4.0232E-07
373.8	3.967E-07
374	3.8432E-07
374.2	3.6985E-07
374.4	3.5592E-07
374.6	3.4251E-07
374.8	3.2961E-07
375	3.172E-07
375.2	3.0525E-07
375.4	2.9375E-07
375.6	2.8269E-07
375.8	2.7204E-07
376	2.6331E-07
376.2	2.5594E-07
376.4	2.4877E-07
376.6	2.418E-07
376.8	2.3502E-07
377	2.2844E-07
377.2	2.2204E-07
377.4	2.1581E-07
377.6	2.0977E-07
377.8	2.0389E-07
378	2.086E-07
378.2	2.278E-07
378.4	2.4876E-07
378.6	2.7166E-07
378.8	2.9666E-07
379	3.2396E-07
379.2	3.5378E-07
379.4	3.8634E-07
379.6	4.219E-07
379.8	4.6073E-07
380	5.0231E-07
380.2	5.4256E-07
380.4	5.8603E-07
380.6	6.3299E-07
380.8	6.8371E-07
381	7.3849E-07
381.2	7.9767E-07
381.4	8.6158E-07
381.6	9.3062E-07
381.8	1.0052E-06
382	1.0041E-06
382.2	9.9039E-07
382.4	9.7683E-07
382.6	9.6347E-07
382.8	9.5029E-07
383	9.3728E-07
383.2	9.2446E-07
383.4	9.1181E-07
383.6	8.9933E-07
383.8	8.8703E-07
384	8.3014E-07
384.2	7.612E-07
384.4	6.9798E-07
384.6	6.4002E-07
384.8	5.8686E-07
385	5.3813E-07
385.2	4.9344E-07
385.4	4.5246E-07
385.6	4.1488E-07
385.8	3.8043E-07
386	3.6742E-07
386.2	3.6817E-07
386.4	3.6892E-07
386.6	3.6967E-07
386.8	3.7043E-07
387	3.7118E-07
387.2	3.7194E-07
387.4	3.727E-07
387.6	3.7346E-07
387.8	3.7422E-07
388	3.8572E-07
388.2	4.1125E-07
388.4	4.3847E-07
388.6	4.6749E-07
388.8	4.9843E-07
389	5.3142E-07
389.2	5.6659E-07
389.4	6.0409E-07
389.6	6.4407E-07
389.8	6.867E-07
390	7.3011E-07
390.2	7.6493E-07
390.4	8.0141E-07
390.6	8.3964E-07
390.8	8.7969E-07
391	9.2164E-07
391.2	9.656E-07
391.4	1.0117E-06
391.6	1.0599E-06
391.8	1.1105E-06
392	1.0726E-06
392.2	1.0207E-06
392.4	9.7125E-07
392.6	9.2424E-07
392.8	8.7949E-07
393	8.3692E-07
393.2	7.964E-07
393.4	7.5785E-07
393.6	7.2116E-07
393.8	6.8625E-07
394	6.6724E-07
394.2	6.5448E-07
394.4	6.4197E-07
394.6	6.297E-07
394.8	6.1766E-07
395	6.0585E-07
395.2	5.9427E-07
395.4	5.8291E-07
395.6	5.7176E-07
395.8	5.6083E-07
396	5.5288E-07
396.2	5.4699E-07
396.4	5.4116E-07
396.6	5.354E-07
396.8	5.2969E-07
397	5.2405E-07
397.2	5.1846E-07
397.4	5.1294E-07
397.6	5.0747E-07
397.8	5.0207E-07
398	5.0995E-07
398.2	5.3453E-07
398.4	5.603E-07
398.6	5.873E-07
398.8	6.1561E-07
399	6.4528E-07
399.2	6.7638E-07
399.4	7.0898E-07
399.6	7.4316E-07
399.8	7.7898E-07
400	8.1383E-07
400.2	8.3617E-07
400.4	8.5912E-07
400.6	8.827E-07
400.8	9.0693E-07
401	9.3183E-07
401.2	9.5741E-07
401.4	9.8368E-07
401.6	1.0107E-06
401.8	1.0384E-06
402	1.0166E-06
402.2	9.861E-07
402.4	9.5653E-07
402.6	9.2784E-07
402.8	9.0001E-07
403	8.7301E-07
403.2	8.4683E-07
403.4	8.2143E-07
403.6	7.9679E-07
403.8	7.7289E-07
404	7.6508E-07
404.2	7.635E-07
404.4	7.6193E-07
404.6	7.6036E-07
404.8	7.5879E-07
405	7.5723E-07
405.2	7.5566E-07
405.4	7.5411E-07
405.6	7.5255E-07
405.8	7.51E-07
406	7.5039E-07
406.2	7.5043E-07
406.4	7.5048E-07
406.6	7.5052E-07
406.8	7.5057E-07
407	7.5061E-07
407.2	7.5065E-07
407.4	7.507E-07
407.6	7.5074E-07
407.8	7.5078E-07
408	7.5912E-07
408.2	7.7712E-07
408.4	7.9554E-07
408.6	8.1441E-07
408.8	8.3372E-07
409	8.5348E-07
409.2	8.7372E-07
409.4	8.9443E-07
409.6	9.1564E-07
409.8	9.3735E-07
410	9.5517E-07
410.2	9.5248E-07
410.4	9.4978E-07
410.6	9.471E-07
410.8	9.4443E-07
411	9.4176E-07
411.2	9.391E-07
411.4	9.3645E-07
411.6	9.338E-07
411.8	9.3116E-07
412	9.3196E-07
412.2	9.3344E-07
412.4	9.3492E-07
412.6	9.3641E-07
412.8	9.379E-07
413	9.3939E-07
413.2	9.4088E-07
413.4	9.4237E-07
413.6	9.4387E-07
413.8	9.4537E-07
414	9.4585E-07
414.2	9.4593E-07
414.4	9.4601E-07
414.6	9.4609E-07
414.8	9.4617E-07
415	9.4625E-07
415.2	9.4633E-07
415.4	9.4641E-07
415.6	9.4648E-07
415.8	9.4656E-07
416	9.4826E-07
416.2	9.5107E-07
416.4	9.5388E-07
416.6	9.567E-07
416.8	9.5953E-07
417	9.6237E-07
417.2	9.6521E-07
417.4	9.6807E-07
417.6	9.7093E-07
417.8	9.7381E-07
418	9.8113E-07
418.2	9.9339E-07
418.4	1.0058E-06
418.6	1.0184E-06
418.8	1.0311E-06
419	1.044E-06
419.2	1.057E-06
419.4	1.0702E-06
419.6	1.0836E-06
419.8	1.0971E-06
420	1.1087E-06
420.2	1.1108E-06
420.4	1.113E-06
420.6	1.1151E-06
420.8	1.1173E-06
421	1.1194E-06
421.2	1.1216E-06
421.4	1.1238E-06
421.6	1.126E-06
421.8	1.1281E-06
422	1.1318E-06
422.2	1.1357E-06
422.4	1.1396E-06
422.6	1.1436E-06
422.8	1.1475E-06
423	1.1515E-06
423.2	1.1555E-06
423.4	1.1595E-06
423.6	1.1635E-06
423.8	1.1676E-06
424	1.1689E-06
424.2	1.1692E-06
424.4	1.1695E-06
424.6	1.1698E-06
424.8	1.1701E-06
425	1.1704E-06
425.2	1.1707E-06
425.4	1.171E-06
425.6	1.1713E-06
425.8	1.1716E-06
426	1.1791E-06
426.2	1.1912E-06
426.4	1.2035E-06
426.6	1.2158E-06
426.8	1.2283E-06
427	1.2409E-06
427.2	1.2537E-06
427.4	1.2665E-06
427.6	1.2795E-06
427.8	1.2927E-06
428	1.3031E-06
428.2	1.3107E-06
428.4	1.3184E-06
428.6	1.3261E-06
428.8	1.3338E-06
429	1.3417E-06
429.2	1.3495E-06
429.4	1.3574E-06
429.6	1.3654E-06
429.8	1.3734E-06
430	1.3832E-06
430.2	1.4007E-06
430.4	1.4184E-06
430.6	1.4363E-06
430.8	1.4544E-06
431	1.4728E-06
431.2	1.4913E-06
431.4	1.5102E-06
431.6	1.5292E-06
431.8	1.5485E-06
432	1.5582E-06
432.2	1.5658E-06
432.4	1.5734E-06
432.6	1.581E-06
432.8	1.5887E-06
433	1.5964E-06
433.2	1.6042E-06
433.4	1.6119E-06
433.6	1.6198E-06
433.8	1.6276E-06
434	1.6349E-06
434.2	1.6419E-06
434.4	1.6489E-06
434.6	1.6559E-06
434.8	1.663E-06
435	1.6701E-06
435.2	1.6773E-06
435.4	1.6844E-06
435.6	1.6917E-06
435.8	1.6989E-06
436	1.7064E-06
436.2	1.7141E-06
436.4	1.7218E-06
436.6	1.7296E-06
436.8	1.7374E-06
437	1.7453E-06
437.2	1.7532E-06
437.4	1.7611E-06
437.6	1.769E-06
437.8	1.777E-06
438	1.7891E-06
438.2	1.8055E-06
438.4	1.8221E-06
438.6	1.8387E-06
438.8	1.8556E-06
439	1.8726E-06
439.2	1.8897E-06
439.4	1.907E-06
439.6	1.9245E-06
439.8	1.9421E-06
440	1.9612E-06
440.2	1.9857E-06
440.4	2.0106E-06
440.6	2.0357E-06
440.8	2.0612E-06
441	2.087E-06
441.2	2.1131E-06
441.4	2.1396E-06
441.6	2.1664E-06
441.8	2.1935E-06
442	2.2012E-06
442.2	2.2038E-06
442.4	2.2065E-06
442.6	2.2091E-06
442.8	2.2118E-06
443	2.2145E-06
443.2	2.2171E-06
443.4	2.2198E-06
443.6	2.2225E-06
443.8	2.2252E-06
444	2.2339E-06
444.2	2.2454E-06
444.4	2.2569E-06
444.6	2.2685E-06
444.8	2.2801E-06
445	2.2918E-06
445.2	2.3036E-06
445.4	2.3154E-06
445.6	2.3273E-06
445.8	2.3392E-06
446	2.3488E-06
446.2	2.3568E-06
446.4	2.3649E-06
446.6	2.3729E-06
446.8	2.381E-06
447	2.3891E-06
447.2	2.3972E-06
447.4	2.4054E-06
447.6	2.4136E-06
447.8	2.4218E-06
448	2.4355E-06
448.2	2.4547E-06
448.4	2.474E-06
448.6	2.4935E-06
448.8	2.5131E-06
449	2.5329E-06
449.2	2.5529E-06
449.4	2.573E-06
449.6	2.5933E-06
449.8	2.6137E-06
450	1.6054E-07
450.2	8.7116e-08
450.4	6.0464e-08
450.6	4.416e-08
450.8	5.7942e-08
451.0	7.6025e-08
451.2	7.9429e-08
451.4	6.9129e-08
451.6	6.7415e-08
451.8	7.5344e-08
452.0	8.4206e-08
452.2	1.141e-07
452.4	1.5688e-07
452.6	2.0622e-07
452.8	2.5381e-07
453.0	2.8173e-07
453.2	2.4577e-07
453.4	2.1441e-07
453.6	1.0235e-07
453.8	4.1014e-08
454.0	2.6821e-08
454.2	7.6238e-08
454.4	1.6937e-07
454.6	9.3103e-08
454.8	5.118e-08
455.0	6.2189e-08
455.2	1.2163e-07
455.4	2.2217e-07
455.6	2.1175e-07
455.8	2.0183e-07
456.0	1.8426e-07
456.2	1.6822e-07
456.4	1.6704e-07
456.6	1.8202e-07
456.8	1.9834e-07
457.0	9.5982e-08
457.2	4.4505e-08
457.4	6.0304e-08
457.6	9.8734e-08
457.8	1.349e-07
458.0	1.2656e-07
458.2	1.1874e-07
458.4	1.3662e-07
458.6	1.6542e-07
458.8	1.5623e-07
459.0	1.3265e-07
459.2	1.1709e-07
459.4	1.2412e-07
459.6	1.3157e-07
459.8	1.5432e-07
460.0	1.9114e-07
460.2	1.5832e-07
460.4	9.4346e-08
460.6	5.7241e-08
460.8	6.9868e-08
461.0	8.528e-08
461.2	1.0527e-07
461.4	1.3142e-07
461.6	1.5995e-07
461.8	1.8726e-07
462.0	2.1924e-07
462.2	1.9413e-07
462.4	1.6487e-07
462.6	1.5094e-07
462.8	1.5936e-07
463.0	1.3405e-07
463.2	5.5992e-08
463.4	2.3387e-08
463.6	2.5004e-08
463.8	3.8529e-08
464.0	5.901e-08
464.2	8.8148e-08
464.4	1.2842e-07
464.6	1.4748e-07
464.8	1.6936e-07
465.0	1.247e-07
465.2	6.566e-08
465.4	3.7379e-08
465.6	9.3786e-08
465.8	2.3531e-07
466.0	2.1865e-07
466.2	1.9069e-07
466.4	1.5117e-07
466.6	1.0476e-07
466.8	7.2597e-08
467.0	7.6637e-08
467.2	8.4997e-08
467.4	8.6613e-08
467.6	8.6294e-08
467.8	8.3963e-08
468.0	7.6626e-08
468.2	6.993e-08
468.4	1.0061e-07
468.6	1.6914e-07
468.8	1.7062e-07
469.0	1.2914e-07
469.2	1.0103e-07
469.4	1.0075e-07
469.6	1.0047e-07
469.8	1.1272e-07
470.0	1.3702e-07
470.2	1.5328e-07
470.4	1.5931e-07
470.6	1.6471e-07
470.8	1.0191e-07
471.0	6.3051e-08
471.2	4.9178e-08
471.4	4.9053e-08
471.6	6.4116e-08
471.8	1.2082e-07
472.0	2.2766e-07
472.2	2.2334e-07
472.4	2.0378e-07
472.6	1.9231e-07
472.8	1.9173e-07
473.0	1.6628e-07
473.2	1.0723e-07
473.4	6.9149e-08
473.6	8.9045e-08
473.8	1.3705e-07
474.0	1.7794e-07
474.2	1.4587e-07
474.4	1.2566e-07
474.6	1.312e-07
474.8	1.3699e-07
475.0	1.6196e-07
475.2	2.0274e-07
475.4	2.4702e-07
475.6	2.6118e-07
475.8	2.6467e-07
476.0	2.0883e-07
476.2	1.6477e-07
476.4	1.0113e-07
476.6	5.3212e-08
476.8	3.2561e-08
477.0	7.7486e-08
477.2	1.7657e-07
477.4	1.4203e-07
477.6	1.1426e-07
477.8	1.0802e-07
478.0	1.189e-07
478.2	1.3087e-07
478.4	2.0077e-07
478.6	3.0852e-07
478.8	2.9995e-07
479.0	2.8174e-07
479.2	2.8703e-07
479.4	3.2866e-07
479.6	3.7634e-07
479.8	2.5948e-07
480.0	1.675e-07
480.2	2.0904e-07
480.4	3.0152e-07
480.6	3.8747e-07
480.8	3.8032e-07
481.0	3.7331e-07
481.2	4.6264e-07
481.4	6.1233e-07
481.6	7.1957e-07
481.8	8.1272e-07
482.0	9.5491e-07
482.2	1.2854e-06
482.4	1.7304e-06
482.6	2.4564e-06
482.8	3.5656e-06
483.0	5.3373e-06
483.2	8.1319e-06
483.4	1.2455e-05
483.6	1.9857e-05
483.8	3.1658e-05
484.0	5.3498e-05
484.2	9.4057e-05
484.4	1.5919e-04
484.6	2.6983e-04
484.8	4.7908e-04
485.0	8.7539e-04
485.2	0.00166
485.4	0.00333
485.6	0.00689
485.8	0.0157
486.0	0.03382
486.2	0.07707
486.4	0.17751
486.6	0.37762
486.8	0.64158
487.0	0.83966
487.2	0.91735
487.4	0.93054
487.6	0.93127
487.8	0.93325
488.0	0.93834
488.2	0.94398
488.4	0.94798
488.6	0.95055
488.8	0.95033
489.0	0.94865
489.2	0.94654
489.4	0.94387
489.6	0.94155
489.8	0.94081
490.0	0.9414
490.2	0.94338
490.4	0.94669
490.6	0.94978
490.8	0.95267
491.0	0.95506
491.2	0.9557
491.4	0.95524
491.6	0.95359
491.8	0.95083
492.0	0.94776
492.2	0.94399
492.4	0.9411
492.6	0.93974
492.8	0.93978
493.0	0.93976
493.2	0.9415
493.4	0.94374
493.6	0.94652
493.8	0.94928
494.0	0.95258
494.2	0.95548
494.4	0.95733
494.6	0.95853
494.8	0.95851
495.0	0.95772
495.2	0.95649
495.4	0.95479
495.6	0.95339
495.8	0.95126
496.0	0.9494
496.2	0.9485
496.4	0.94773
496.6	0.94758
496.8	0.94816
497.0	0.9491
497.2	0.9499
497.4	0.95183
497.6	0.95367
497.8	0.95566
498.0	0.95679
498.2	0.95729
498.4	0.95857
498.6	0.95847
498.8	0.95857
499.0	0.95797
499.2	0.9566
499.4	0.95558
499.6	0.95465
499.8	0.95368
500.0	0.95262
500.2	0.95192
500.4	0.95159
500.6	0.9517
500.8	0.95195
501.0	0.9535
501.2	0.95415
501.4	0.95553
501.6	0.95707
501.8	0.95774
502.0	0.95895
502.2	0.95946
502.4	0.95958
502.6	0.9583
502.8	0.9577
503.0	0.95488
503.2	0.95342
503.4	0.95116
503.6	0.94999
503.8	0.94709
504.0	0.94436
504.2	0.94216
504.4	0.94127
504.6	0.94093
504.8	0.93944
505.0	0.94054
505.2	0.94216
505.4	0.94343
505.6	0.94443
505.8	0.94675
506.0	0.94897
506.2	0.95158
506.4	0.95308
506.6	0.95566
506.8	0.95728
507.0	0.95818
507.2	0.95882
507.4	0.95909
507.6	0.95863
507.8	0.9575
508.0	0.95679
508.2	0.95591
508.4	0.95406
508.6	0.95246
508.8	0.95134
509.0	0.95055
509.2	0.94965
509.4	0.94881
509.6	0.94942
509.8	0.9492
510.0	0.94925
510.2	0.95
510.4	0.95091
510.6	0.95175
510.8	0.95259
511.0	0.95362
511.2	0.95458
511.4	0.95569
511.6	0.95608
511.8	0.95579
512.0	0.95711
512.2	0.95692
512.4	0.95651
512.6	0.95718
512.8	0.95694
513.0	0.95666
513.2	0.95696
513.4	0.95644
513.6	0.95623
513.8	0.95637
514.0	0.95567
514.2	0.95466
514.4	0.95431
514.6	0.95416
514.8	0.95414
515.0	0.95331
515.2	0.95304
515.4	0.95246
515.6	0.95141
515.8	0.95096
516.0	0.95098
516.2	0.95058
516.4	0.95117
516.6	0.95074
516.8	0.95094
517.0	0.95052
517.2	0.95127
517.4	0.95167
517.6	0.95183
517.8	0.95278
518.0	0.95321
518.2	0.95404
518.4	0.95404
518.6	0.95443
518.8	0.95493
519.0	0.95484
519.2	0.95522
519.4	0.95493
519.6	0.95503
519.8	0.95529
520.0	0.955
520.2	0.95509
520.4	0.9549
520.6	0.9551
520.8	0.9549
521.0	0.95551
521.2	0.95568
521.4	0.95546
521.6	0.9563
521.8	0.95633
522.0	0.95645
522.2	0.95678
522.4	0.95673
522.6	0.95692
522.8	0.95676
523.0	0.95649
523.2	0.95637
523.4	0.95581
523.6	0.95561
523.8	0.95532
524.0	0.95491
524.2	0.95391
524.4	0.95319
524.6	0.95271
524.8	0.9518
525.0	0.95154
525.2	0.95099
525.4	0.95117
525.6	0.9508
525.8	0.95063
526.0	0.95104
526.2	0.95146
526.4	0.95173
526.6	0.95217
526.8	0.95331
527.0	0.95389
527.2	0.95435
527.4	0.95469
527.6	0.9548
527.8	0.95445
528.0	0.95399
528.2	0.95307
528.4	0.95126
528.6	0.94926
528.8	0.94738
529.0	0.94482
529.2	0.94239
529.4	0.94007
529.6	0.93837
529.8	0.93623
530.0	0.93475
530.2	0.93381
530.4	0.93306
530.6	0.93162
530.8	0.93074
531.0	0.92979
531.2	0.92799
531.4	0.92619
531.6	0.92517
531.8	0.92641
532.0	0.92994
532.2	0.93627
532.4	0.94276
532.6	0.94424
532.8	0.92645
533.0	0.86581
533.2	0.74945
533.4	0.58402
533.6	0.41281
533.8	0.26543
534.0	0.16618
534.2	0.10292
534.4	0.06418
534.6	0.0406
534.8	0.02624
535.0	0.01736
535.2	0.01244
535.4	0.00844
535.6	0.00581
535.8	0.00407
536.0	0.00289
536.2	0.00208
536.4	0.00152
536.6	0.00112
536.8	8.3368e-04
537.0	6.2572e-04
537.2	4.7312e-04
537.4	3.6304e-04
537.6	2.8214e-04
537.8	2.1747e-04
538.0	1.6251e-04
538.2	1.4251e-04
538.4	1.13e-04
538.6	9.065e-05
538.8	7.323e-05
539.0	5.9227e-05
539.2	4.8236e-05
539.4	3.9898e-05
539.6	3.2554e-05
539.8	2.7007e-05
540.0	2.2467e-05
540.2	1.8923e-05
540.4	1.5939e-05
540.6	1.3448e-05
540.8	1.1356e-05
541.0	9.6732e-06
541.2	8.2757e-06
541.4	7.0989e-06
541.6	6.1814e-06
541.8	5.3825e-06
542.0	4.7198e-06
542.2	4.1551e-06
542.4	3.6901e-06
542.6	3.2971e-06
542.8	2.9441e-06
543.0	2.6099e-06
543.2	2.3136e-06
543.4	2.0826e-06
543.6	1.897e-06
543.8	1.7114e-06
544.0	1.5324e-06
544.2	1.3739e-06
544.4	1.2679e-06
544.6	1.1701e-06
544.8	1.0733e-06
545.0	9.7934e-07
545.2	9.0248e-07
545.4	8.4042e-07
545.6	7.8262e-07
545.8	7.3881e-07
546.0	6.9769e-07
546.2	6.5523e-07
546.4	6.1137e-07
546.6	5.8768e-07
546.8	5.8542e-07
547.0	5.8316e-07
547.2	5.5603e-07
547.4	5.2881e-07
547.6	5.0362e-07
547.8	4.805e-07
548.0	4.4702e-07
548.2	3.9945e-07
548.4	3.5694e-07
548.6	3.5836e-07
548.8	3.6611e-07
549.0	3.7201e-07
549.2	3.7439e-07
549.4	3.704e-07
549.6	3.5528e-07
549.8	3.4077e-07
550.0	3.2391e-07
550.2	3.0738e-07
550.4	2.9338e-07
550.6	2.8325e-07
550.8	2.75e-07
551.0	2.7074e-07
551.2	2.6655e-07
551.4	2.7783e-07
551.6	2.9443e-07
551.8	3.0232e-07
552.0	2.8443e-07
552.2	2.7675e-07
552.4	2.9634e-07
552.6	3.1732e-07
552.8	3.2561e-07
553.0	3.2942e-07
553.2	3.3169e-07
553.4	3.2898e-07
553.6	3.3077e-07
553.8	3.5178e-07
554.0	3.7411e-07
554.2	3.9169e-07
554.4	4.0709e-07
554.6	4.1982e-07
554.8	4.1688e-07
555.0	4.1634e-07
555.2	4.3288e-07
555.4	4.5008e-07
555.6	4.7143e-07
555.8	4.9608e-07
556.0	5.2526e-07
556.2	5.8629e-07
556.4	6.5143e-07
556.6	6.9286e-07
556.8	7.3694e-07
557.0	7.9614e-07
557.2	8.6967e-07
557.4	9.4623e-07
557.6	9.8039e-07
557.8	1.0177e-06
558.0	1.1226e-06
558.2	1.2383e-06
558.4	1.337e-06
558.6	1.4153e-06
558.8	1.4983e-06
559.0	1.5949e-06
559.2	1.6973e-06
559.4	1.7111e-06
559.6	1.725e-06
559.8	1.7744e-06
560.0	1.8631e-06
560.2	1.9562e-06
560.4	1.9244e-06
560.6	1.8912e-06
560.8	1.8459e-06
561.0	1.801e-06
561.2	1.735e-06
561.4	1.6442e-06
561.6	1.5581e-06
561.8	1.5039e-06
562.0	1.4538e-06
562.2	1.4119e-06
562.4	1.3722e-06
562.6	1.3262e-06
562.8	1.2702e-06
563.0	1.2165e-06
563.2	1.1881e-06
563.4	1.164e-06
563.6	1.1479e-06
563.8	1.1336e-06
564.0	1.1118e-06
564.2	1.0742e-06
564.4	1.0379e-06
564.6	1.0261e-06
564.8	1.0202e-06
565.0	1.0429e-06
565.2	1.0752e-06
565.4	1.1039e-06
565.6	1.1192e-06
565.8	1.1348e-06
566.0	1.1607e-06
566.2	1.1909e-06
566.4	1.214e-06
566.6	1.2349e-06
566.8	1.2635e-06
567.0	1.3171e-06
567.2	1.373e-06
567.4	1.4429e-06
567.6	1.5208e-06
567.8	1.6101e-06
568.0	1.7079e-06
568.2	1.8055e-06
568.4	1.8801e-06
568.6	1.9578e-06
568.8	2.0406e-06
569.0	2.1278e-06
569.2	2.2128e-06
569.4	2.2977e-06
569.6	2.3701e-06
569.8	2.3341e-06
570.0	2.2986e-06
570.2	2.2737e-06
570.4	2.2551e-06
570.6	2.164e-06
570.8	2.0284e-06
571.0	1.907e-06
571.2	1.8553e-06
571.4	1.8049e-06
571.6	1.7037e-06
571.8	1.572e-06
572.0	1.4911e-06
572.2	1.4472e-06
572.4	1.4025e-06
572.6	1.3023e-06
572.8	1.2093e-06
573.0	1.132e-06
573.2	1.0672e-06
573.4	1.0268e-06
573.6	1.0082e-06
573.8	9.8985e-07
574.0	9.4958e-07
574.2	9.1073e-07
574.4	8.8941e-07
574.6	8.854e-07
574.8	8.7159e-07
575.0	8.4655e-07
575.2	8.2222e-07
575.4	8.2483e-07
575.6	8.29e-07
575.8	8.2568e-07
576.0	8.1295e-07
576.2	8.0886e-07
576.4	8.1962e-07
576.6	8.3052e-07
576.8	8.5459e-07
577.0	8.8157e-07
577.2	8.938e-07
577.4	8.7813e-07
577.6	8.8021e-07
577.8	9.2067e-07
578.0	9.6299e-07
578.2	1.0285e-06
578.4	1.1038e-06
578.6	1.1122e-06
578.8	1.0948e-06
579.0	1.1434e-06
579.2	1.1937e-06
579.4	1.2444e-06
579.6	1.2973e-06
579.8	1.0351e-06
580.0	7.1732e-07
580.2	7.1486e-07
580.4	7.5036e-07
580.6	7.8762e-07
580.8	8.2673e-07
581.0	8.6778e-07
581.2	9.1087e-07
581.4	9.561e-07
581.6	1.0036e-06
581.8	1.0534e-06
582.0	1.1057e-06
582.2	1.1238e-06
582.4	1.1354e-06
582.6	1.1472e-06
582.8	1.159e-06
583.0	1.171e-06
583.2	1.1831e-06
583.4	1.1954e-06
583.6	1.2078e-06
583.8	1.2202e-06
584.0	1.2329e-06
584.2	1.1735e-06
584.4	1.1025e-06
584.6	1.0357e-06
584.8	9.7303e-07
585.0	9.1413e-07
585.2	8.5879e-07
585.4	8.068e-07
585.6	7.5796e-07
585.8	7.1208e-07
586.0	6.6897e-07
586.2	6.6262e-07
586.4	6.6535e-07
586.6	6.6809e-07
586.8	6.7084e-07
587.0	6.7361e-07
587.2	6.7638e-07
587.4	6.7916e-07
587.6	6.8196e-07
587.8	6.8477e-07
588.0	6.8759e-07
588.2	6.9324e-07
588.4	6.9977e-07
588.6	7.0636e-07
588.8	7.1301e-07
589.0	7.1972e-07
589.2	7.265e-07
589.4	7.3334e-07
589.6	7.4024e-07
589.8	7.4721e-07
590.0	7.5425e-07
590.2	8.0093e-07
590.4	8.5375e-07
590.6	9.1005e-07
590.8	9.7006e-07
591.0	1.034e-06
591.2	1.1022e-06
591.4	1.1749e-06
591.6	1.2524e-06
591.8	1.335e-06
592.0	1.423e-06
592.2	1.4765e-06
592.4	1.5239e-06
592.6	1.5729e-06
592.8	1.6234e-06
593.0	1.6755e-06
593.2	1.7293e-06
593.4	1.7848e-06
593.6	1.8421e-06
593.8	1.9012e-06
594.0	1.9623e-06
594.2	1.9907e-06
594.4	2.0116e-06
594.6	2.0328e-06
594.8	2.0542e-06
595.0	2.0758e-06
595.2	2.0976e-06
595.4	2.1197e-06
595.6	2.142e-06
595.8	2.1645e-06
596.0	2.1873e-06
596.2	2.1724e-06
596.4	2.1484e-06
596.6	2.1246e-06
596.8	2.1011e-06
597.0	2.0779e-06
597.2	2.0549e-06
597.4	2.0322e-06
597.6	2.0097e-06
597.8	1.9875e-06
598.0	1.9655e-06
598.2	1.8773e-06
598.4	1.776e-06
598.6	1.6802e-06
598.8	1.5896e-06
599.0	1.5038e-06
599.2	1.4227e-06
599.4	1.3459e-06
599.6	1.2733e-06
599.8	1.2046e-06
600.0	1.1397e-06
600.2	1.1035e-06
600.4	1.0701e-06
600.6	1.0378e-06
600.8	1.0064e-06
601.0	9.7591e-07
601.2	9.4638e-07
601.4	9.1775e-07
601.6	8.8998e-07
601.8	8.6305e-07
602.0	8.3694e-07
602.2	7.3803e-07
602.4	6.4082e-07
602.6	5.5641e-07
602.8	4.8312e-07
603.0	4.1949e-07
603.2	3.6423e-07
603.4	3.1626e-07
603.6	2.746e-07
603.8	2.3843e-07
604.0	2.0703e-07
604.2	1.9837e-07
604.4	1.9354e-07
604.6	1.8883e-07
604.8	1.8424e-07
605.0	1.7976e-07
605.2	1.7538e-07
605.4	1.7111e-07
605.6	1.6695e-07
605.8	1.6289e-07
606.0	1.5892e-07
606.2	1.1539e-07
606.4	7.9034e-08
606.6	5.4131e-08
606.8	3.7075e-08
607.0	2.5393e-08
607.2	1.7392e-08
607.4	1.1912e-08
607.6	8.1587e-09
607.8	5.588e-09
608.0	3.8273e-09
608.2	4.3862e-09
608.4	5.5858e-09
608.6	7.1134e-09
608.8	9.0588e-09
609.0	1.1536e-08
609.2	1.4691e-08
609.4	1.8709e-08
609.6	2.3825e-08
609.8	3.0341e-08
610.0	3.8639e-08
610.2	4.0568e-08
610.4	4.1837e-08
610.6	4.3146e-08
610.8	4.4495e-08
611.0	4.5886e-08
611.2	4.7321e-08
611.4	4.8801e-08
611.6	5.0328e-08
611.8	5.1902e-08
612.0	5.3525e-08
612.2	6.5317e-08
612.4	8.2605e-08
612.6	1.0447e-07
612.8	1.3212e-07
613.0	1.6709e-07
613.2	2.1131e-07
613.4	2.6724e-07
613.6	3.3798e-07
613.8	4.2743e-07
614.0	5.4056e-07
614.2	5.7151e-07
614.4	5.8015e-07
614.6	5.8893e-07
614.8	5.9783e-07
615.0	6.0687e-07
615.2	6.1605e-07
615.4	6.2537e-07
615.6	6.3482e-07
615.8	6.4442e-07
616.0	6.5417e-07
616.2	4.3031e-07
616.4	2.5567e-07
616.6	1.519e-07
616.8	9.0252e-08
617.0	5.3623e-08
617.2	3.186e-08
617.4	1.8929e-08
617.6	1.1247e-08
617.8	6.6822e-09
618.0	3.9702e-09
618.2	3.5936e-09
618.4	3.5904e-09
618.6	3.5871e-09
618.8	3.5838e-09
619.0	3.5806e-09
619.2	3.5773e-09
619.4	3.5741e-09
619.6	3.5708e-09
619.8	3.5676e-09
620.0	3.5644e-09
620.2	3.5623e-09
620.4	3.5603e-09
620.6	3.5584e-09
620.8	3.5565e-09
621.0	3.5545e-09
621.2	3.5526e-09
621.4	3.5507e-09
621.6	3.5487e-09
621.8	3.5468e-09
622.0	3.5449e-09
622.2	3.5455e-09
622.4	3.5468e-09
622.6	3.5481e-09
622.8	3.5495e-09
623.0	3.5508e-09
623.2	3.5521e-09
623.4	3.5534e-09
623.6	3.5547e-09
623.8	3.556e-09
624.0	3.5574e-09
624.2	3.5554e-09
624.4	3.5527e-09
624.6	3.55e-09
624.8	3.5473e-09
625.0	3.5446e-09
625.2	3.5419e-09
625.4	3.5391e-09
625.6	3.5364e-09
625.8	3.5337e-09
626.0	3.531e-09
626.2	3.5279e-09
626.4	3.5247e-09
626.6	3.5215e-09
626.8	3.5183e-09
627.0	3.5151e-09
627.2	3.5119e-09
627.4	3.5087e-09
627.6	3.5055e-09
627.8	3.5024e-09
628.0	3.4992e-09
628.2	3.4971e-09
628.4	3.4954e-09
628.6	3.4936e-09
628.8	3.4918e-09
629.0	3.49e-09
629.2	3.4883e-09
629.4	3.4865e-09
629.6	3.4847e-09
629.8	3.4829e-09
630.0	3.4812e-09
630.2	3.4798e-09
630.4	3.4784e-09
630.6	3.477e-09
630.8	3.4756e-09
631.0	3.4743e-09
631.2	3.4729e-09
631.4	3.4715e-09
631.6	3.4701e-09
631.8	3.4688e-09
632.0	3.4674e-09
632.2	3.7973e-09
632.4	4.2398e-09
632.6	4.734e-09
632.8	5.2857e-09
633.0	5.9018e-09
633.2	6.5896e-09
633.4	7.3576e-09
633.6	8.2151e-09
633.8	9.1726e-09
634.0	1.0242e-08
634.2	9.5259e-09
634.4	8.5348e-09
634.6	7.6469e-09
634.8	6.8513e-09
635.0	6.1384e-09
635.2	5.4998e-09
635.4	4.9276e-09
635.6	4.4149e-09
635.8	3.9556e-09
636.0	3.544e-09
636.2	4.5008e-09
636.4	6.1085e-09
636.6	8.2906e-09
636.8	1.1252e-08
637.0	1.5272e-08
637.2	2.0727e-08
637.4	2.8131e-08
637.6	3.818e-08
637.8	5.1818e-08
638.0	7.0328e-08
638.2	5.7782e-08
638.4	4.345e-08
638.6	3.2672e-08
638.8	2.4568e-08
639.0	1.8474e-08
639.2	1.3892e-08
639.4	1.0446e-08
639.6	7.8552e-09
639.8	5.9068e-09
640.0	4.4416e-09
640.2	3.8674e-09
640.4	4.4354e-09
640.6	5.0868e-09
640.8	5.8339e-09
641.0	6.6908e-09
641.2	7.6734e-09
641.4	8.8004e-09
641.6	1.0093e-08
641.8	1.1575e-08
642.0	1.3275e-08
642.2	1.2956e-08
642.4	1.2082e-08
642.6	1.1267e-08
642.8	1.0507e-08
643.0	9.7978e-09
643.2	9.1368e-09
643.4	8.5204e-09
643.6	7.9455e-09
643.8	7.4095e-09
644.0	6.9096e-09
644.2	6.4463e-09
644.4	6.0148e-09
644.6	5.6122e-09
644.8	5.2366e-09
645.0	4.8861e-09
645.2	4.559e-09
645.4	4.2538e-09
645.6	3.9691e-09
645.8	3.7034e-09
646.0	3.4555e-09
646.2	3.4081e-09
646.4	3.4068e-09
646.6	3.4055e-09
646.8	3.4041e-09
647.0	3.4028e-09
647.2	3.4015e-09
647.4	3.4002e-09
647.6	3.3988e-09
647.8	3.3975e-09
648.0	3.3962e-09
648.2	3.3921e-09
648.4	3.3873e-09
648.6	3.3826e-09
648.8	3.3779e-09
649.0	3.3732e-09
649.2	3.3685e-09
649.4	3.3638e-09
649.6	3.3592e-09
649.8	3.3545e-09
650.0	3.3498e-09
650.2	9.2141e-09
650.4	8.2476e-09
650.6	7.3825e-09
650.8	6.6081e-09
651.0	5.915e-09
651.2	5.2945e-09
651.4	4.7392e-09
651.6	4.2421e-09
651.8	3.7971e-09
652.0	3.3988e-09
652.2	3.3254e-09
652.4	3.3292e-09
652.6	3.3329e-09
652.8	3.3366e-09
653.0	3.3404e-09
653.2	3.3441e-09
653.4	3.3479e-09
653.6	3.3517e-09
653.8	3.3554e-09
654.0	3.3592e-09
654.2	3.3625e-09
654.4	3.3656e-09
654.6	3.3688e-09
654.8	3.372e-09
655.0	3.3751e-09
655.2	3.3783e-09
655.4	3.3815e-09
655.6	3.3847e-09
655.8	3.3879e-09
656.0	3.3911e-09
656.2	3.8803e-09
656.4	4.5592e-09
656.6	5.3569e-09
656.8	6.2941e-09
657.0	7.3952e-09
657.2	8.689e-09
657.4	1.0209e-08
657.6	1.1995e-08
657.8	1.4094e-08
658.0	1.656e-08
658.2	1.4775e-08
658.4	1.2605e-08
658.6	1.0754e-08
658.8	9.1741e-09
659.0	7.8267e-09
659.2	6.6772e-09
659.4	5.6965e-09
659.6	4.8598e-09
659.8	4.146e-09
660.0	3.5371e-09
660.2	6.1124e-08
660.4	5.0329e-08
660.6	4.144e-08
660.8	3.4121e-08
661.0	2.8095e-08
661.2	2.3133e-08
661.4	1.9047e-08
661.6	1.5683e-08
661.8	1.2913e-08
662.0	1.0633e-08
662.2	9.3441e-09
662.4	8.3778e-09
662.6	7.5113e-09
662.8	6.7345e-09
663.0	6.038e-09
663.2	5.4135e-09
663.4	4.8536e-09
663.6	4.3517e-09
663.8	3.9016e-09
664.0	3.4981e-09
664.2	3.8142e-09
664.4	4.3809e-09
664.6	5.0319e-09
664.8	5.7795e-09
665.0	6.6383e-09
665.2	7.6246e-09
665.4	8.7576e-09
665.6	1.0059e-08
665.8	1.1553e-08
666.0	1.327e-08
666.2	1.2154e-08
666.4	1.0574e-08
666.6	9.1997e-09
666.8	8.0039e-09
667.0	6.9636e-09
667.2	6.0584e-09
667.4	5.2709e-09
667.6	4.5858e-09
667.8	3.9897e-09
668.0	3.4712e-09
668.2	3.3986e-09
668.4	3.4004e-09
668.6	3.4022e-09
668.8	3.404e-09
669.0	3.4058e-09
669.2	3.4076e-09
669.4	3.4094e-09
669.6	3.4112e-09
669.8	3.413e-09
670.0	3.4148e-09
670.2	4.2365e-09
670.4	5.5971e-09
670.6	7.3949e-09
670.8	9.77e-09
671.0	1.2908e-08
671.2	1.7054e-08
671.4	2.2531e-08
671.6	2.9768e-08
671.8	3.9329e-08
672.0	5.1961e-08
672.2	6.3476e-08
672.4	7.5799e-08
672.6	9.0515e-08
672.8	1.0809e-07
673.0	1.2907e-07
673.2	1.5413e-07
673.4	1.8406e-07
673.6	2.1979e-07
673.8	2.6246e-07
674.0	3.1341e-07
674.2	3.498e-07
674.4	3.8426e-07
674.6	4.2211e-07
674.8	4.637e-07
675.0	5.0938e-07
675.2	5.5957e-07
675.4	6.147e-07
675.6	6.7526e-07
675.8	7.4178e-07
676.0	8.1486e-07
676.2	8.1669e-07
676.4	8.0487e-07
676.6	7.9322e-07
676.8	7.8173e-07
677.0	7.7041e-07
677.2	7.5926e-07
677.4	7.4827e-07
677.6	7.3743e-07
677.8	7.2676e-07
678.0	7.1624e-07
678.2	7.1712e-07
678.4	7.1956e-07
678.6	7.22e-07
678.8	7.2445e-07
679.0	7.2691e-07
679.2	7.2938e-07
679.4	7.3186e-07
679.6	7.3435e-07
679.8	7.3684e-07
680.0	7.3934e-07
680.2	1.1317e-06
680.4	1.1739e-06
680.6	1.2176e-06
680.8	1.263e-06
681.0	1.3101e-06
681.2	1.359e-06
681.4	1.4097e-06
681.6	1.4622e-06
681.8	1.5168e-06
682.0	1.5733e-06
682.2	1.6181e-06
682.4	1.6593e-06
682.6	1.7015e-06
682.8	1.7448e-06
683.0	1.7892e-06
683.2	1.8347e-06
683.4	1.8814e-06
683.6	1.9292e-06
683.8	1.9783e-06
684.0	2.0286e-06
684.2	2.0516e-06
684.4	2.0668e-06
684.6	2.0821e-06
684.8	2.0976e-06
685.0	2.1131e-06
685.2	2.1287e-06
685.4	2.1445e-06
685.6	2.1604e-06
685.8	2.1764e-06
686.0	2.1925e-06
686.2	2.1913e-06
686.4	2.1865e-06
686.6	2.1816e-06
686.8	2.1768e-06
687.0	2.172e-06
687.2	2.1672e-06
687.4	2.1624e-06
687.6	2.1576e-06
687.8	2.1528e-06
688.0	2.1481e-06
688.2	2.1214e-06
688.4	2.0918e-06
688.6	2.0625e-06
688.8	2.0337e-06
689.0	2.0052e-06
689.2	1.9772e-06
689.4	1.9495e-06
689.6	1.9222e-06
689.8	1.8954e-06
690.0	1.8688e-06
690.2	2.0426e-06
690.4	2.0607e-06
690.6	2.079e-06
690.8	2.0975e-06
691.0	2.1161e-06
691.2	2.1349e-06
691.4	2.1538e-06
691.6	2.173e-06
691.8	2.1922e-06
692.0	2.2117e-06
692.2	2.2169e-06
692.4	2.2174e-06
692.6	2.2178e-06
692.8	2.2182e-06
693.0	2.2187e-06
693.2	2.2191e-06
693.4	2.2196e-06
693.6	2.22e-06
693.8	2.2204e-06
694.0	2.2209e-06
694.2	2.2198e-06
694.4	2.2184e-06
694.6	2.217e-06
694.8	2.2156e-06
695.0	2.2142e-06
695.2	2.2128e-06
695.4	2.2114e-06
695.6	2.21e-06
695.8	2.2086e-06
696.0	2.2072e-06
696.2	2.1791e-06
696.4	2.1465e-06
696.6	2.1144e-06
696.8	2.0828e-06
697.0	2.0516e-06
697.2	2.0209e-06
697.4	1.9907e-06
697.6	1.9609e-06
697.8	1.9316e-06
698.0	1.9027e-06
698.2	1.8361e-06
698.4	1.7675e-06
698.6	1.7015e-06
698.8	1.638e-06
699.0	1.5768e-06
699.2	1.5179e-06
699.4	1.4613e-06
699.6	1.4067e-06
699.8	1.3542e-06
700.0	1.3036e-06
700.2	1.3685e-06
700.4	1.3233e-06
700.6	1.2796e-06
700.8	1.2373e-06
701.0	1.1964e-06
701.2	1.1569e-06
701.4	1.1187e-06
701.6	1.0817e-06
701.8	1.046e-06
702.0	1.0114e-06
702.2	9.8385e-07
702.4	9.589e-07
702.6	9.3459e-07
702.8	9.1089e-07
703.0	8.8779e-07
703.2	8.6528e-07
703.4	8.4334e-07
703.6	8.2196e-07
703.8	8.0111e-07
704.0	7.808e-07
704.2	7.5753e-07
704.4	7.3413e-07
704.6	7.1146e-07
704.8	6.8949e-07
705.0	6.682e-07
705.2	6.4756e-07
705.4	6.2756e-07
705.6	6.0818e-07
705.8	5.894e-07
706.0	5.712e-07
706.2	5.712e-07
706.4	5.7413e-07
706.6	5.7707e-07
706.8	5.8002e-07
707.0	5.8299e-07
707.2	5.8598e-07
707.4	5.8898e-07
707.6	5.92e-07
707.8	5.9503e-07
708.0	5.9808e-07
708.2	5.8405e-07
708.4	5.6892e-07
708.6	5.5418e-07
708.8	5.3982e-07
709.0	5.2583e-07
709.2	5.1221e-07
709.4	4.9894e-07
709.6	4.8601e-07
709.8	4.7342e-07
710.0	4.6115e-07
710.2	4.4834e-07
710.4	4.5059e-07
710.6	4.5285e-07
710.8	4.5512e-07
711.0	4.574e-07
711.2	4.5969e-07
711.4	4.62e-07
711.6	4.6432e-07
711.8	4.6664e-07
712.0	4.6898e-07
712.2	4.6697e-07
712.4	4.6352e-07
712.6	4.6009e-07
712.8	4.5669e-07
713.0	4.5332e-07
713.2	4.4997e-07
713.4	4.4664e-07
713.6	4.4334e-07
713.8	4.4007e-07
714.0	4.3681e-07
714.2	4.4384e-07
714.4	4.5347e-07
714.6	4.633e-07
714.8	4.7335e-07
715.0	4.8361e-07
715.2	4.941e-07
715.4	5.0481e-07
715.6	5.1576e-07
715.8	5.2694e-07
716.0	5.3837e-07
716.2	5.4167e-07
716.4	5.4374e-07
716.6	5.4583e-07
716.8	5.4792e-07
717.0	5.5002e-07
717.2	5.5212e-07
717.4	5.5424e-07
717.6	5.5636e-07
717.8	5.5849e-07
718.0	5.6063e-07
718.2	5.6142e-07
718.4	5.621e-07
718.6	5.6279e-07
718.8	5.6347e-07
719.0	5.6416e-07
719.2	5.6485e-07
719.4	5.6554e-07
719.6	5.6622e-07
719.8	5.6691e-07
720.0	5.6761e-07
720.2	5.8139e-07
720.4	5.9757e-07
720.6	6.142e-07
720.8	6.3129e-07
721.0	6.4885e-07
721.2	6.6691e-07
721.4	6.8547e-07
721.6	7.0454e-07
721.8	7.2414e-07
722.0	7.4429e-07
722.2	7.652e-07
722.4	7.8677e-07
722.6	8.0896e-07
722.8	8.3177e-07
723.0	8.5522e-07
723.2	8.7933e-07
723.4	9.0413e-07
723.6	9.2962e-07
723.8	9.5584e-07
724.0	9.8279e-07
724.2	1.0314e-06
724.4	1.0888e-06
724.6	1.1494e-06
724.8	1.2134e-06
725.0	1.2809e-06
725.2	1.3522e-06
725.4	1.4275e-06
725.6	1.507e-06
725.8	1.5909e-06
726.0	1.6794e-06
726.2	1.7839e-06
726.4	1.8971e-06
726.6	2.0175e-06
726.8	2.1455e-06
727.0	2.2817e-06
727.2	2.4264e-06
727.4	2.5804e-06
727.6	2.7441e-06
727.8	2.9183e-06
728.0	3.1035e-06
728.2	3.3602e-06
728.4	3.6447e-06
728.6	3.9532e-06
728.8	4.2879e-06
729.0	4.6509e-06
729.2	5.0446e-06
729.4	5.4717e-06
729.6	5.9349e-06
729.8	6.4373e-06
730.0	6.9823e-06
730.2	8.0277e-06
730.4	9.2296e-06
730.6	1.0614e-05
730.8	1.2226e-05
731.0	1.4081e-05
731.2	1.6218e-05
731.4	1.868e-05
731.6	2.1703e-05
731.8	2.6166e-05
732.0	3.1547e-05
732.2	3.8035e-05
732.4	4.5856e-05
732.6	5.5845e-05
732.8	7.0406e-05
733.0	8.8764e-05
733.2	1.1191e-04
733.4	1.4109e-04
733.6	1.7165e-04
733.8	1.8868e-04
734.0	2.074e-04
734.2	2.2798e-04
734.4	2.506e-04
734.6	2.5681e-04
734.8	2.2344e-04
735.0	1.9441e-04
735.2	1.6916e-04
735.4	1.4718e-04
735.6	1.2803e-04
735.8	1.1134e-04
736.0	9.6819e-05
736.2	8.4193e-05
736.4	7.3214e-05
736.6	6.4862e-05
736.8	5.9312e-05
737.0	5.4237e-05
737.2	4.9596e-05
737.4	4.5353e-05
737.6	4.2189e-05
737.8	4.0226e-05
738.0	3.8354e-05
738.2	3.6569e-05
738.4	3.4868e-05
738.6	3.355e-05
738.8	3.2643e-05
739.0	3.1761e-05
739.2	3.0903e-05
739.4	3.0068e-05
739.6	2.8929e-05
739.8	2.751e-05
740.0	2.616e-05
740.2	2.5106e-05
740.4	2.5447e-05
740.6	2.5792e-05
740.8	2.6142e-05
741.0	2.6497e-05
741.2	2.6857e-05
741.4	2.7221e-05
741.6	2.759e-05
741.8	2.7965e-05
742.0	2.8344e-05
742.2	2.8661e-05
742.4	2.8951e-05
742.6	2.9243e-05
742.8	2.9538e-05
743.0	2.9836e-05
743.2	3.0137e-05
743.4	3.0442e-05
743.6	3.0749e-05
743.8	3.1059e-05
744.0	3.1373e-05
744.2	3.1453e-05
744.4	3.146e-05
744.6	3.1467e-05
744.8	3.1474e-05
745.0	3.1481e-05
745.2	3.1488e-05
745.4	3.1495e-05
745.6	3.1502e-05
745.8	3.1509e-05
746.0	3.1516e-05
746.2	3.1222e-05
746.4	3.0877e-05
746.6	3.0536e-05
746.8	3.0199e-05
747.0	2.9865e-05
747.2	2.9535e-05
747.4	2.9209e-05
747.6	2.8887e-05
747.8	2.8567e-05
748.0	2.8252e-05
748.2	2.7643e-05
748.4	2.7023e-05
748.6	2.6417e-05
748.8	2.5825e-05
749.0	2.5246e-05
749.2	2.468e-05
749.4	2.4127e-05
749.6	2.3586e-05
749.8	2.3058e-05
750.0	2.2553e-05
750.2	2.285e-05
750.4	2.3151e-05
750.6	2.3456e-05
750.8	2.3765e-05
751.0	2.367e-05
751.2	2.3536e-05
751.4	2.3402e-05
751.6	2.3269e-05
751.8	2.3137e-05
752.0	2.3006e-05
752.2	2.2875e-05
752.4	2.2745e-05
752.6	2.2616e-05
752.8	2.2778e-05
753.0	2.3006e-05
753.2	2.3237e-05
753.4	2.347e-05
753.6	2.3705e-05
753.8	2.3943e-05
754.0	2.4183e-05
754.2	2.4425e-05
754.4	2.467e-05
754.6	2.5166e-05
754.8	2.5766e-05
755.0	2.6382e-05
755.2	2.7011e-05
755.4	2.7656e-05
755.6	2.8316e-05
755.8	2.8992e-05
756.0	2.9684e-05
756.2	3.0392e-05
756.4	3.1446e-05
756.6	3.2725e-05
756.8	3.4056e-05
757.0	3.5441e-05
757.2	3.6882e-05
757.4	3.8382e-05
757.6	3.9943e-05
757.8	4.1568e-05
758.0	4.3258e-05
758.2	4.5329e-05
758.4	4.7756e-05
758.6	5.0313e-05
758.8	5.3007e-05
759.0	5.5845e-05
759.2	5.8836e-05
759.4	6.1986e-05
759.6	6.5305e-05
759.8	6.8802e-05
760.0	7.2486e-05
760.2	7.9052e-05
760.4	8.5385e-05
760.6	9.2624e-05
760.8	9.966e-05
761.0	1.0659e-04
761.2	1.1746e-04
761.4	1.3025e-04
761.6	1.4432e-04
761.8	1.6008e-04
762.0	1.7801e-04
762.2	2.0077e-04
762.4	2.2364e-04
762.6	2.5716e-04
762.8	2.9464e-04
763.0	3.3971e-04
763.2	3.9687e-04
763.4	4.6474e-04
763.6	5.4972e-04
763.8	6.6318e-04
764.0	7.9906e-04
764.2	9.9207e-04
764.4	0.00124
764.6	0.00159
764.8	0.00203
765.0	0.00262
765.2	0.00337
765.4	0.0042
765.6	0.00491
765.8	0.00524
766.0	0.00504
766.2	0.00444
766.4	0.00372
766.6	0.00303
766.8	0.00247
767.0	0.00203
767.2	0.00168
767.4	0.00141
767.6	0.00121
767.8	0.00104
768.0	9.1514e-04
768.2	8.113e-04
768.4	7.2925e-04
768.6	6.5534e-04
768.8	5.9107e-04
769.0	5.4592e-04
769.2	5.072e-04
769.4	4.6574e-04
769.6	4.3876e-04
769.8	4.0997e-04
770.0	3.5869e-04
770.2	3.6079e-04
770.4	3.6289e-04
770.6	3.6323e-04
770.8	3.5021e-04
771.0	3.3766e-04
771.2	3.2555e-04
771.4	3.1388e-04
771.6	3.0325e-04
771.8	2.9614e-04
772.0	2.8919e-04
772.2	2.824e-04
772.4	2.7578e-04
772.6	2.7001e-04
772.8	2.6694e-04
773.0	2.6392e-04
773.2	2.6092e-04
773.4	2.5796e-04
773.6	2.5534e-04
773.8	2.5361e-04
774.0	2.5188e-04
774.2	2.5017e-04
774.4	2.4847e-04
774.6	2.4731e-04
774.8	2.4736e-04
775.0	2.474e-04
775.2	2.4745e-04
775.4	2.475e-04
775.6	2.4802e-04
775.8	2.4941e-04
776.0	2.5081e-04
776.2	2.5221e-04
776.4	2.5363e-04
776.6	2.5518e-04
776.8	2.5693e-04
777.0	2.587e-04
777.2	2.6048e-04
777.4	2.6227e-04
777.6	2.6457e-04
777.8	2.6749e-04
778.0	2.7044e-04
778.2	2.7343e-04
778.4	2.7644e-04
778.6	2.7984e-04
778.8	2.8361e-04
779.0	2.8743e-04
779.2	2.913e-04
779.4	2.9523e-04
779.6	2.9817e-04
779.8	3.0033e-04
780.0	3.0251e-04
780.2	3.0852e-04
780.4	3.1412e-04
780.6	3.1873e-04
780.8	3.2341e-04
781.0	3.2822e-04
781.2	3.3312e-04
781.4	3.3859e-04
781.6	3.45e-04
781.8	3.5153e-04
782.0	3.579e-04
782.2	3.6435e-04
782.4	3.7087e-04
782.6	3.7745e-04
782.8	3.8414e-04
783.0	3.9128e-04
783.2	3.9856e-04
783.4	4.069e-04
783.6	4.1641e-04
783.8	4.2615e-04
784.0	4.3537e-04
784.2	4.4478e-04
784.4	4.549e-04
784.6	4.6569e-04
784.8	4.7507e-04
785.0	4.5889e-04
785.2	4.782e-04
785.4	4.9757e-04
785.6	5.0266e-04
785.8	5.2854e-04
786.0	5.3631e-04
786.2	5.5109e-04
786.4	5.7177e-04
786.6	5.8063e-04
786.8	6.1612e-04
787.0	6.2922e-04
787.2	6.4757e-04
787.4	6.6473e-04
787.6	6.8742e-04
787.8	7.3014e-04
788.0	7.3891e-04
788.2	7.7092e-04
788.4	8.075e-04
788.6	8.3811e-04
788.8	8.8657e-04
789.0	9.1449e-04
789.2	9.7295e-04
789.4	0.00101
789.6	0.00106
789.8	0.00113
790.0	0.00121
790.2	0.00123
790.4	0.0013
790.6	0.00137
790.8	0.00145
791.0	0.00155
791.2	0.00165
791.4	0.00175
791.6	0.00187
791.8	0.002
792.0	0.00214
792.2	0.00229
792.4	0.00246
792.6	0.00267
792.8	0.00288
793.0	0.00309
793.2	0.00337
793.4	0.00367
793.6	0.004
793.8	0.00438
794.0	0.0048
794.2	0.00528
794.4	0.00583
794.6	0.00648
794.8	0.00723
795.0	0.008
795.2	0.00881
795.4	0.00969
795.6	0.01066
795.8	0.012
796.0	0.01374
796.2	0.01587
796.4	0.01844
796.6	0.02161
796.8	0.02551
797.0	0.03048
797.2	0.03687
797.4	0.0451
797.6	0.05603
797.8	0.07059
798.0	0.09063
798.2	0.11867
798.4	0.15864
798.6	0.21511
798.8	0.29363
799.0	0.39354
799.2	0.4969
799.4	0.55979
799.6	0.55037
799.8	0.47984
800.0	0.38997
800.2	0.30907
800.4	0.24549
800.6	0.19818
800.8	0.16299
801.0	0.13681
801.2	0.11684
801.4	0.10147
801.6	0.08941
801.8	0.07981
802.0	0.07197
802.2	0.06568
802.4	0.06046
802.6	0.05614
802.8	0.0525
803.0	0.04946
803.2	0.04691
803.4	0.0447
803.6	0.04283
803.8	0.04125
804.0	0.03992
804.2	0.03878
804.4	0.03792
804.6	0.03713
804.8	0.0365
805.0	0.03597
805.2	0.03568
805.4	0.03539
805.6	0.0351
805.8	0.03493
806.0	0.03495
806.2	0.03498
806.4	0.03516
806.6	0.03543
806.8	0.03577
807.0	0.03616
807.2	0.03661
807.4	0.03712
807.6	0.03776
807.8	0.0385
808.0	0.03927
808.2	0.0401
808.4	0.04104
808.6	0.04209
808.8	0.04317
809.0	0.04442
809.2	0.04573
809.4	0.04719
809.6	0.04869
809.8	0.05024
810.0	0.0521
810.2	0.05397
810.4	0.05595
810.6	0.05804
810.8	0.06028
811.0	0.06281
811.2	0.06537
811.4	0.06816
811.6	0.07112
811.8	0.07434
812.0	0.07778
812.2	0.08136
812.4	0.08526
812.6	0.08935
812.8	0.09379
813.0	0.09859
813.2	0.10369
813.4	0.10911
813.6	0.11493
813.8	0.12118
814.0	0.12788
814.2	0.13505
814.4	0.14279
814.6	0.15117
814.8	0.15998
815.0	0.16954
815.2	0.17964
815.4	0.19035
815.6	0.20169
815.8	0.21408
816.0	0.22768
816.2	0.24237
816.4	0.25791
816.6	0.27467
816.8	0.29256
817.0	0.31156
817.2	0.3318
817.4	0.3531
817.6	0.37507
817.8	0.39806
818.0	0.42167
818.2	0.44567
818.4	0.46946
818.6	0.49291
818.8	0.51534
819.0	0.53631
819.2	0.55501
819.4	0.57086
819.6	0.58323
819.8	0.59153
820.0	0.59617
820.2	0.59622
820.4	0.59209
820.6	0.58397
820.8	0.57265
821.0	0.55803
821.2	0.54102
821.4	0.52215
821.6	0.50185
821.8	0.48109
822.0	0.45961
822.2	0.43884
822.4	0.41783
822.6	0.39779
822.8	0.37814
823.0	0.35981
823.2	0.34205
823.4	0.32539
823.6	0.30994
823.8	0.29555
824.0	0.2819
824.2	0.26939
824.4	0.2577
824.6	0.24677
824.8	0.2365
825.0	0.22737
825.2	0.21968
825.4	0.21225
825.6	0.20507
825.8	0.19814
826.0	0.19185
826.2	0.18589
826.4	0.18056
826.6	0.17555
826.8	0.17096
827.0	0.16657
827.2	0.16276
827.4	0.15908
827.6	0.15578
827.8	0.15285
828.0	0.15007
828.2	0.14758
828.4	0.14538
828.6	0.14338
828.8	0.1417
829.0	0.14009
829.2	0.13871
829.4	0.13746
829.6	0.13644
829.8	0.13569
830.0	0.13485
830.2	0.13436
830.4	0.13386
830.6	0.13363
830.8	0.13349
831.0	0.13347
831.2	0.13365
831.4	0.13407
831.6	0.13446
831.8	0.13503
832.0	0.13579
832.2	0.13673
832.4	0.13769
832.6	0.1388
832.8	0.14007
833.0	0.1415
833.2	0.14302
833.4	0.14476
833.6	0.14647
833.8	0.14832
834.0	0.15038
834.2	0.15251
834.4	0.15479
834.6	0.15733
834.8	0.15985
835.0	0.16261
835.2	0.16511
835.4	0.16765
835.6	0.17023
835.8	0.17314
836.0	0.17662
836.2	0.17994
836.4	0.18359
836.6	0.18734
836.8	0.19117
837.0	0.19532
837.2	0.19953
837.4	0.20375
837.6	0.20818
837.8	0.21274
838.0	0.21733
838.2	0.22214
838.4	0.22695
838.6	0.23206
838.8	0.23732
839.0	0.24246
839.2	0.24776
839.4	0.25325
839.6	0.25871
839.8	0.26431
840.0	0.26987
840.2	0.27585
840.4	0.28139
840.6	0.28716
840.8	0.29339
841.0	0.29931
841.2	0.30533
841.4	0.31173
841.6	0.31795
841.8	0.32425
842.0	0.33059
842.2	0.33722
842.4	0.34368
842.6	0.35041
842.8	0.35715
843.0	0.36388
843.2	0.37066
843.4	0.37791
843.6	0.38489
843.8	0.39237
844.0	0.39963
844.2	0.40726
844.4	0.41466
844.6	0.42252
844.8	0.43085
845.0	0.43899
845.2	0.44856
845.4	0.45834
845.6	0.46833
845.8	0.47764
846.0	0.48669
846.2	0.49602
846.4	0.50578
846.6	0.5155
846.8	0.52527
847.0	0.53551
847.2	0.54585
847.4	0.55653
847.6	0.56734
847.8	0.57838
848.0	0.58986
848.2	0.60129
848.4	0.61316
848.6	0.62484
848.8	0.63676
849.0	0.64866
849.2	0.66104
849.4	0.67334
849.6	0.68557
849.8	0.69744
850.0	0.70946
850.2	0.72153
850.4	0.73328
850.6	0.74486
850.8	0.75603
851.0	0.76694
851.2	0.77799
851.4	0.7882
851.6	0.79876
851.8	0.80796
852.0	0.817
852.2	0.82535
852.4	0.83321
852.6	0.84022
852.8	0.84683
853.0	0.85246
853.2	0.85778
853.4	0.86216
853.6	0.86564
853.8	0.86829
854.0	0.8704
854.2	0.87172
854.4	0.87206
854.6	0.87171
854.8	0.87085
855.0	0.86939
855.2	0.86577
855.4	0.86216
855.6	0.85857
855.8	0.85462
856.0	0.84993
856.2	0.84504
856.4	0.83927
856.6	0.83334
856.8	0.82721
857.0	0.82084
857.2	0.81409
857.4	0.80727
857.6	0.80028
857.8	0.79292
858.0	0.78525
858.2	0.77799
858.4	0.77057
858.6	0.76279
858.8	0.75532
859.0	0.74793
859.2	0.74028
859.4	0.73269
859.6	0.72493
859.8	0.71706
860.0	0.70997
860.2	0.70268
860.4	0.69498
860.6	0.68778
860.8	0.68041
861.0	0.67352
861.2	0.66642
861.4	0.65957
861.6	0.65218
861.8	0.64559
862.0	0.63886
862.2	0.63233
862.4	0.62591
862.6	0.61981
862.8	0.61348
863.0	0.60734
863.2	0.60116
863.4	0.59555
863.6	0.58948
863.8	0.58372
864.0	0.57818
864.2	0.57246
864.4	0.56699
864.6	0.56171
864.8	0.5565
865.0	0.55149
865.2	0.54567
865.4	0.53991
865.6	0.53421
865.8	0.52888
866.0	0.52466
866.2	0.52017
866.4	0.51583
866.6	0.51159
866.8	0.50785
867.0	0.50391
867.2	0.50028
867.4	0.49648
867.6	0.49284
867.8	0.48969
868.0	0.48643
868.2	0.48334
868.4	0.48016
868.6	0.4773
868.8	0.47489
869.0	0.47242
869.2	0.47019
869.4	0.46799
869.6	0.46596
869.8	0.46377
870.0	0.46219
870.2	0.46067
870.4	0.45889
870.6	0.45753
870.8	0.45664
871.0	0.45576
871.2	0.45493
871.4	0.45426
871.6	0.45372
871.8	0.45343
872.0	0.45328
872.2	0.45363
872.4	0.45394
872.6	0.45421
872.8	0.45484
873.0	0.45589
873.2	0.45704
873.4	0.45848
873.6	0.45976
873.8	0.46145
874.0	0.46317
874.2	0.46513
874.4	0.46756
874.6	0.47032
874.8	0.473
875.0	0.47597
875.2	0.47977
875.4	0.48361
875.6	0.48747
875.8	0.49121
876.0	0.49498
876.2	0.49963
876.4	0.50449
876.6	0.50932
876.8	0.51437
877.0	0.51956
877.2	0.5253
877.4	0.53128
877.6	0.53727
877.8	0.54351
878.0	0.55012
878.2	0.55685
878.4	0.5639
878.6	0.57127
878.8	0.57892
879.0	0.5865
879.2	0.59438
879.4	0.60293
879.6	0.61133
879.8	0.61958
880.0	0.62816
880.2	0.63705
880.4	0.64614
880.6	0.65491
880.8	0.6644
881.0	0.67381
881.2	0.68242
881.4	0.69227
881.6	0.70203
881.8	0.71149
882.0	0.72137
882.2	0.73055
882.4	0.74026
882.6	0.7494
882.8	0.75888
883.0	0.76814
883.2	0.77746
883.4	0.78656
883.6	0.79517
883.8	0.80285
884.0	0.81065
884.2	0.81862
884.4	0.82657
884.6	0.83426
884.8	0.84127
885.0	0.8473
885.2	0.85319
885.4	0.85913
885.6	0.86511
885.8	0.87092
886.0	0.87488
886.2	0.87861
886.4	0.88211
886.6	0.88467
886.8	0.88704
887.0	0.88902
887.2	0.89064
887.4	0.89164
887.6	0.89209
887.8	0.89248
888.0	0.89257
888.2	0.89182
888.4	0.89103
888.6	0.89009
888.8	0.88871
889.0	0.88683
889.2	0.88511
889.4	0.88302
889.6	0.88042
889.8	0.8776
890.0	0.87446
890.2	0.87174
890.4	0.86834
890.6	0.86494
890.8	0.86162
891.0	0.85788
891.2	0.8539
891.4	0.85026
891.6	0.84673
891.8	0.84287
892.0	0.83879
892.2	0.83509
892.4	0.83126
892.6	0.828
892.8	0.82381
893.0	0.82024
893.2	0.81668
893.4	0.81316
893.6	0.80958
893.8	0.80627
894.0	0.80285
894.2	0.79953
894.4	0.79657
894.6	0.79351
894.8	0.79031
895.0	0.78725
895.2	0.78421
895.4	0.78118
895.6	0.77817
895.8	0.77548
896.0	0.77305
896.2	0.77076
896.4	0.76861
896.6	0.76719
896.8	0.76483
897.0	0.76251
897.2	0.76074
897.4	0.75933
897.6	0.75777
897.8	0.75618
898.0	0.75558
898.2	0.75419
898.4	0.75322
898.6	0.7525
898.8	0.75179
899.0	0.75102
899.2	0.75099
899.4	0.7506
899.6	0.75013
899.8	0.74922
900.0	0.75019
900.2	0.75033
900.4	0.75046
900.6	0.75031
900.8	0.75079
901.0	0.75163
901.2	0.7522
901.4	0.75289
901.6	0.7545
901.8	0.75533
902.0	0.75669
902.2	0.75851
902.4	0.76023
902.6	0.76182
902.8	0.76361
903.0	0.76618
903.2	0.76863
903.4	0.77094
903.6	0.77372
903.8	0.77657
904.0	0.77987
904.2	0.78338
904.4	0.78612
904.6	0.78978
904.8	0.79341
905.0	0.79758
905.2	0.8018
905.4	0.80604
905.6	0.81031
905.8	0.81484
906.0	0.81934
906.2	0.82425
906.4	0.82923
906.6	0.83443
906.8	0.83963
907.0	0.84507
907.2	0.85036
907.4	0.85553
907.6	0.86111
907.8	0.86676
908.0	0.87215
908.2	0.878
908.4	0.88346
908.6	0.88941
908.8	0.89476
909.0	0.90068
909.2	0.90556
909.4	0.91106
909.6	0.91594
909.8	0.92068
910.0	0.92515
910.2	0.92935
910.4	0.93247
910.6	0.93596
910.8	0.9385
911.0	0.94094
911.2	0.94293
911.4	0.94429
911.6	0.94482
911.8	0.94531
912.0	0.94433
912.2	0.94313
912.4	0.94124
912.6	0.93843
912.8	0.93484
913.0	0.93065
913.2	0.92557
913.4	0.91956
913.6	0.91318
913.8	0.90569
914.0	0.89773
914.2	0.88887
914.4	0.879
914.6	0.86892
914.8	0.85774
915.0	0.84615
915.2	0.8322
915.4	0.81847
915.6	0.80498
915.8	0.79159
916.0	0.77771
916.2	0.76327
916.4	0.74876
916.6	0.73454
916.8	0.7197
917.0	0.70497
917.2	0.69006
917.4	0.67496
917.6	0.66019
917.8	0.64516
918.0	0.63079
918.2	0.61608
918.4	0.60188
918.6	0.58797
918.8	0.57403
919.0	0.56054
919.2	0.547
919.4	0.53412
919.6	0.52126
919.8	0.50889
920.0	0.49684
920.2	0.48532
920.4	0.47349
920.6	0.46217
920.8	0.4513
921.0	0.44082
921.2	0.43068
921.4	0.42095
921.6	0.41154
921.8	0.40206
922.0	0.39347
922.2	0.38477
922.4	0.37649
922.6	0.36831
922.8	0.36099
923.0	0.35374
923.2	0.34643
923.4	0.33952
923.6	0.3329
923.8	0.32661
924.0	0.3204
924.2	0.31456
924.4	0.30889
924.6	0.30375
924.8	0.29858
925.0	0.29362
925.2	0.28925
925.4	0.28494
925.6	0.2807
925.8	0.27682
926.0	0.27263
926.2	0.26891
926.4	0.2651
926.6	0.26165
926.8	0.25821
927.0	0.25504
927.2	0.252
927.4	0.24909
927.6	0.24638
927.8	0.24378
928.0	0.24143
928.2	0.23903
928.4	0.23675
928.6	0.23455
928.8	0.23238
929.0	0.23069
929.2	0.22893
929.4	0.22759
929.6	0.22627
929.8	0.22474
930.0	0.22354
930.2	0.22238
930.4	0.22132
930.6	0.2206
930.8	0.21906
931.0	0.21861
931.2	0.21817
931.4	0.21767
931.6	0.21663
931.8	0.21663
932.0	0.21664
932.2	0.21656
932.4	0.21584
932.6	0.21591
932.8	0.21617
933.0	0.21703
933.2	0.21661
933.4	0.21719
933.6	0.21788
933.8	0.21786
934.0	0.21951
934.2	0.21939
934.4	0.21964
934.6	0.22122
934.8	0.22259
935.0	0.22425
935.2	0.22547
935.4	0.2267
935.6	0.22794
935.8	0.22906
936.0	0.23102
936.2	0.23281
936.4	0.23456
936.6	0.23645
936.8	0.23872
937.0	0.24048
937.2	0.24271
937.4	0.24549
937.6	0.2478
937.8	0.25078
938.0	0.25255
938.2	0.25581
938.4	0.25923
938.6	0.2617
938.8	0.26515
939.0	0.26858
939.2	0.27194
939.4	0.27547
939.6	0.27919
939.8	0.28294
940.0	0.28702
940.2	0.29115
940.4	0.29517
940.6	0.29975
940.8	0.30455
941.0	0.30901
941.2	0.31377
941.4	0.31894
941.6	0.32368
941.8	0.32898
942.0	0.33446
942.2	0.33975
942.4	0.34617
942.6	0.35069
942.8	0.35675
943.0	0.36333
943.2	0.36997
943.4	0.3766
943.6	0.38304
943.8	0.39091
944.0	0.39596
944.2	0.40345
944.4	0.4104
944.6	0.41792
944.8	0.42507
945.0	0.43263
945.2	0.4405
945.4	0.44851
945.6	0.45667
945.8	0.46541
946.0	0.47287
946.2	0.48085
946.4	0.48885
946.6	0.49672
946.8	0.50504
947.0	0.51323
947.2	0.52162
947.4	0.53001
947.6	0.53826
947.8	0.54688
948.0	0.55524
948.2	0.56264
948.4	0.57119
948.6	0.5789
948.8	0.58656
949.0	0.59436
949.2	0.6017
949.4	0.60901
949.6	0.61658
949.8	0.62409
950.0	0.63108
950.2	0.63852
950.4	0.64465
950.6	0.6512
950.8	0.65704
951.0	0.66285
951.2	0.66869
951.4	0.67422
951.6	0.67975
951.8	0.68487
952.0	0.68932
952.2	0.69444
952.4	0.69884
952.6	0.70321
952.8	0.70703
953.0	0.71088
953.2	0.7144
953.4	0.71769
953.6	0.72055
953.8	0.72367
954.0	0.72657
954.2	0.72865
954.4	0.73121
954.6	0.73385
954.8	0.73602
955.0	0.73837
955.2	0.74037
955.4	0.74237
955.6	0.74438
955.8	0.74568
956.0	0.74692
956.2	0.74809
956.4	0.74944
956.6	0.75107
956.8	0.75259
957.0	0.75409
957.2	0.75479
957.4	0.75604
957.6	0.7571
957.8	0.75847
958.0	0.75927
958.2	0.76107
958.4	0.76228
958.6	0.76324
958.8	0.76494
959.0	0.76622
959.2	0.76767
959.4	0.76893
959.6	0.7702
959.8	0.77196
960.0	0.7741
960.2	0.77582
960.4	0.77749
960.6	0.77914
960.8	0.78092
961.0	0.78259
961.2	0.78464
961.4	0.78703
961.6	0.78911
961.8	0.79186
962.0	0.79428
962.2	0.79693
962.4	0.79934
962.6	0.80183
962.8	0.80442
963.0	0.80734
963.2	0.81057
963.4	0.8133
963.6	0.8167
963.8	0.81932
964.0	0.82217
964.2	0.82539
964.4	0.82885
964.6	0.83162
964.8	0.8351
965.0	0.83883
965.2	0.84229
965.4	0.84578
965.6	0.84927
965.8	0.85318
966.0	0.85597
966.2	0.86057
966.4	0.86268
966.6	0.86553
966.8	0.8688
967.0	0.87279
967.2	0.87618
967.4	0.87959
967.6	0.88251
967.8	0.88476
968.0	0.88833
968.2	0.89109
968.4	0.89383
968.6	0.89649
968.8	0.89954
969.0	0.90153
969.2	0.90424
969.4	0.90642
969.6	0.90851
969.8	0.91069
970.0	0.91274
970.2	0.91472
970.4	0.9158
970.6	0.9174
970.8	0.91854
971.0	0.9191
971.2	0.92003
971.4	0.92068
971.6	0.92124
971.8	0.92157
972.0	0.92213
972.2	0.92139
972.4	0.92108
972.6	0.92126
972.8	0.92139
973.0	0.92054
973.2	0.91913
973.4	0.91809
973.6	0.9175
973.8	0.91631
974.0	0.91493
974.2	0.91332
974.4	0.91204
974.6	0.9105
974.8	0.90786
975.0	0.90563
975.2	0.90416
975.4	0.90269
975.6	0.90122
975.8	0.89979
976.0	0.89723
976.2	0.89507
976.4	0.89211
976.6	0.88986
976.8	0.88729
977.0	0.88501
977.2	0.88217
977.4	0.87993
977.6	0.87712
977.8	0.87418
978.0	0.87131
978.2	0.86879
978.4	0.86657
978.6	0.86345
978.8	0.86057
979.0	0.8581
979.2	0.85578
979.4	0.85337
979.6	0.8509
979.8	0.84859
980.0	0.84681
980.2	0.84448
980.4	0.84188
980.6	0.84034
980.8	0.83754
981.0	0.83539
981.2	0.83377
981.4	0.83226
981.6	0.83032
981.8	0.82873
982.0	0.82743
982.2	0.82542
982.4	0.82374
982.6	0.82313
982.8	0.82206
983.0	0.82046
983.2	0.8195
983.4	0.81898
983.6	0.81811
983.8	0.81749
984.0	0.81682
984.2	0.81604
984.4	0.81537
984.6	0.81522
984.8	0.81558
985.0	0.81582
985.2	0.81606
985.4	0.81629
985.6	0.81653
985.8	0.81611
986.0	0.81716
986.2	0.81818
986.4	0.81803
986.6	0.81829
986.8	0.81883
987.0	0.82026
987.2	0.8212
987.4	0.82179
987.6	0.82318
987.8	0.82423
988.0	0.82563
988.2	0.82692
988.4	0.82807
988.6	0.82924
988.8	0.83074
989.0	0.83241
989.2	0.83472
989.4	0.83589
989.6	0.83765
989.8	0.8395
990.0	0.84141
990.2	0.84394
990.4	0.84514
990.6	0.8471
990.8	0.84896
991.0	0.85118
991.2	0.85321
991.4	0.85512
991.6	0.85717
991.8	0.8596
992.0	0.86137
992.2	0.86332
992.4	0.86557
992.6	0.86703
992.8	0.86924
993.0	0.87168
993.2	0.87354
993.4	0.87529
993.6	0.87731
993.8	0.87928
994.0	0.88136
994.2	0.88381
994.4	0.88555
994.6	0.88671
994.8	0.88851
995.0	0.88999
995.2	0.89052
995.4	0.89105
995.6	0.89157
995.8	0.892
996.0	0.89405
996.2	0.89495
996.4	0.89699
996.6	0.89779
996.8	0.89852
997.0	0.90024
997.2	0.90119
997.4	0.90213
997.6	0.90291
997.8	0.90437
998.0	0.90504
998.2	0.90604
998.4	0.90658
998.6	0.90693
998.8	0.90765
999.0	0.90861
999.2	0.90878
999.4	0.90955
999.6	0.90992
999.8	0.91004
1000.0	0.91077
1000.2	0.91119
1000.4	0.9112
1000.6	0.91101
1000.8	0.91089
1001.0	0.9105
1001.2	0.91046
1001.4	0.91037
1001.6	0.90996
1001.8	0.90985
1002.0	0.90959
1002.2	0.90914
1002.4	0.90873
1002.6	0.9083
1002.8	0.9086
1003.0	0.90771
1003.2	0.9074
1003.4	0.90657
1003.6	0.90609
1003.8	0.90644
1004.0	0.90571
1004.2	0.90486
1004.4	0.9042
1004.6	0.90394
1004.8	0.90373
1005.0	0.90352
1005.2	0.91559
1005.4	0.91512
1005.6	0.91488
1005.8	0.91412
1006.0	0.91377
1006.2	0.91375
1006.4	0.91303
1006.6	0.91308
1006.8	0.91262
1007.0	0.91247
1007.2	0.91203
1007.4	0.91159
1007.6	0.91187
1007.8	0.91079
1008.0	0.91092
1008.2	0.91054
1008.4	0.91004
1008.6	0.91021
1008.8	0.91012
1009.0	0.90957
1009.2	0.91034
1009.4	0.91015
1009.6	0.91006
1009.8	0.90982
1010.0	0.91005
1010.2	0.9101
1010.4	0.91036
1010.6	0.91095
1010.8	0.91076
1011.0	0.91136
1011.2	0.91152
1011.4	0.91131
1011.6	0.91195
1011.8	0.91197
1012.0	0.91228
1012.2	0.91315
1012.4	0.9138
1012.6	0.91403
1012.8	0.91469
1013.0	0.91567
1013.2	0.91623
1013.4	0.91705
1013.6	0.91716
1013.8	0.91783
1014.0	0.91866
1014.2	0.91945
1014.4	0.91979
1014.6	0.92071
1014.8	0.92134
1015.0	0.92248
1015.2	0.92332
1015.4	0.92407
1015.6	0.92498
1015.8	0.92594
1016.0	0.9259
1016.2	0.92738
1016.4	0.92815
1016.6	0.929
1016.8	0.92912
1017.0	0.93098
1017.2	0.93162
1017.4	0.93257
1017.6	0.93298
1017.8	0.93363
1018.0	0.93455
1018.2	0.93532
1018.4	0.93604
1018.6	0.93727
1018.8	0.93766
1019.0	0.93865
1019.2	0.93965
1019.4	0.93993
1019.6	0.94085
1019.8	0.94131
1020.0	0.94259
1020.2	0.94303
1020.4	0.94413
1020.6	0.9446
1020.8	0.94528
1021.0	0.94601
1021.2	0.94595
1021.4	0.94731
1021.6	0.94775
1021.8	0.94871
1022.0	0.94839
1022.2	0.94881
1022.4	0.94926
1022.6	0.95031
1022.8	0.95138
1023.0	0.95117
1023.2	0.95171
1023.4	0.95203
1023.6	0.95184
1023.8	0.95281
1024.0	0.95278
1024.2	0.95369
1024.4	0.95413
1024.6	0.95367
1024.8	0.95495
1025.0	0.95498
1025.2	0.95539
1025.4	0.95571
1025.6	0.95658
1025.8	0.95664
1026.0	0.95725
1026.2	0.95628
1026.4	0.95646
1026.6	0.95695
1026.8	0.95699
1027.0	0.95751
1027.2	0.95707
1027.4	0.95724
1027.6	0.95769
1027.8	0.95839
1028.0	0.95801
1028.2	0.95772
1028.4	0.95878
1028.6	0.95833
1028.8	0.95868
1029.0	0.95886
1029.2	0.95837
1029.4	0.95817
1029.6	0.95867
1029.8	0.9589
1030.0	0.95944
1030.2	0.95849
1030.4	0.95887
1030.6	0.95999
1030.8	0.95931
1031.0	0.95915
1031.2	0.95887
1031.4	0.95889
1031.6	0.95956
1031.8	0.95912
1032.0	0.95882
1032.2	0.95892
1032.4	0.95895
1032.6	0.95905
1032.8	0.95875
1033.0	0.95927
1033.2	0.95938
1033.4	0.95993
1033.6	0.95847
1033.8	0.95834
1034.0	0.95843
1034.2	0.95839
1034.4	0.95786
1034.6	0.95772
1034.8	0.95743
1035.0	0.9581
1035.2	0.95692
1035.4	0.95622
1035.6	0.9563
1035.8	0.95654
1036.0	0.95585
1036.2	0.95516
1036.4	0.95446
1036.6	0.95436
1036.8	0.95382
1037.0	0.95346
1037.2	0.95208
1037.4	0.95265
1037.6	0.95197
1037.8	0.95096
1038.0	0.95032
1038.2	0.9496
1038.4	0.94892
1038.6	0.94895
1038.8	0.94682
1039.0	0.94634
1039.2	0.94583
1039.4	0.94476
1039.6	0.94402
1039.8	0.94261
1040.0	0.94185
1040.2	0.94043
1040.4	0.94035
1040.6	0.9394
1040.8	0.93841
1041.0	0.93604
1041.2	0.93542
1041.4	0.93446
1041.6	0.93265
1041.8	0.93246
1042.0	0.93042
1042.2	0.92957
1042.4	0.92732
1042.6	0.92645
1042.8	0.92409
1043.0	0.92307
1043.2	0.92059
1043.4	0.92061
1043.6	0.91883
1043.8	0.9172
1044.0	0.9151
1044.2	0.91324
1044.4	0.91221
1044.6	0.91065
1044.8	0.90907
1045.0	0.90629
1045.2	0.90317
1045.4	0.90045
1045.6	0.89921
1045.8	0.89856
1046.0	0.89594
1046.2	0.89473
1046.4	0.89187
1046.6	0.89071
1046.8	0.88919
1047.0	0.88796
1047.2	0.88668
1047.4	0.88433
1047.6	0.88342
1047.8	0.8812
1048.0	0.88035
1048.2	0.87771
1048.4	0.87546
1048.6	0.87524
1048.8	0.87312
1049.0	0.87183
1049.2	0.86934
1049.4	0.86848
1049.6	0.86693
1049.8	0.86624
1050.0	0.86291
1050.2	0.86214
1050.4	0.86129
1050.6	0.85858
1050.8	0.85823
1051.0	0.85727
1051.2	0.85529
1051.4	0.85358
1051.6	0.85345
1051.8	0.85297
1052.0	0.85116
1052.2	0.85039
1052.4	0.84891
1052.6	0.84814
1052.8	0.84695
1053.0	0.84566
1053.2	0.84522
1053.4	0.84326
1053.6	0.84339
1053.8	0.84279
1054.0	0.84206
1054.2	0.84127
1054.4	0.84093
1054.6	0.83951
1054.8	0.84002
1055.0	0.83924
1055.2	0.83935
1055.4	0.83908
1055.6	0.83805
1055.8	0.83761
1056.0	0.83714
1056.2	0.83672
1056.4	0.83729
1056.6	0.83783
1056.8	0.8371
1057.0	0.8365
1057.2	0.83638
1057.4	0.8364
1057.6	0.83659
1057.8	0.83617
1058.0	0.83697
1058.2	0.83752
1058.4	0.83794
1058.6	0.83809
1058.8	0.83844
1059.0	0.83833
1059.2	0.83951
1059.4	0.83973
1059.6	0.83987
1059.8	0.84109
1060.0	0.84071
1060.2	0.84341
1060.4	0.84271
1060.6	0.84419
1060.8	0.84585
1061.0	0.84602
1061.2	0.84782
1061.4	0.84735
1061.6	0.84682
1061.8	0.84828
1062.0	0.84875
1062.2	0.85109
1062.4	0.85181
1062.6	0.85329
1062.8	0.85303
1063.0	0.85574
1063.2	0.85661
1063.4	0.85775
1063.6	0.85899
1063.8	0.85953
1064.0	0.86139
1064.2	0.86172
1064.4	0.86425
1064.6	0.86429
1064.8	0.86584
1065.0	0.86758
1065.2	0.86899
1065.4	0.87002
1065.6	0.87162
1065.8	0.87318
1066.0	0.87356
1066.2	0.8747
1066.4	0.87683
1066.6	0.87707
1066.8	0.87788
1067.0	0.87845
1067.2	0.88157
1067.4	0.88173
1067.6	0.88442
1067.8	0.88588
1068.0	0.88529
1068.2	0.88707
1068.4	0.8892
1068.6	0.88964
1068.8	0.89244
1069.0	0.89257
1069.2	0.89472
1069.4	0.89482
1069.6	0.89654
1069.8	0.89702
1070.0	0.89879
1070.2	0.89878
1070.4	0.90131
1070.6	0.90279
1070.8	0.90364
1071.0	0.90387
1071.2	0.90493
1071.4	0.90573
1071.6	0.90648
1071.8	0.90845
1072.0	0.90815
1072.2	0.91042
1072.4	0.91128
1072.6	0.91128
1072.8	0.91323
1073.0	0.91335
1073.2	0.91559
1073.4	0.91524
1073.6	0.91672
1073.8	0.91554
1074.0	0.91642
1074.2	0.91806
1074.4	0.91868
1074.6	0.92033
1074.8	0.92109
1075.0	0.92167
1075.2	0.9214
1075.4	0.92156
1075.6	0.92294
1075.8	0.92247
1076.0	0.92339
1076.2	0.92372
1076.4	0.92432
1076.6	0.92424
1076.8	0.926
1077.0	0.92516
1077.2	0.92646
1077.4	0.92608
1077.6	0.92568
1077.8	0.92738
1078.0	0.9274
1078.2	0.92813
1078.4	0.92884
1078.6	0.9281
1078.8	0.92962
1079.0	0.92834
1079.2	0.92812
1079.4	0.93023
1079.6	0.92948
1079.8	0.9298
1080.0	0.92851
1080.2	0.92943
1080.4	0.92978
1080.6	0.92968
1080.8	0.92967
1081.0	0.93041
1081.2	0.93143
1081.4	0.93009
1081.6	0.93035
1081.8	0.93163
1082.0	0.93085
1082.2	0.93199
1082.4	0.93042
1082.6	0.93142
1082.8	0.93102
1083.0	0.93008
1083.2	0.93201
1083.4	0.93121
1083.6	0.93121
1083.8	0.93186
1084.0	0.93076
1084.2	0.93108
1084.4	0.93118
1084.6	0.93091
1084.8	0.92976
1085.0	0.93106
1085.2	0.93251
1085.4	0.93119
1085.6	0.93164
1085.8	0.93155
1086.0	0.9305
1086.2	0.93119
1086.4	0.93028
1086.6	0.93064
1086.8	0.93067
1087.0	0.9298
1087.2	0.9299
1087.4	0.92906
1087.6	0.92948
1087.8	0.92721
1088.0	0.92805
1088.2	0.92904
1088.4	0.92803
1088.6	0.92833
1088.8	0.92855
1089.0	0.92824
1089.2	0.92967
1089.4	0.92764
1089.6	0.92797
1089.8	0.9284
1090.0	0.92646
1090.2	0.92421
1090.4	0.92629
1090.6	0.92712
1090.8	0.92522
1091.0	0.92301
1091.2	0.92359
1091.4	0.92629
1091.6	0.92645
1091.8	0.92338
1092.0	0.92517
1092.2	0.92404
1092.4	0.92267
1092.6	0.92335
1092.8	0.92278
1093.0	0.92336
1093.2	0.92321
1093.4	0.92109
1093.6	0.92135
1093.8	0.92274
1094.0	0.92213
1094.2	0.92028
1094.4	0.92095
1094.6	0.91987
1094.8	0.92291
1095.0	0.91936
1095.2	0.92045
1095.4	0.91959
1095.6	0.91848
1095.8	0.91832
1096.0	0.91878
1096.2	0.917
1096.4	0.91579
1096.6	0.91897
1096.8	0.91716
1097.0	0.91682
1097.2	0.91684
1097.4	0.91531
1097.6	0.91539
1097.8	0.91464
1098.0	0.91405
1098.2	0.91527
1098.4	0.91468
1098.6	0.91267
1098.8	0.91326
1099.0	0.91353
1099.2	0.91564
1099.4	0.91261
1099.6	0.91358
1099.8	0.90999
1100.0	0.9111
1100.2	0.91037
1100.4	0.91283
1100.6	0.91012
1100.8	0.91027
1101.0	0.91208
1101.2	0.90855
1101.4	0.91083
1101.6	0.91093
1101.8	0.91216
1102.0	0.91077
1102.2	0.9095
1102.4	0.90942
1102.6	0.91072
1102.8	0.90803
1103.0	0.90846
1103.2	0.9094
1103.4	0.90878
1103.6	0.90814
1103.8	0.90948
1104.0	0.90793
1104.2	0.90851
1104.4	0.90745
1104.6	0.90741
1104.8	0.90759
1105.0	0.90713
1105.2	0.90588
1105.4	0.90538
1105.6	0.90606
1105.8	0.90603
1106.0	0.90657
1106.2	0.90449
1106.4	0.90521
1106.6	0.90244
1106.8	0.90464
1107.0	0.90192
1107.2	0.90177
1107.4	0.90421
1107.6	0.90173
1107.8	0.90184
1108.0	0.9008
1108.2	0.90054
1108.4	0.90159
1108.6	0.89866
1108.8	0.89947
1109.0	0.90029
1109.2	0.89657
1109.4	0.89572
1109.6	0.89595
1109.8	0.89482
1110.0	0.89328
1110.2	0.89155
1110.4	0.89046
1110.6	0.88782
1110.8	0.8887
1111.0	0.88838
1111.2	0.88516
1111.4	0.88699
1111.6	0.88648
1111.8	0.88448
1112.0	0.88088
1112.2	0.88052
1112.4	0.87517
1112.6	0.87923
1112.8	0.87435
1113.0	0.87368
1113.2	0.87236
1113.4	0.8723
1113.6	0.87089
1113.8	0.86896
1114.0	0.86322
1114.2	0.86336
1114.4	0.86005
1114.6	0.86037
1114.8	0.85594
1115.0	0.85346
1115.2	0.85091
1115.4	0.84786
1115.6	0.84506
1115.8	0.84304
1116.0	0.84145
1116.2	0.84098
1116.4	0.8361
1116.6	0.83576
1116.8	0.83093
1117.0	0.82845
1117.2	0.82597
1117.4	0.82446
1117.6	0.81964
1117.8	0.81891
1118.0	0.81436
1118.2	0.81
1118.4	0.80635
1118.6	0.80494
1118.8	0.80282
1119.0	0.80121
1119.2	0.79793
1119.4	0.79115
1119.6	0.78725
1119.8	0.78604
1120.0	0.78254
1120.2	0.77935
1120.4	0.77414
1120.6	0.77073
1120.8	0.7675
1121.0	0.76744
1121.2	0.76329
1121.4	0.75916
1121.6	0.75506
1121.8	0.75098
1122.0	0.74693
1122.2	0.74333
1122.4	0.73975
1122.6	0.73619
1122.8	0.73265
1123.0	0.72912
1123.2	0.72561
1123.4	0.72211
1123.6	0.71863
1123.8	0.71517
1124.0	0.71172
1124.2	0.70817
1124.4	0.70465
1124.6	0.70114
1124.8	0.69765
1125.0	0.69419
1125.2	0.69124
1125.4	0.6883
1125.6	0.68538
1125.8	0.68246
1126.0	0.67954
1126.2	0.67581
1126.4	0.67211
1126.6	0.66842
1126.8	0.66475
1127.0	0.66113
1127.2	0.65806
1127.4	0.655
1127.6	0.65195
1127.8	0.64892
1128.0	0.6459
1128.2	0.64283
1128.4	0.63977
1128.6	0.63673
1128.8	0.63371
1129.0	0.63071
1129.2	0.62797
1129.4	0.62524
1129.6	0.62252
1129.8	0.61982
1130.0	0.61715
1130.2	0.61494
1130.4	0.61273
1130.6	0.61053
1130.8	0.60834
1131.0	0.60616
1131.2	0.60436
1131.4	0.60257
1131.6	0.60078
1131.8	0.59899
1132.0	0.59721
1132.2	0.59527
1132.4	0.59333
1132.6	0.59141
1132.8	0.58949
1133.0	0.58761
1133.2	0.58647
1133.4	0.58534
1133.6	0.5842
1133.8	0.58307
1134.0	0.58192
1134.2	0.57995
1134.4	0.57799
1134.6	0.57604
1134.8	0.57409
1135.0	0.57221
1135.2	0.57168
1135.4	0.57116
1135.6	0.57064
1135.8	0.57012
1136.0	0.56959
1136.2	0.56906
1136.4	0.56853
1136.6	0.568
1136.8	0.56747
1137.0	0.56694
1137.2	0.56645
1137.4	0.56597
1137.6	0.56548
1137.8	0.565
1138.0	0.56454
1138.2	0.56455
1138.4	0.56456
1138.6	0.56457
1138.8	0.56458
1139.0	0.5646
1139.2	0.56521
1139.4	0.56581
1139.6	0.56641
1139.8	0.56701
1140.0	0.56761
1140.2	0.56826
1140.4	0.56891
1140.6	0.56955
1140.8	0.5702
1141.0	0.57085
1141.2	0.5716
1141.4	0.57235
1141.6	0.5731
1141.8	0.57385
1142.0	0.57462
1142.2	0.57605
1142.4	0.57749
1142.6	0.57893
1142.8	0.58038
1143.0	0.58184
1143.2	0.58341
1143.4	0.58499
1143.6	0.58657
1143.8	0.58815
1144.0	0.58975
1144.2	0.59147
1144.4	0.59319
1144.6	0.59492
1144.8	0.59666
1145.0	0.59842
1145.2	0.60086
1145.4	0.60331
1145.6	0.60577
1145.8	0.60824
1146.0	0.61072
1146.2	0.61319
1146.4	0.61567
1146.6	0.61816
1146.8	0.62066
1147.0	0.62317
1147.2	0.62554
1147.4	0.62792
1147.6	0.63031
1147.8	0.63271
1148.0	0.63512
1148.2	0.63826
1148.4	0.64142
1148.6	0.64459
1148.8	0.64777
1149.0	0.65098
1149.2	0.65429
1149.4	0.65762
1149.6	0.66096
1149.8	0.66432
1150.0	0.66768
1150.2	0.67079
1150.4	0.67392
1150.6	0.67705
1150.8	0.68021
1151.0	0.68339
1151.2	0.68724
1151.4	0.69111
1151.6	0.69501
1151.8	0.69892
1152.0	0.70284
1152.2	0.70626
1152.4	0.70969
1152.6	0.71313
1152.8	0.7166
1153.0	0.72008
1153.2	0.72398
1153.4	0.7279
1153.6	0.73185
1153.8	0.73581
1154.0	0.7398
1154.2	0.74381
1154.4	0.74784
1154.6	0.7519
1154.8	0.75598
1155.0	0.76008
1155.2	0.76373
1155.4	0.76741
1155.6	0.7711
1155.8	0.77481
1156.0	0.77854
1156.2	0.78251
1156.4	0.7865
1156.6	0.79051
1156.8	0.79454
1157.0	0.79857
1157.2	0.80218
1157.4	0.80581
1157.6	0.80946
1157.8	0.81313
1158.0	0.81681
1158.2	0.82036
1158.4	0.82393
1158.6	0.82751
1158.8	0.83111
1159.0	0.83472
1159.2	0.83824
1159.4	0.84176
1159.6	0.84531
1159.8	0.84887
1160.0	0.85243
1160.2	0.85534
1160.4	0.85826
1160.6	0.86119
1160.8	0.86414
1161.0	0.86709
1161.2	0.87011
1161.4	0.87315
1161.6	0.87619
1161.8	0.87925
1162.0	0.88231
1162.2	0.88472
1162.4	0.88713
1162.6	0.88955
1162.8	0.89197
1163.0	0.89441
1163.2	0.8969
1163.4	0.89939
1163.6	0.90189
1163.8	0.9044
1164.0	0.90689
1164.2	0.90871
1164.4	0.91054
1164.6	0.91238
1164.8	0.91422
1165.0	0.91606
1165.2	0.91789
1165.4	0.91973
1165.6	0.92157
1165.8	0.92342
1166.0	0.92525
1166.2	0.92657
1166.4	0.9279
1166.6	0.92923
1166.8	0.93056
1167.0	0.9319
1167.2	0.9332
1167.4	0.9345
1167.6	0.9358
1167.8	0.93711
1168.0	0.9384
1168.2	0.93912
1168.4	0.93984
1168.6	0.94057
1168.8	0.94129
1169.0	0.94203
1169.2	0.94309
1169.4	0.94416
1169.6	0.94522
1169.8	0.94629
1170.0	0.94734
1170.2	0.94773
1170.4	0.94811
1170.6	0.9485
1170.8	0.94889
1171.0	0.94928
1171.2	0.94981
1171.4	0.95034
1171.6	0.95087
1171.8	0.9514
1172.0	0.95192
1172.2	0.95218
1172.4	0.95243
1172.6	0.95269
1172.8	0.95294
1173.0	0.9532
1173.2	0.95357
1173.4	0.95394
1173.6	0.95431
1173.8	0.95468
1174.0	0.95504
1174.2	0.9551
1174.4	0.95517
1174.6	0.95524
1174.8	0.9553
1175.0	0.95538
1175.2	0.95562
1175.4	0.95586
1175.6	0.9561
1175.8	0.95635
1176.0	0.95658
1176.2	0.95652
1176.4	0.95645
1176.6	0.95638
1176.8	0.95631
1177.0	0.95626
1177.2	0.95665
1177.4	0.95704
1177.6	0.95743
1177.8	0.95782
1178.0	0.95819
1178.2	0.95802
1178.4	0.95786
1178.6	0.95769
1178.8	0.95753
1179.0	0.95736
1179.2	0.95744
1179.4	0.95751
1179.6	0.95759
1179.8	0.95767
1180.0	0.95774
1180.2	0.95782
1180.4	0.95791
1180.6	0.95799
1180.8	0.95807
1181.0	0.95815
1181.2	0.9581
1181.4	0.95805
1181.6	0.958
1181.8	0.95795
1182.0	0.9579
1182.2	0.95793
1182.4	0.95796
1182.6	0.95799
1182.8	0.95801
1183.0	0.95804
1183.2	0.95811
1183.4	0.95817
1183.6	0.95824
1183.8	0.9583
1184.0	0.95836
1184.2	0.95828
1184.4	0.9582
1184.6	0.95812
1184.8	0.95803
1185.0	0.95796
1185.2	0.95798
1185.4	0.95801
1185.6	0.95804
1185.8	0.95807
1186.0	0.9581
1186.2	0.95812
1186.4	0.95815
1186.6	0.95818
1186.8	0.95821
1187.0	0.95823
1187.2	0.95811
1187.4	0.95799
1187.6	0.95787
1187.8	0.95775
1188.0	0.95763
1188.2	0.95759
1188.4	0.95754
1188.6	0.9575
1188.8	0.95746
1189.0	0.95742
1189.2	0.95747
1189.4	0.95752
1189.6	0.95757
1189.8	0.95762
1190.0	0.95766
1190.2	0.95754
1190.4	0.95742
1190.6	0.9573
1190.8	0.95718
1191.0	0.95706
1191.2	0.95696
1191.4	0.95685
1191.6	0.95675
1191.8	0.95664
1192.0	0.95654
1192.2	0.95633
1192.4	0.95612
1192.6	0.95591
1192.8	0.95571
1193.0	0.95551
1193.2	0.95568
1193.4	0.95585
1193.6	0.95603
1193.8	0.9562
1194.0	0.95637
1194.2	0.95642
1194.4	0.95648
1194.6	0.95654
1194.8	0.9566
1195.0	0.95664
1195.2	0.9563
1195.4	0.95596
1195.6	0.95562
1195.8	0.95528
1196.0	0.95495
1196.2	0.95514
1196.4	0.95533
1196.6	0.95552
1196.8	0.95572
1197.0	0.9559
1197.2	0.95592
1197.4	0.95595
1197.6	0.95597
1197.8	0.95599
1198.0	0.95601
1198.2	0.95593
1198.4	0.95585
1198.6	0.95577
1198.8	0.95569
1199.0	0.95562
1199.2	0.95571
1199.4	0.9558
1199.6	0.95589
1199.8	0.95598
1200.0	0.95607
