Typical Measured Spectrum of Semrock FF01-545/55 Optical Filter	
For wavelengths between 320 and 1120 nm, values near or below 3e-7 (Optical Density 6.5) are measurement noise limited.
For wavelengths < 320 nm and > 1120 nm, values near or below 3e-6 (Optical Density 5.5) are measurement noise limited. 
Data format:  Wavelength (nm) <tab> Transmission (0 to 1)
265.0	7.6004e-07
265.2	7.5178e-07
265.4	7.436e-07
265.6	7.3551e-07
265.8	7.2751e-07
266.0	7.196e-07
266.2	7.1177e-07
266.4	7.0403e-07
266.6	6.9637e-07
266.8	6.888e-07
267.0	6.8131e-07
267.2	6.7439e-07
267.4	6.6775e-07
267.6	6.6117e-07
267.8	6.5466e-07
268.0	6.4821e-07
268.2	6.4182e-07
268.4	6.355e-07
268.6	6.2924e-07
268.8	6.2304e-07
269.0	6.169e-07
269.2	6.1082e-07
269.4	6.0481e-07
269.6	5.9885e-07
269.8	5.9295e-07
270.0	5.8711e-07
270.2	5.8132e-07
270.4	5.756e-07
270.6	5.6993e-07
270.8	5.6432e-07
271.0	5.5926e-07
271.2	5.5426e-07
271.4	5.4929e-07
271.6	5.4437e-07
271.8	5.395e-07
272.0	5.3467e-07
272.2	5.2988e-07
272.4	5.2513e-07
272.6	5.2043e-07
272.8	5.1577e-07
273.0	5.1115e-07
273.2	5.0657e-07
273.4	5.0203e-07
273.6	4.9754e-07
273.8	4.9308e-07
274.0	4.8867e-07
274.2	4.8429e-07
274.4	4.7995e-07
274.6	4.7479e-07
274.8	4.6786e-07
275.0	4.6103e-07
275.2	4.5765e-07
275.4	4.543e-07
275.6	4.7113e-07
275.8	5.3732e-07
276.0	6.128e-07
276.2	6.9888e-07
276.4	7.9706e-07
276.6	9.0903e-07
276.8	1.0367e-06
277.0	1.1824e-06
277.2	1.3485e-06
277.4	1.5379e-06
277.6	1.7539e-06
277.8	2.0003e-06
278.0	2.2813e-06
278.2	2.6018e-06
278.4	2.9673e-06
278.6	3.3841e-06
278.8	3.8595e-06
279.0	4.4017e-06
279.2	5.02e-06
279.4	5.2153e-06
279.6	5.1233e-06
279.8	5.0329e-06
280.0	4.944e-06
280.2	4.8568e-06
280.4	4.7711e-06
280.6	4.6869e-06
280.8	4.6041e-06
281.0	4.5229e-06
281.2	4.4431e-06
281.4	4.3646e-06
281.6	4.2876e-06
281.8	4.2119e-06
282.0	4.1376e-06
282.2	4.0646e-06
282.4	3.9928e-06
282.6	3.9224e-06
282.8	3.8532e-06
283.0	3.7851e-06
283.2	3.5264e-06
283.4	3.2742e-06
283.6	3.0401e-06
283.8	2.8227e-06
284.0	2.6208e-06
284.2	2.4334e-06
284.4	2.2594e-06
284.6	2.0978e-06
284.8	1.9478e-06
285.0	1.8085e-06
285.2	1.8324e-06
285.4	1.8566e-06
285.6	1.9054e-06
285.8	1.9995e-06
286.0	2.0982e-06
286.2	2.2018e-06
286.4	2.3105e-06
286.6	2.4245e-06
286.8	2.5442e-06
287.0	2.6698e-06
287.2	2.8016e-06
287.4	2.94e-06
287.6	3.0851e-06
287.8	3.2374e-06
288.0	3.3972e-06
288.2	3.565e-06
288.4	3.741e-06
288.6	3.9257e-06
288.8	4.1195e-06
289.0	4.3229e-06
289.2	4.5363e-06
289.4	4.0407e-06
289.6	3.3379e-06
289.8	2.7574e-06
290.0	2.2778e-06
290.2	1.8817e-06
290.4	1.5544e-06
290.6	1.2841e-06
290.8	1.0608e-06
291.0	8.7627e-07
291.2	7.2387e-07
291.4	5.9798e-07
291.6	4.9398e-07
291.8	4.0806e-07
292.0	3.3709e-07
292.2	2.7847e-07
292.4	2.3004e-07
292.6	1.9003e-07
292.8	1.5698e-07
293.0	1.3019e-07
293.2	1.5972e-07
293.4	1.9594e-07
293.6	2.4038e-07
293.8	2.949e-07
294.0	3.6179e-07
294.2	4.4384e-07
294.4	5.445e-07
294.6	6.68e-07
294.8	8.195e-07
295.0	1.0054e-06
295.2	8.8766e-07
295.4	7.8374e-07
295.6	6.9199e-07
295.8	6.1098e-07
296.0	5.3945e-07
296.2	4.763e-07
296.4	4.2054e-07
296.6	3.713e-07
296.8	3.2784e-07
297.0	2.8946e-07
297.2	2.5557e-07
297.4	2.2565e-07
297.6	1.9923e-07
297.8	1.7591e-07
298.0	1.5531e-07
298.2	1.7402e-07
298.4	1.9642e-07
298.6	2.217e-07
298.8	2.5023e-07
299.0	2.8244e-07
299.2	3.1879e-07
299.4	3.5982e-07
299.6	4.0614e-07
299.8	4.5841e-07
300.0	5.1741e-07
300.2	5.8401e-07
300.4	6.5918e-07
300.6	7.4402e-07
300.8	8.3978e-07
301.0	9.4787e-07
301.2	1.0699e-06
301.4	1.2076e-06
301.6	1.363e-06
301.8	1.448e-06
302.0	1.34e-06
302.2	1.24e-06
302.4	1.1475e-06
302.6	1.0619e-06
302.8	9.8266e-07
303.0	9.0934e-07
303.2	8.415e-07
303.4	7.7872e-07
303.6	7.2062e-07
303.8	6.6686e-07
304.0	6.1711e-07
304.2	5.7107e-07
304.4	5.2846e-07
304.6	4.8903e-07
304.8	4.5255e-07
305.0	4.1878e-07
305.2	2.4403e-07
305.4	1.422e-07
305.6	9.2973e-08
305.8	9.2541e-08
306.0	9.2112e-08
306.2	9.1684e-08
306.4	9.1259e-08
306.6	9.0835e-08
306.8	9.0414e-08
307.0	8.9994e-08
307.2	8.9576e-08
307.4	8.916e-08
307.6	8.8747e-08
307.8	8.8335e-08
308.0	8.7925e-08
308.2	8.7517e-08
308.4	8.711e-08
308.6	8.6706e-08
308.8	8.6304e-08
309.0	8.5903e-08
309.2	8.5504e-08
309.4	8.5068e-08
309.6	8.4599e-08
309.8	8.4133e-08
310.0	8.367e-08
310.2	8.3209e-08
310.4	8.275e-08
310.6	8.2294e-08
310.8	8.1841e-08
311.0	8.139e-08
311.2	8.0942e-08
311.4	8.0496e-08
311.6	8.0052e-08
311.8	7.9611e-08
312.0	7.9173e-08
312.2	7.8736e-08
312.4	7.8303e-08
312.6	7.7871e-08
312.8	7.7442e-08
313.0	7.7016e-08
313.2	7.6583e-08
313.4	7.6152e-08
313.6	7.5723e-08
313.8	7.5296e-08
314.0	7.4872e-08
314.2	7.4451e-08
314.4	7.4031e-08
314.6	7.3614e-08
314.8	7.32e-08
315.0	7.2787e-08
315.2	7.2377e-08
315.4	7.197e-08
315.6	7.1564e-08
315.8	7.1161e-08
316.0	7.076e-08
316.2	7.0362e-08
316.4	6.9965e-08
316.6	6.9571e-08
316.8	6.9198e-08
317.0	6.891e-08
317.2	6.8622e-08
317.4	6.8336e-08
317.6	6.8051e-08
317.8	6.7767e-08
318.0	6.7485e-08
318.2	6.7203e-08
318.4	6.6923e-08
318.6	6.6644e-08
318.8	6.6366e-08
319.0	6.6089e-08
319.2	6.5813e-08
319.4	6.5539e-08
319.6	6.5266e-08
319.8	6.4993e-08
320.0	6.4722e-08
320.2	6.4452e-08
320.4	6.4184e-08
320.6	6.8716e-08
320.8	7.855e-08
321.0	8.9791e-08
321.2	1.0264e-07
321.4	1.1733e-07
321.6	1.3412e-07
321.8	1.5331e-07
322.0	1.7525e-07
322.2	2.0033e-07
322.4	2.29e-07
322.6	2.6178e-07
322.8	2.9924e-07
323.0	3.4206e-07
323.2	3.9101e-07
323.4	4.4697e-07
323.6	5.1094e-07
323.8	5.8405e-07
324.0	6.6764e-07
324.2	7.6318e-07
324.4	7.3488e-07
324.6	6.8972e-07
324.8	6.4733e-07
325.0	6.0755e-07
325.2	5.7022e-07
325.4	5.3518e-07
325.6	5.0229e-07
325.8	4.7142e-07
326.0	4.4245e-07
326.2	4.1526e-07
326.4	3.8974e-07
326.6	3.6579e-07
326.8	3.4331e-07
327.0	3.2222e-07
327.2	3.0241e-07
327.4	2.8383e-07
327.6	2.6639e-07
327.8	2.5002e-07
328.0	2.3283e-07
328.2	2.1126e-07
328.4	1.9168e-07
328.6	1.7391e-07
328.8	1.5779e-07
329.0	1.4317e-07
329.2	1.299e-07
329.4	1.1786e-07
329.6	1.0694e-07
329.8	9.7029e-08
330.0	8.8036e-08
330.2	7.9877e-08
330.4	7.2474e-08
330.6	6.5758e-08
330.8	5.9663e-08
331.0	5.4134e-08
331.2	4.9117e-08
331.4	4.4565e-08
331.6	4.0435e-08
331.8	3.8687e-08
332.0	3.8405e-08
332.2	3.8125e-08
332.4	3.7847e-08
332.6	3.7571e-08
332.8	3.7298e-08
333.0	3.7026e-08
333.2	3.6756e-08
333.4	3.6488e-08
333.6	3.6223e-08
333.8	3.5959e-08
334.0	3.5697e-08
334.2	3.5437e-08
334.4	3.5178e-08
334.6	3.4922e-08
334.8	3.4668e-08
335.0	3.4415e-08
335.2	3.398e-08
335.4	3.3551e-08
335.6	3.3151e-08
335.8	3.2824e-08
336.0	3.2501e-08
336.2	3.2181e-08
336.4	3.1864e-08
336.6	3.155e-08
336.8	3.1239e-08
337.0	3.0931e-08
337.2	3.0627e-08
337.4	3.0325e-08
337.6	3.0026e-08
337.8	2.973e-08
338.0	2.9438e-08
338.2	2.9148e-08
338.4	2.886e-08
338.6	2.8576e-08
338.8	2.8295e-08
339.0	2.8016e-08
339.2	2.774e-08
339.4	2.7508e-08
339.6	2.7304e-08
339.8	2.7102e-08
340.0	2.6902e-08
340.2	2.6703e-08
340.4	2.6505e-08
340.6	2.6309e-08
340.8	2.6115e-08
341.0	2.5922e-08
341.2	2.573e-08
341.4	2.554e-08
341.6	2.5351e-08
341.8	2.5163e-08
342.0	2.4977e-08
342.2	2.4792e-08
342.4	2.4609e-08
342.6	2.4427e-08
342.8	2.4246e-08
343.0	2.4067e-08
343.2	2.3981e-08
343.4	2.39e-08
343.6	2.3818e-08
343.8	2.3737e-08
344.0	2.3656e-08
344.2	2.3576e-08
344.4	2.3495e-08
344.6	2.3415e-08
344.8	2.3336e-08
345.0	2.3256e-08
345.2	2.3177e-08
345.4	2.3098e-08
345.6	2.3019e-08
345.8	2.2941e-08
346.0	2.2863e-08
346.2	2.2785e-08
346.4	2.2707e-08
346.6	2.263e-08
346.8	2.2587e-08
347.0	2.2615e-08
347.2	2.2643e-08
347.4	2.2671e-08
347.6	2.2699e-08
347.8	2.2727e-08
348.0	2.2755e-08
348.2	2.2783e-08
348.4	2.2811e-08
348.6	2.2839e-08
348.8	2.2867e-08
349.0	2.2895e-08
349.2	2.2924e-08
349.4	2.2952e-08
349.6	2.298e-08
349.8	2.3008e-08
350.0	2.3037e-08
350.2	2.3065e-08
350.4	2.3094e-08
350.6	2.3102e-08
350.8	2.3102e-08
351.0	2.3101e-08
351.2	2.3101e-08
351.4	2.31e-08
351.6	2.31e-08
351.8	2.3099e-08
352.0	2.3099e-08
352.2	2.3098e-08
352.4	2.3098e-08
352.6	2.3098e-08
352.8	2.3097e-08
353.0	2.3097e-08
353.2	2.3096e-08
353.4	2.3096e-08
353.6	2.3095e-08
353.8	2.3095e-08
354.0	2.3095e-08
354.2	2.3397e-08
354.4	2.7543e-08
354.6	3.2424e-08
354.8	3.8169e-08
355.0	4.4932e-08
355.2	5.2894e-08
355.4	6.2266e-08
355.6	7.3299e-08
355.8	8.6287e-08
356.0	1.0158e-07
356.2	1.1957e-07
356.4	1.4076e-07
356.6	1.657e-07
356.8	1.9507e-07
357.0	2.2963e-07
357.2	2.7032e-07
357.4	3.1822e-07
357.6	3.746e-07
357.8	4.4098e-07
358.0	4.7823e-07
358.2	4.7193e-07
358.4	4.657e-07
358.6	4.5956e-07
358.8	4.535e-07
359.0	4.4752e-07
359.2	4.4162e-07
359.4	4.358e-07
359.6	4.3005e-07
359.8	4.2438e-07
360.0	4.1879e-07
360.2	4.1326e-07
360.4	4.0781e-07
360.6	4.0244e-07
360.8	3.9713e-07
361.0	3.9189e-07
361.2	3.8673e-07
361.4	3.8163e-07
361.6	3.7659e-07
361.8	3.5766e-07
362.0	3.3766e-07
362.2	3.1877e-07
362.4	3.0094e-07
362.6	2.8411e-07
362.8	2.6822e-07
363.0	2.5322e-07
363.2	2.3905e-07
363.4	2.2568e-07
363.6	2.1306e-07
363.8	2.0114e-07
364.0	1.8989e-07
364.2	1.7927e-07
364.4	1.6925e-07
364.6	1.5978e-07
364.8	1.5084e-07
365.0	1.4241e-07
365.2	1.5617e-07
365.4	1.7127e-07
365.6	1.8783e-07
365.8	2.0598e-07
366.0	2.259e-07
366.2	2.4774e-07
366.4	2.7169e-07
366.6	2.9795e-07
366.8	3.2675e-07
367.0	3.2238e-07
367.2	2.7723e-07
367.4	2.384e-07
367.6	2.0501e-07
367.8	1.763e-07
368.0	1.5161e-07
368.2	1.3038e-07
368.4	1.1212e-07
368.6	9.6418e-08
368.8	8.2915e-08
369.0	7.1303e-08
369.2	6.1317e-08
369.4	5.273e-08
369.6	4.5345e-08
369.8	3.8995e-08
370.0	3.3533e-08
370.2	2.8837e-08
370.4	2.4799e-08
370.6	2.1326e-08
370.8	2.2573e-08
371.0	2.5167e-08
371.2	2.8059e-08
371.4	3.1283e-08
371.6	3.4878e-08
371.8	3.8886e-08
372.0	4.3354e-08
372.2	4.8336e-08
372.4	5.3891e-08
372.6	6.0083e-08
372.8	6.6988e-08
373.0	7.4685e-08
373.2	8.3267e-08
373.4	9.2836e-08
373.6	1.035e-07
373.8	1.154e-07
374.0	1.2866e-07
374.2	1.4344e-07
374.4	1.5397e-07
374.6	1.3731e-07
374.8	1.2245e-07
375.0	1.092e-07
375.2	9.7388e-08
375.4	8.6851e-08
375.6	7.7454e-08
375.8	6.9074e-08
376.0	6.16e-08
376.2	5.4935e-08
376.4	4.8991e-08
376.6	4.369e-08
376.8	3.8963e-08
377.0	3.4747e-08
377.2	3.0988e-08
377.4	2.7635e-08
377.6	2.4645e-08
377.8	2.1978e-08
378.0	1.96e-08
378.2	1.9187e-08
378.4	2.0269e-08
378.6	2.1413e-08
378.8	2.2621e-08
379.0	2.3897e-08
379.2	2.5246e-08
379.4	2.667e-08
379.6	2.8175e-08
379.8	2.9765e-08
380.0	3.1444e-08
380.2	3.3219e-08
380.4	3.5093e-08
380.6	3.7073e-08
380.8	3.9165e-08
381.0	4.1375e-08
381.2	4.3709e-08
381.4	4.6175e-08
381.6	4.8781e-08
381.8	5.1533e-08
382.0	5.4691e-08
382.2	5.806e-08
382.4	6.1636e-08
382.6	6.5432e-08
382.8	6.9462e-08
383.0	7.3741e-08
383.2	7.8283e-08
383.4	8.3104e-08
383.6	8.8223e-08
383.8	9.3657e-08
384.0	9.9425e-08
384.2	1.0555e-07
384.4	1.1205e-07
384.6	1.1895e-07
384.8	1.2628e-07
385.0	1.3406e-07
385.2	1.4231e-07
385.4	1.5108e-07
385.6	1.5055e-07
385.8	1.3232e-07
386.0	1.163e-07
386.2	1.0222e-07
386.4	8.9845e-08
386.6	7.8967e-08
386.8	6.9406e-08
387.0	6.1003e-08
387.2	5.3617e-08
387.4	4.7125e-08
387.6	4.1419e-08
387.8	3.6404e-08
388.0	3.1997e-08
388.2	2.8123e-08
388.4	2.4718e-08
388.6	2.1725e-08
388.8	1.9095e-08
389.0	1.6783e-08
389.2	1.4751e-08
389.4	1.4731e-08
389.6	1.5387e-08
389.8	1.6072e-08
390.0	1.6787e-08
390.2	1.7534e-08
390.4	1.8315e-08
390.6	1.913e-08
390.8	1.9982e-08
391.0	2.0871e-08
391.2	2.18e-08
391.4	2.277e-08
391.6	2.3784e-08
391.8	2.4843e-08
392.0	2.5948e-08
392.2	2.1546e-08
392.4	1.7891e-08
392.6	1.4856e-08
392.8	1.2336e-08
393.0	1.1957e-08
393.2	1.3447e-08
393.4	1.5124e-08
393.6	1.7009e-08
393.8	1.9129e-08
394.0	2.1513e-08
394.2	2.4195e-08
394.4	2.7211e-08
394.6	3.0602e-08
394.8	3.4417e-08
395.0	3.8707e-08
395.2	4.3531e-08
395.4	4.8958e-08
395.6	5.506e-08
395.8	6.1923e-08
396.0	6.9642e-08
396.2	7.8322e-08
396.4	8.8085e-08
396.6	9.9065e-08
396.8	1.0e-07
397.0	1.0e-07
397.2	1.0e-07
397.4	1.0e-07
397.6	1.0e-07
397.8	1.0e-07
398.0	1.0e-07
398.2	1.0e-07
398.4	1.0e-07
398.6	1.0e-07
398.8	1.0e-07
399.0	1.0e-07
399.2	1.0e-07
399.4	1.0e-07
399.6	1.0e-07
399.8	1.0e-07
400.0	1.0e-07
400.2	1.0e-07
400.4	1.0031e-07
400.6	1.0124e-07
400.8	1.0217e-07
401.0	1.0312e-07
401.2	1.0407e-07
401.4	1.0503e-07
401.6	1.06e-07
401.8	1.0698e-07
402.0	1.0797e-07
402.2	1.0896e-07
402.4	1.0997e-07
402.6	1.1098e-07
402.8	1.1201e-07
403.0	1.1304e-07
403.2	1.1409e-07
403.4	1.1514e-07
403.6	1.162e-07
403.8	1.1728e-07
404.0	1.1836e-07
404.2	1.1776e-07
404.4	1.1669e-07
404.6	1.1562e-07
404.8	1.1456e-07
405.0	1.1351e-07
405.2	1.1247e-07
405.4	1.1144e-07
405.6	1.1042e-07
405.8	1.0941e-07
406.0	1.0841e-07
406.2	1.0742e-07
406.4	1.0644e-07
406.6	1.0546e-07
406.8	1.045e-07
407.0	1.0354e-07
407.2	1.0259e-07
407.4	1.0165e-07
407.6	1.0072e-07
407.8	1.0e-07
408.0	1.0e-07
408.2	1.0e-07
408.4	1.0e-07
408.6	1.0e-07
408.8	1.0e-07
409.0	1.0e-07
409.2	1.0e-07
409.4	1.0e-07
409.6	1.0e-07
409.8	1.0e-07
410.0	1.0e-07
410.2	1.0e-07
410.4	1.0e-07
410.6	1.0e-07
410.8	1.0e-07
411.0	1.0e-07
411.2	1.0e-07
411.4	1.0e-07
411.6	9.5369e-08
411.8	8.8805e-08
412.0	8.2693e-08
412.2	7.7001e-08
412.4	7.1701e-08
412.6	6.6766e-08
412.8	6.2171e-08
413.0	5.7892e-08
413.2	5.3908e-08
413.4	5.0197e-08
413.6	4.6742e-08
413.8	4.3525e-08
414.0	4.053e-08
414.2	3.774e-08
414.4	3.5143e-08
414.6	3.2724e-08
414.8	3.0471e-08
415.0	2.8374e-08
415.2	2.664e-08
415.4	2.6499e-08
415.6	2.6359e-08
415.8	2.622e-08
416.0	2.6081e-08
416.2	2.5943e-08
416.4	2.5806e-08
416.6	2.567e-08
416.8	2.5534e-08
417.0	2.5399e-08
417.2	2.5265e-08
417.4	2.5131e-08
417.6	2.4999e-08
417.8	2.4866e-08
418.0	2.4735e-08
418.2	2.4604e-08
418.4	2.4474e-08
418.6	2.4345e-08
418.8	2.4216e-08
419.0	2.5303e-08
419.2	2.7319e-08
419.4	2.9497e-08
419.6	3.1848e-08
419.8	3.4386e-08
420.0	3.7127e-08
420.2	4.0086e-08
420.4	4.3282e-08
420.6	4.6731e-08
420.8	5.0456e-08
421.0	5.4478e-08
421.2	5.882e-08
421.4	6.3508e-08
421.6	6.857e-08
421.8	7.4036e-08
422.0	7.9937e-08
422.2	8.6308e-08
422.4	9.3188e-08
422.6	1.0e-07
422.8	1.0e-07
423.0	1.0e-07
423.2	1.0e-07
423.4	1.0e-07
423.6	1.0e-07
423.8	1.0e-07
424.0	1.0e-07
424.2	1.0e-07
424.4	1.0e-07
424.6	1.0e-07
424.8	1.0e-07
425.0	1.0e-07
425.2	1.0e-07
425.4	1.0e-07
425.6	1.0e-07
425.8	1.0e-07
426.0	1.0e-07
426.2	1.0e-07
426.4	7.6848e-08
426.6	4.8612e-08
426.8	3.075e-08
427.0	1.9451e-08
427.2	2.1562e-08
427.4	2.3901e-08
427.6	2.6494e-08
427.8	2.9369e-08
428.0	3.2555e-08
428.2	3.6087e-08
428.4	4.0003e-08
428.6	4.4343e-08
428.8	4.9154e-08
429.0	5.4487e-08
429.2	6.0398e-08
429.4	6.6951e-08
429.6	7.4215e-08
429.8	8.2268e-08
430.0	9.1193e-08
430.2	1.0e-07
430.4	1.0e-07
430.6	1.0e-07
430.8	1.0e-07
431.0	1.0e-07
431.2	1.0e-07
431.4	1.0e-07
431.6	1.0e-07
431.8	1.0e-07
432.0	1.0e-07
432.2	1.0e-07
432.4	1.0e-07
432.6	1.0e-07
432.8	1.0e-07
433.0	1.0e-07
433.2	1.0e-07
433.4	1.0e-07
433.6	1.0e-07
433.8	1.0e-07
434.0	1.0e-07
434.2	1.0e-07
434.4	1.0e-07
434.6	1.0e-07
434.8	1.0e-07
435.0	1.0e-07
435.2	1.0e-07
435.4	1.0e-07
435.6	1.0e-07
435.8	1.0e-07
436.0	1.0e-07
436.2	1.0e-07
436.4	1.0e-07
436.6	1.0e-07
436.8	1.0e-07
437.0	1.0e-07
437.2	1.0e-07
437.4	1.0e-07
437.6	1.0e-07
437.8	9.2562e-08
438.0	8.5677e-08
438.2	7.9305e-08
438.4	7.3406e-08
438.6	6.7946e-08
438.8	6.2892e-08
439.0	5.8214e-08
439.2	5.3884e-08
439.4	4.9876e-08
439.6	4.6167e-08
439.8	4.2733e-08
440.0	3.9554e-08
440.2	3.6612e-08
440.4	3.3889e-08
440.6	3.576e-08
440.8	3.8023e-08
441.0	4.0429e-08
441.2	4.2987e-08
441.4	4.5707e-08
441.6	4.8599e-08
441.8	5.1675e-08
442.0	5.4945e-08
442.2	5.8421e-08
442.4	6.2118e-08
442.6	6.6049e-08
442.8	7.0228e-08
443.0	7.4672e-08
443.2	7.9398e-08
443.4	8.4422e-08
443.6	8.9764e-08
443.8	9.5444e-08
444.0	1.0e-07
444.2	1.0e-07
444.4	1.0e-07
444.6	1.0e-07
444.8	1.0e-07
445.0	1.0e-07
445.2	1.0e-07
445.4	1.0e-07
445.6	1.0e-07
445.8	1.0e-07
446.0	1.0e-07
446.2	1.0e-07
446.4	1.0e-07
446.6	1.0e-07
446.8	1.0e-07
447.0	1.0e-07
447.2	1.0e-07
447.4	1.0e-07
447.6	1.0e-07
447.8	1.0e-07
448.0	1.0e-07
448.2	1.0e-07
448.4	1.0e-07
448.6	1.0e-07
448.8	1.0e-07
449.0	1.0e-07
449.2	1.0e-07
449.4	1.0e-07
449.6	1.0e-07
449.8	1.0e-07
450.0	1.0e-07
450.2	1.0e-07
450.4	1.0e-07
450.6	1.0e-07
450.8	1.0e-07
451.0	1.0e-07
451.2	1.0e-07
451.4	1.0e-07
451.6	1.0e-07
451.8	1.0e-07
452.0	1.0e-07
452.2	1.0e-07
452.4	1.0e-07
452.6	1.0e-07
452.8	1.0e-07
453.0	1.0e-07
453.2	1.0e-07
453.4	1.0e-07
453.6	1.0e-07
453.8	1.0e-07
454.0	1.0e-07
454.2	1.0e-07
454.4	1.0e-07
454.6	1.0e-07
454.8	1.0e-07
455.0	1.0e-07
455.2	1.0e-07
455.4	1.0e-07
455.6	1.0e-07
455.8	1.0e-07
456.0	1.0e-07
456.2	1.0e-07
456.4	1.0e-07
456.6	1.0e-07
456.8	1.0e-07
457.0	1.0e-07
457.2	1.0e-07
457.4	1.0e-07
457.6	1.0e-07
457.8	1.0e-07
458.0	1.0e-07
458.2	1.0e-07
458.4	1.0e-07
458.6	1.0e-07
458.8	1.0e-07
459.0	1.0e-07
459.2	1.0e-07
459.4	1.0e-07
459.6	1.0e-07
459.8	1.0e-07
460.0	1.0e-07
460.2	1.0e-07
460.4	1.0e-07
460.6	1.0e-07
460.8	1.0e-07
461.0	1.0e-07
461.2	1.0e-07
461.4	1.0e-07
461.6	1.0e-07
461.8	1.0e-07
462.0	1.0e-07
462.2	1.0e-07
462.4	1.0e-07
462.6	1.0e-07
462.8	1.0e-07
463.0	1.0e-07
463.2	1.0e-07
463.4	1.0e-07
463.6	1.0e-07
463.8	1.0e-07
464.0	1.0063e-07
464.2	1.0328e-07
464.4	1.06e-07
464.6	1.088e-07
464.8	1.1166e-07
465.0	1.1461e-07
465.2	1.1763e-07
465.4	1.2073e-07
465.6	1.2391e-07
465.8	1.2718e-07
466.0	1.3053e-07
466.2	1.3397e-07
466.4	1.375e-07
466.6	1.4112e-07
466.8	1.4484e-07
467.0	1.4866e-07
467.2	1.5258e-07
467.4	1.566e-07
467.6	1.6073e-07
467.8	1.6497e-07
468.0	1.6932e-07
468.2	1.7378e-07
468.4	1.7836e-07
468.6	1.8306e-07
468.8	1.8789e-07
469.0	1.9313e-07
469.2	1.9949e-07
469.4	2.0606e-07
469.6	2.1285e-07
469.8	2.1986e-07
470.0	2.271e-07
470.2	2.3457e-07
470.4	2.423e-07
470.6	2.5028e-07
470.8	2.5852e-07
471.0	2.6703e-07
471.2	2.7582e-07
471.4	2.8491e-07
471.6	2.9429e-07
471.8	3.0398e-07
472.0	3.1399e-07
472.2	3.2433e-07
472.4	3.3501e-07
472.6	3.4604e-07
472.8	3.5744e-07
473.0	3.6921e-07
473.2	3.8136e-07
473.4	3.9392e-07
473.6	4.0689e-07
473.8	4.2029e-07
474.0	4.3088e-07
474.2	4.3136e-07
474.4	4.3184e-07
474.6	4.3232e-07
474.8	4.328e-07
475.0	4.3328e-07
475.2	4.3376e-07
475.4	4.3424e-07
475.6	4.3472e-07
475.8	4.352e-07
476.0	4.3569e-07
476.2	4.3617e-07
476.4	4.3666e-07
476.6	4.3714e-07
476.8	4.3762e-07
477.0	4.3811e-07
477.2	4.386e-07
477.4	4.3908e-07
477.6	4.3957e-07
477.8	4.4006e-07
478.0	4.4055e-07
478.2	4.4104e-07
478.4	4.4153e-07
478.6	4.4202e-07
478.8	4.4251e-07
479.0	4.4266e-07
479.2	4.4171e-07
479.4	4.4076e-07
479.6	4.3981e-07
479.8	4.3886e-07
480.0	4.3792e-07
480.2	4.3698e-07
480.4	4.3604e-07
480.6	4.351e-07
480.8	4.3417e-07
481.0	4.3323e-07
481.2	4.323e-07
481.4	4.3137e-07
481.6	4.3045e-07
481.8	4.2952e-07
482.0	4.286e-07
482.2	4.2768e-07
482.4	4.2676e-07
482.6	4.2584e-07
482.8	4.2492e-07
483.0	4.2401e-07
483.2	4.231e-07
483.4	4.2219e-07
483.6	4.2128e-07
483.8	4.2038e-07
484.0	4.1911e-07
484.2	4.1666e-07
484.4	4.1421e-07
484.6	4.1178e-07
484.8	4.0937e-07
485.0	4.0697e-07
485.2	4.0458e-07
485.4	4.0221e-07
485.6	3.9985e-07
485.8	3.9751e-07
486.0	3.9518e-07
486.2	3.9286e-07
486.4	3.9056e-07
486.6	3.8827e-07
486.8	3.8599e-07
487.0	3.8373e-07
487.2	3.8148e-07
487.4	3.7924e-07
487.6	3.7701e-07
487.8	3.748e-07
488.0	3.7261e-07
488.2	3.7042e-07
488.4	3.6825e-07
488.6	3.6609e-07
488.8	3.6394e-07
489.0	3.6213e-07
489.2	3.6134e-07
489.4	3.6056e-07
489.6	3.5977e-07
489.8	3.5899e-07
490.0	3.5821e-07
490.2	3.5743e-07
490.4	3.5665e-07
490.6	3.5587e-07
490.8	3.551e-07
491.0	3.5432e-07
491.2	3.5355e-07
491.4	3.5278e-07
491.6	3.5201e-07
491.8	3.5125e-07
492.0	3.5048e-07
492.2	3.4972e-07
492.4	3.4896e-07
492.6	3.482e-07
492.8	3.4744e-07
493.0	3.4668e-07
493.2	3.4593e-07
493.4	3.4517e-07
493.6	3.4442e-07
493.8	3.4367e-07
494.0	3.4429e-07
494.2	3.4892e-07
494.4	3.5362e-07
494.6	3.5838e-07
494.8	3.632e-07
495.0	3.6809e-07
495.2	3.7304e-07
495.4	3.7806e-07
495.6	3.8315e-07
495.8	3.8831e-07
496.0	3.9354e-07
496.2	3.9883e-07
496.4	4.042e-07
496.6	4.0964e-07
496.8	4.1516e-07
497.0	4.2074e-07
497.2	4.2641e-07
497.4	4.3215e-07
497.6	4.0735e-07
497.8	3.6658e-07
498.0	3.299e-07
498.2	2.9688e-07
498.4	2.6717e-07
498.6	2.4044e-07
498.8	2.1638e-07
499.0	1.9472e-07
499.2	1.5386e-07
499.4	1.3127e-07
499.6	1.4591e-07
499.8	1.7281e-07
500.0	1.4872e-07
500.2	3.1725e-08
500.4	2.577e-07
500.6	2.4453e-07
500.8	2.2969e-07
501.0	1.318e-07
501.2	6.5078e-08
501.4	1.1009e-07
501.6	2.0552e-07
501.8	2.9716e-07
502.0	3.5621e-07
502.2	3.6425e-07
502.4	3.7593e-07
502.6	4.4434e-07
502.8	4.6194e-07
503.0	6.3217e-07
503.2	7.9241e-07
503.4	9.3664e-07
503.6	1.0441e-06
503.8	1.2529e-06
504.0	1.566e-06
504.2	2.1834e-06
504.4	2.5801e-06
504.6	3.2143e-06
504.8	3.7452e-06
505.0	4.2217e-06
505.2	4.8334e-06
505.4	5.5584e-06
505.6	6.467e-06
505.8	7.1879e-06
506.0	8.1718e-06
506.2	9.8005e-06
506.4	1.1515e-05
506.6	1.3432e-05
506.8	1.6381e-05
507.0	2.0206e-05
507.2	2.5051e-05
507.4	3.1136e-05
507.6	3.9161e-05
507.8	5.043e-05
508.0	6.768e-05
508.2	9.0463e-05
508.4	1.2179e-04
508.6	1.6778e-04
508.8	2.3232e-04
509.0	3.259e-04
509.2	4.6021e-04
509.4	6.609e-04
509.6	9.3553e-04
509.8	0.00132
510.0	0.00186
510.2	0.00265
510.4	0.00374
510.6	0.00526
510.8	0.00732
511.0	0.01017
511.2	0.01385
511.4	0.0184
511.6	0.02356
511.8	0.02899
512.0	0.03361
512.2	0.03798
512.4	0.04412
512.6	0.05181
512.8	0.06186
513.0	0.07568
513.2	0.09587
513.4	0.13807
513.6	0.18626
513.8	0.25826
514.0	0.36196
514.2	0.50038
514.4	0.66055
514.6	0.80663
514.8	0.89988
515.0	0.93772
515.2	0.94014
515.4	0.93018
515.6	0.92149
515.8	0.92055
516.0	0.92582
516.2	0.93446
516.4	0.94388
516.6	0.95111
516.8	0.95445
517.0	0.95574
517.2	0.95487
517.4	0.9532
517.6	0.95208
517.8	0.9526
518.0	0.95361
518.2	0.95572
518.4	0.95847
518.6	0.96016
518.8	0.96138
519.0	0.96107
519.2	0.96055
519.4	0.95971
519.6	0.95907
519.8	0.95839
520.0	0.959
520.2	0.9598
520.4	0.96047
520.6	0.96152
520.8	0.96212
521.0	0.96189
521.2	0.96094
521.4	0.95894
521.6	0.95647
521.8	0.95413
522.0	0.95231
522.2	0.95111
522.4	0.94973
522.6	0.95045
522.8	0.95175
523.0	0.95378
523.2	0.95655
523.4	0.95933
523.6	0.96155
523.8	0.96371
524.0	0.96443
524.2	0.96533
524.4	0.96509
524.6	0.96413
524.8	0.96342
525.0	0.96267
525.2	0.96141
525.4	0.96025
525.6	0.96012
525.8	0.95948
526.0	0.95929
526.2	0.95871
526.4	0.95817
526.6	0.95748
526.8	0.9567
527.0	0.95583
527.2	0.95487
527.4	0.95386
527.6	0.95311
527.8	0.95259
528.0	0.9531
528.2	0.95293
528.4	0.95361
528.6	0.95438
528.8	0.95485
529.0	0.95533
529.2	0.95632
529.4	0.9561
529.6	0.95644
529.8	0.95606
530.0	0.9558
530.2	0.95547
530.4	0.95524
530.6	0.95566
530.8	0.95616
531.0	0.95675
531.2	0.95767
531.4	0.95888
531.6	0.95986
531.8	0.96058
532.0	0.9613
532.2	0.96184
532.4	0.96222
532.6	0.96225
532.8	0.96196
533.0	0.96092
533.2	0.96053
533.4	0.96046
533.6	0.96077
533.8	0.96098
534.0	0.96136
534.2	0.96205
534.4	0.96305
534.6	0.96394
534.8	0.96528
535.0	0.96562
535.2	0.96611
535.4	0.96632
535.6	0.96591
535.8	0.96551
536.0	0.96461
536.2	0.96337
536.4	0.96201
536.6	0.96082
536.8	0.95998
537.0	0.95912
537.2	0.95887
537.4	0.95862
537.6	0.95902
537.8	0.9588
538.0	0.9593
538.2	0.96012
538.4	0.96034
538.6	0.96077
538.8	0.96114
539.0	0.9614
539.2	0.96161
539.4	0.96159
539.6	0.96183
539.8	0.96198
540.0	0.96189
540.2	0.96205
540.4	0.96291
540.6	0.9633
540.8	0.96411
541.0	0.96536
541.2	0.96563
541.4	0.96595
541.6	0.96622
541.8	0.96629
542.0	0.96595
542.2	0.96573
542.4	0.96509
542.6	0.96411
542.8	0.96366
543.0	0.96337
543.2	0.96363
543.4	0.96316
543.6	0.96274
543.8	0.96325
544.0	0.96345
544.2	0.96439
544.4	0.965
544.6	0.96601
544.8	0.96727
545.0	0.96851
545.2	0.96876
545.4	0.96948
545.6	0.96963
545.8	0.96978
546.0	0.9698
546.2	0.96895
546.4	0.96841
546.6	0.9679
546.8	0.96656
547.0	0.96637
547.2	0.96594
547.4	0.96502
547.6	0.9644
547.8	0.9647
548.0	0.96377
548.2	0.96394
548.4	0.96355
548.6	0.96389
548.8	0.96427
549.0	0.96396
549.2	0.96454
549.4	0.96407
549.6	0.96444
549.8	0.96527
550.0	0.96534
550.2	0.96641
550.4	0.96741
550.6	0.96766
550.8	0.96917
551.0	0.96922
551.2	0.97024
551.4	0.97062
551.6	0.97089
551.8	0.96981
552.0	0.96943
552.2	0.96886
552.4	0.96739
552.6	0.96709
552.8	0.96447
553.0	0.96386
553.2	0.96267
553.4	0.9618
553.6	0.96119
553.8	0.96085
554.0	0.96067
554.2	0.96115
554.4	0.962
554.6	0.96327
554.8	0.96367
555.0	0.96519
555.2	0.96588
555.4	0.96623
555.6	0.9669
555.8	0.96768
556.0	0.96757
556.2	0.96735
556.4	0.9674
556.6	0.96658
556.8	0.96662
557.0	0.9664
557.2	0.96605
557.4	0.96523
557.6	0.96552
557.8	0.96553
558.0	0.96566
558.2	0.96573
558.4	0.96535
558.6	0.96616
558.8	0.96624
559.0	0.96598
559.2	0.96627
559.4	0.9667
559.6	0.96717
559.8	0.96697
560.0	0.96731
560.2	0.96831
560.4	0.96861
560.6	0.96896
560.8	0.96898
561.0	0.96983
561.2	0.96967
561.4	0.97014
561.6	0.96939
561.8	0.96922
562.0	0.96873
562.2	0.96827
562.4	0.96606
562.6	0.96686
562.8	0.96534
563.0	0.96487
563.2	0.96319
563.4	0.96227
563.6	0.96131
563.8	0.96053
564.0	0.95991
564.2	0.95941
564.4	0.95805
564.6	0.95672
564.8	0.95768
565.0	0.95604
565.2	0.95526
565.4	0.95514
565.6	0.95432
565.8	0.95521
566.0	0.9548
566.2	0.9554
566.4	0.95695
566.6	0.95916
566.8	0.9601
567.0	0.96258
567.2	0.96412
567.4	0.96542
567.6	0.96677
567.8	0.96795
568.0	0.96852
568.2	0.96761
568.4	0.96778
568.6	0.96589
568.8	0.96449
569.0	0.96341
569.2	0.96193
569.4	0.96101
569.6	0.96061
569.8	0.9599
570.0	0.96106
570.2	0.96218
570.4	0.9628
570.6	0.96405
570.8	0.96542
571.0	0.96598
571.2	0.96623
571.4	0.96568
571.6	0.96569
571.8	0.9644
572.0	0.96126
572.2	0.95407
572.4	0.94227
572.6	0.92129
572.8	0.88709
573.0	0.8364
573.2	0.76799
573.4	0.68538
573.6	0.59272
573.8	0.49801
574.0	0.41092
574.2	0.30152
574.4	0.26038
574.6	0.20922
574.8	0.16839
575.0	0.13668
575.2	0.11176
575.4	0.0923
575.6	0.07238
575.8	0.06608
576.0	0.05646
576.2	0.0487
576.4	0.0425
576.6	0.03755
576.8	0.02887
577.0	0.03123
577.2	0.02818
577.4	0.02556
577.6	0.02323
577.8	0.02115
578.0	0.01928
578.2	0.01583
578.4	0.01635
578.6	0.01486
578.8	0.01356
579.0	0.01235
579.2	0.0112
579.4	0.00911
579.6	0.0095
579.8	0.0087
580.0	0.00793
580.2	0.00728
580.4	0.00671
580.6	0.0062
580.8	0.00496
581.0	0.00527
581.2	0.0049
581.4	0.00454
581.6	0.00416
581.8	0.00377
582.0	0.00277
582.2	0.00292
582.4	0.00255
582.6	0.00216
582.8	0.00183
583.0	0.00152
583.2	0.00125
583.4	8.9654e-04
583.6	8.5127e-04
583.8	6.9993e-04
584.0	5.7535e-04
584.2	4.7648e-04
584.4	3.9895e-04
584.6	2.8194e-04
584.8	2.7901e-04
585.0	2.437e-04
585.2	2.1022e-04
585.4	1.8407e-04
585.6	1.5473e-04
585.8	1.3632e-04
586.0	1.3078e-04
586.2	1.1935e-04
586.4	1.0847e-04
586.6	9.9318e-05
586.8	9.3855e-05
587.0	8.704e-05
587.2	8.6694e-05
587.4	8.635e-05
587.6	8.6006e-05
587.8	8.5664e-05
588.0	8.5324e-05
588.2	8.4984e-05
588.4	8.4423e-05
588.6	8.3349e-05
588.8	8.2289e-05
589.0	8.1242e-05
589.2	8.0209e-05
589.4	7.9189e-05
589.6	7.8181e-05
589.8	7.7187e-05
590.0	7.6205e-05
590.2	7.5236e-05
590.4	7.4279e-05
590.6	7.3334e-05
590.8	7.2401e-05
591.0	7.148e-05
591.2	7.0571e-05
591.4	6.9673e-05
591.6	6.8787e-05
591.8	6.7912e-05
592.0	6.3501e-05
592.2	5.8338e-05
592.4	5.3595e-05
592.6	4.9237e-05
592.8	4.5234e-05
593.0	4.1556e-05
593.2	3.8177e-05
593.4	3.5073e-05
593.6	3.2222e-05
593.8	2.9602e-05
594.0	2.7195e-05
594.2	2.4984e-05
594.4	2.2953e-05
594.6	2.1087e-05
594.8	1.9372e-05
595.0	1.7797e-05
595.2	1.635e-05
595.4	1.5021e-05
595.6	1.3799e-05
595.8	1.2678e-05
596.0	1.1647e-05
596.2	1.07e-05
596.4	9.8299e-06
596.6	9.0307e-06
596.8	8.3725e-06
597.0	7.9776e-06
597.2	7.6014e-06
597.4	7.2429e-06
597.6	6.9013e-06
597.8	6.5759e-06
598.0	6.2658e-06
598.2	5.9703e-06
598.4	5.6887e-06
598.6	5.4204e-06
598.8	5.1648e-06
599.0	4.9212e-06
599.2	4.6891e-06
599.4	4.468e-06
599.6	4.2573e-06
599.8	4.0565e-06
600.0	3.8652e-06
600.2	3.6829e-06
600.4	3.5092e-06
600.6	3.3437e-06
600.8	3.1861e-06
601.0	3.0358e-06
601.2	2.8926e-06
601.4	2.7562e-06
601.6	2.6262e-06
601.8	2.5122e-06
602.0	2.4064e-06
602.2	2.3051e-06
602.4	2.208e-06
602.6	2.115e-06
602.8	2.0259e-06
603.0	1.9406e-06
603.2	1.8588e-06
603.4	1.7805e-06
603.6	1.7055e-06
603.8	1.6337e-06
604.0	1.5649e-06
604.2	1.499e-06
604.4	1.4358e-06
604.6	1.3753e-06
604.8	1.3174e-06
605.0	1.2619e-06
605.2	1.2088e-06
605.4	1.1579e-06
605.6	1.1091e-06
605.8	1.0624e-06
606.0	1.0176e-06
606.2	9.7477e-07
606.4	9.3371e-07
606.6	9.0301e-07
606.8	9.0105e-07
607.0	8.991e-07
607.2	8.9715e-07
607.4	8.9521e-07
607.6	8.9327e-07
607.8	8.9133e-07
608.0	8.894e-07
608.2	8.8747e-07
608.4	8.8555e-07
608.6	8.8363e-07
608.8	8.8171e-07
609.0	8.798e-07
609.2	8.7789e-07
609.4	8.7599e-07
609.6	8.7409e-07
609.8	8.722e-07
610.0	8.7031e-07
610.2	8.6842e-07
610.4	8.6654e-07
610.6	8.6466e-07
610.8	8.6279e-07
611.0	8.6092e-07
611.2	8.5905e-07
611.4	8.5719e-07
611.6	8.5192e-07
611.8	8.4541e-07
612.0	8.3895e-07
612.2	8.3254e-07
612.4	8.2617e-07
612.6	8.1986e-07
612.8	8.1359e-07
613.0	8.0737e-07
613.2	8.012e-07
613.4	7.9507e-07
613.6	7.8899e-07
613.8	7.8296e-07
614.0	7.7698e-07
614.2	7.7104e-07
614.4	7.6514e-07
614.6	7.5929e-07
614.8	7.5349e-07
615.0	7.4773e-07
615.2	7.4201e-07
615.4	7.3634e-07
615.6	7.3071e-07
615.8	7.2513e-07
616.0	7.1958e-07
616.2	7.1408e-07
616.4	7.0624e-07
616.6	6.9109e-07
616.8	6.7626e-07
617.0	6.6175e-07
617.2	6.4755e-07
617.4	6.3365e-07
617.6	6.2006e-07
617.8	6.0675e-07
618.0	5.9373e-07
618.2	5.8099e-07
618.4	5.6853e-07
618.6	5.5633e-07
618.8	5.4439e-07
619.0	5.3271e-07
619.2	5.2128e-07
619.4	5.1009e-07
619.6	4.9915e-07
619.8	4.8844e-07
620.0	4.7795e-07
620.2	4.677e-07
620.4	4.5766e-07
620.6	4.4784e-07
620.8	4.3823e-07
621.0	4.2883e-07
621.2	4.1963e-07
621.4	4.2508e-07
621.6	4.3546e-07
621.8	4.4609e-07
622.0	4.5699e-07
622.2	4.6815e-07
622.4	4.7958e-07
622.6	4.9129e-07
622.8	5.0329e-07
623.0	5.1558e-07
623.2	5.2817e-07
623.4	5.4107e-07
623.6	5.5428e-07
623.8	5.6782e-07
624.0	5.8168e-07
624.2	5.9589e-07
624.4	6.1044e-07
624.6	6.2535e-07
624.8	6.4062e-07
625.0	6.5626e-07
625.2	6.7229e-07
625.4	6.8871e-07
625.6	7.0552e-07
625.8	7.2275e-07
626.0	7.404e-07
626.2	7.5469e-07
626.4	7.5681e-07
626.6	7.5893e-07
626.8	7.6106e-07
627.0	7.632e-07
627.2	7.6534e-07
627.4	7.6749e-07
627.6	7.6964e-07
627.8	7.718e-07
628.0	7.7397e-07
628.2	7.7614e-07
628.4	7.7832e-07
628.6	7.805e-07
628.8	7.8269e-07
629.0	7.8489e-07
629.2	7.8709e-07
629.4	7.893e-07
629.6	7.9151e-07
629.8	7.9373e-07
630.0	7.9596e-07
630.2	7.9819e-07
630.4	8.0043e-07
630.6	8.0268e-07
630.8	8.0493e-07
631.0	8.0719e-07
631.2	8.0337e-07
631.4	7.9723e-07
631.6	7.9113e-07
631.8	7.8508e-07
632.0	7.7908e-07
632.2	7.7313e-07
632.4	7.6721e-07
632.6	7.6135e-07
632.8	7.5553e-07
633.0	7.4975e-07
633.2	7.4402e-07
633.4	7.3833e-07
633.6	7.3269e-07
633.8	7.2709e-07
634.0	7.2153e-07
634.2	7.1601e-07
634.4	7.1054e-07
634.6	7.051e-07
634.8	6.9971e-07
635.0	6.9436e-07
635.2	6.8906e-07
635.4	6.8379e-07
635.6	6.7856e-07
635.8	6.7337e-07
636.0	6.6533e-07
636.2	6.4765e-07
636.4	6.3043e-07
636.6	6.1367e-07
636.8	5.9736e-07
637.0	5.8148e-07
637.2	5.6602e-07
637.4	5.5097e-07
637.6	5.3633e-07
637.8	5.2207e-07
638.0	5.0819e-07
638.2	4.9468e-07
638.4	4.8153e-07
638.6	4.6873e-07
638.8	4.5627e-07
639.0	4.4414e-07
639.2	4.3233e-07
639.4	4.2084e-07
639.6	4.0965e-07
639.8	3.9876e-07
640.0	3.8816e-07
640.2	3.7784e-07
640.4	3.678e-07
640.6	3.5802e-07
640.8	3.4308e-07
641.0	3.2334e-07
641.2	3.0473e-07
641.4	2.872e-07
641.6	2.7067e-07
641.8	2.5509e-07
642.0	2.4041e-07
642.2	2.2658e-07
642.4	2.1354e-07
642.6	2.0125e-07
642.8	1.8967e-07
643.0	1.7875e-07
643.2	1.6846e-07
643.4	1.5877e-07
643.6	1.4963e-07
643.8	1.4102e-07
644.0	1.3291e-07
644.2	1.2526e-07
644.4	1.2205e-07
644.6	1.1893e-07
644.8	1.1589e-07
645.0	1.1293e-07
645.2	1.1004e-07
645.4	1.0722e-07
645.6	1.0448e-07
645.8	1.0181e-07
646.0	9.9204e-08
646.2	9.6667e-08
646.4	9.4195e-08
646.6	9.1785e-08
646.8	8.9438e-08
647.0	8.715e-08
647.2	8.4921e-08
647.4	8.2749e-08
647.6	8.4012e-08
647.8	9.5581e-08
648.0	1.0874e-07
648.2	1.2372e-07
648.4	1.4076e-07
648.6	1.6014e-07
648.8	1.8219e-07
649.0	2.0728e-07
649.2	2.3582e-07
649.4	2.683e-07
649.6	3.0524e-07
649.8	3.4728e-07
650.0	3.951e-07
650.2	4.2001e-07
650.4	4.1544e-07
650.6	4.1092e-07
650.8	4.0645e-07
651.0	4.0203e-07
651.2	3.9766e-07
651.4	3.9333e-07
651.6	3.8905e-07
651.8	3.8482e-07
652.0	3.8038e-07
652.2	3.755e-07
652.4	3.7069e-07
652.6	3.6593e-07
652.8	3.6124e-07
653.0	3.5661e-07
653.2	3.5203e-07
653.4	3.4752e-07
653.6	3.4306e-07
653.8	3.3836e-07
654.0	3.3247e-07
654.2	3.2668e-07
654.4	3.21e-07
654.6	3.1541e-07
654.8	3.0992e-07
655.0	3.0452e-07
655.2	2.9922e-07
655.4	2.9402e-07
655.6	2.8925e-07
655.8	2.9055e-07
656.0	2.9186e-07
656.2	2.9317e-07
656.4	2.9449e-07
656.6	2.9582e-07
656.8	2.9715e-07
657.0	2.9849e-07
657.2	2.9983e-07
657.4	3.0119e-07
657.6	3.0014e-07
657.8	2.9888e-07
658.0	2.9762e-07
658.2	2.9637e-07
658.4	2.9513e-07
658.6	2.9389e-07
658.8	2.9265e-07
659.0	2.9142e-07
659.2	2.902e-07
659.4	2.858e-07
659.6	2.8059e-07
659.8	2.7547e-07
660.0	2.7045e-07
660.2	2.6553e-07
660.4	2.6069e-07
660.6	2.5594e-07
660.8	2.5127e-07
661.0	2.4669e-07
661.2	2.4391e-07
661.4	2.4208e-07
661.6	2.4026e-07
661.8	2.3846e-07
662.0	2.3667e-07
662.2	2.3489e-07
662.4	2.3313e-07
662.6	2.3138e-07
662.8	2.2964e-07
663.0	2.3073e-07
663.2	2.3447e-07
663.4	2.3827e-07
663.6	2.4213e-07
663.8	2.4605e-07
664.0	2.5004e-07
664.2	2.5409e-07
664.4	2.5821e-07
664.6	2.624e-07
664.8	2.6352e-07
665.0	2.5979e-07
665.2	2.5612e-07
665.4	2.525e-07
665.6	2.4893e-07
665.8	2.4541e-07
666.0	2.4194e-07
666.2	2.3852e-07
666.4	2.3515e-07
666.6	2.321e-07
666.8	2.2983e-07
667.0	2.2759e-07
667.2	2.2536e-07
667.4	2.2316e-07
667.6	2.2098e-07
667.8	2.1882e-07
668.0	2.1668e-07
668.2	2.1457e-07
668.4	2.1314e-07
668.6	2.1568e-07
668.8	2.1824e-07
669.0	2.2084e-07
669.2	2.2347e-07
669.4	2.2613e-07
669.6	2.2882e-07
669.8	2.3155e-07
670.0	2.343e-07
670.2	2.3692e-07
670.4	2.3305e-07
670.6	2.2925e-07
670.8	2.255e-07
671.0	2.2182e-07
671.2	2.182e-07
671.4	2.1463e-07
671.6	2.1113e-07
671.8	2.0768e-07
672.0	2.0429e-07
672.2	1.8603e-07
672.4	1.6804e-07
672.6	1.5179e-07
672.8	1.3711e-07
673.0	1.2385e-07
673.2	8.0483e-08
673.4	5.2301e-08
673.6	3.3987e-08
673.8	2.2086e-08
674.0	1.6497e-08
674.2	1.7958e-08
674.4	1.9548e-08
674.6	2.1278e-08
674.8	2.3162e-08
675.0	2.5213e-08
675.2	2.7445e-08
675.4	2.9874e-08
675.6	3.2519e-08
675.8	3.5398e-08
676.0	3.8531e-08
676.2	4.1942e-08
676.4	4.5656e-08
676.6	4.9697e-08
676.8	5.4097e-08
677.0	5.8886e-08
677.2	6.4099e-08
677.4	6.9774e-08
677.6	7.5951e-08
677.8	7.6479e-08
678.0	7.6663e-08
678.2	7.6847e-08
678.4	7.7032e-08
678.6	7.7218e-08
678.8	7.7403e-08
679.0	7.7589e-08
679.2	7.7776e-08
679.4	7.7963e-08
679.6	7.8151e-08
679.8	7.8339e-08
680.0	7.8527e-08
680.2	7.8716e-08
680.4	7.8905e-08
680.6	7.9095e-08
680.8	7.9285e-08
681.0	7.9476e-08
681.2	7.9667e-08
681.4	7.489e-08
681.6	6.7794e-08
681.8	6.137e-08
682.0	5.5555e-08
682.2	5.0291e-08
682.4	4.5526e-08
682.6	4.1212e-08
682.8	3.7307e-08
683.0	3.3772e-08
683.2	3.0572e-08
683.4	2.7675e-08
683.6	2.5053e-08
683.8	2.2679e-08
684.0	2.053e-08
684.2	1.8585e-08
684.4	1.6824e-08
684.6	1.523e-08
684.8	1.3787e-08
685.0	1.3368e-08
685.2	1.4952e-08
685.4	1.6724e-08
685.6	1.8706e-08
685.8	2.0922e-08
686.0	2.3401e-08
686.2	2.6174e-08
686.4	2.9275e-08
686.6	3.2744e-08
686.8	3.6624e-08
687.0	4.0964e-08
687.2	4.5818e-08
687.4	5.1247e-08
687.6	5.7319e-08
687.8	6.4111e-08
688.0	7.1707e-08
688.2	8.0204e-08
688.4	8.9707e-08
688.6	1.0e-07
688.8	1.0e-07
689.0	1.0e-07
689.2	1.0e-07
689.4	1.0e-07
689.6	1.0e-07
689.8	1.0e-07
690.0	1.0e-07
690.2	1.0e-07
690.4	1.0e-07
690.6	1.0e-07
690.8	1.0e-07
691.0	1.0e-07
691.2	1.0e-07
691.4	1.0e-07
691.6	1.0e-07
691.8	1.0e-07
692.0	1.0e-07
692.2	1.0e-07
692.4	9.2636e-08
692.6	8.3596e-08
692.8	7.5439e-08
693.0	6.8078e-08
693.2	6.1435e-08
693.4	5.544e-08
693.6	5.003e-08
693.8	4.5148e-08
694.0	4.0742e-08
694.2	3.6767e-08
694.4	3.3179e-08
694.6	2.9941e-08
694.8	2.702e-08
695.0	2.4383e-08
695.2	2.2004e-08
695.4	1.9857e-08
695.6	1.7919e-08
695.8	1.617e-08
696.0	1.5965e-08
696.2	1.7408e-08
696.4	1.8982e-08
696.6	2.0698e-08
696.8	2.2569e-08
697.0	2.461e-08
697.2	2.6835e-08
697.4	2.9261e-08
697.6	3.1906e-08
697.8	3.479e-08
698.0	3.7936e-08
698.2	4.1365e-08
698.4	4.5105e-08
698.6	4.9183e-08
698.8	5.3629e-08
699.0	5.8477e-08
699.2	6.3764e-08
699.4	6.9529e-08
699.6	7.5421e-08
699.8	8.0224e-08
700.0	8.5333e-08
700.2	9.0767e-08
700.4	9.6548e-08
700.6	1.027e-07
700.8	1.0924e-07
701.0	1.1619e-07
701.2	1.2359e-07
701.4	1.3146e-07
701.6	1.3984e-07
701.8	1.4874e-07
702.0	1.5821e-07
702.2	1.6829e-07
702.4	1.7901e-07
702.6	1.9041e-07
702.8	2.0253e-07
703.0	2.1543e-07
703.2	2.2915e-07
703.4	2.5647e-07
703.6	2.8774e-07
703.8	3.2282e-07
704.0	3.6218e-07
704.2	4.0634e-07
704.4	4.5588e-07
704.6	5.1145e-07
704.8	5.7381e-07
705.0	6.4377e-07
705.2	7.2225e-07
705.4	8.1031e-07
705.6	9.0909e-07
705.8	1.0199e-06
706.0	1.1443e-06
706.2	1.2838e-06
706.4	1.4403e-06
706.6	1.6159e-06
706.8	1.8129e-06
707.0	1.8026e-06
707.2	1.7062e-06
707.4	1.6149e-06
707.6	1.5286e-06
707.8	1.4468e-06
708.0	1.3694e-06
708.2	1.2962e-06
708.4	1.2268e-06
708.6	1.1612e-06
708.8	1.0991e-06
709.0	1.0403e-06
709.2	9.8464e-07
709.4	9.3197e-07
709.6	8.8212e-07
709.8	8.3493e-07
710.0	7.9027e-07
710.2	7.48e-07
710.4	7.0799e-07
710.6	6.548e-07
710.8	5.9034e-07
711.0	5.3222e-07
711.2	4.7982e-07
711.4	4.3259e-07
711.6	3.9e-07
711.8	3.516e-07
712.0	3.1699e-07
712.2	2.8578e-07
712.4	2.5765e-07
712.6	2.3228e-07
712.8	2.0941e-07
713.0	1.888e-07
713.2	1.7021e-07
713.4	1.5345e-07
713.6	1.3835e-07
713.8	1.2473e-07
714.0	1.1245e-07
714.2	1.0401e-07
714.4	1.0392e-07
714.6	1.0383e-07
714.8	1.0373e-07
715.0	1.0364e-07
715.2	1.0355e-07
715.4	1.0345e-07
715.6	1.0336e-07
715.8	1.0327e-07
716.0	1.0317e-07
716.2	1.0308e-07
716.4	1.0299e-07
716.6	1.0289e-07
716.8	1.028e-07
717.0	1.0271e-07
717.2	1.0262e-07
717.4	1.0252e-07
717.6	1.0243e-07
717.8	1.0254e-07
718.0	1.0835e-07
718.2	1.1449e-07
718.4	1.2098e-07
718.6	1.2783e-07
718.8	1.3507e-07
719.0	1.4273e-07
719.2	1.5082e-07
719.4	1.5936e-07
719.6	1.6839e-07
719.8	1.7793e-07
720.0	1.8801e-07
720.2	1.9867e-07
720.4	2.0993e-07
720.6	2.2182e-07
720.8	2.3439e-07
721.0	2.4767e-07
721.2	2.617e-07
721.4	2.7653e-07
721.6	2.8739e-07
721.8	2.9768e-07
722.0	3.0835e-07
722.2	3.194e-07
722.4	3.3085e-07
722.6	3.427e-07
722.8	3.5498e-07
723.0	3.677e-07
723.2	3.8088e-07
723.4	3.9453e-07
723.6	4.0866e-07
723.8	4.2331e-07
724.0	4.3848e-07
724.2	4.5419e-07
724.4	4.7046e-07
724.6	4.8732e-07
724.8	5.0479e-07
725.0	5.2287e-07
725.2	5.3071e-07
725.4	5.3254e-07
725.6	5.3438e-07
725.8	5.3623e-07
726.0	5.3808e-07
726.2	5.3994e-07
726.4	5.418e-07
726.6	5.4367e-07
726.8	5.4555e-07
727.0	5.4743e-07
727.2	5.4932e-07
727.4	5.5122e-07
727.6	5.5312e-07
727.8	5.5503e-07
728.0	5.5695e-07
728.2	5.5887e-07
728.4	5.608e-07
728.6	5.6274e-07
728.8	5.7061e-07
729.0	5.8589e-07
729.2	6.0157e-07
729.4	6.1768e-07
729.6	6.3421e-07
729.8	6.5119e-07
730.0	6.6862e-07
730.2	6.8652e-07
730.4	7.049e-07
730.6	7.2377e-07
730.8	7.4314e-07
731.0	7.6303e-07
731.2	7.8346e-07
731.4	8.0443e-07
731.6	8.2597e-07
731.8	8.4808e-07
732.0	8.7078e-07
732.2	8.9409e-07
732.4	9.092e-07
732.6	9.0189e-07
732.8	8.9464e-07
733.0	8.8745e-07
733.2	8.8031e-07
733.4	8.7323e-07
733.6	8.6621e-07
733.8	8.5925e-07
734.0	8.5234e-07
734.2	8.4548e-07
734.4	8.3869e-07
734.6	8.3194e-07
734.8	8.2525e-07
735.0	8.1862e-07
735.2	8.1204e-07
735.4	8.0551e-07
735.6	7.9903e-07
735.8	7.9261e-07
736.0	7.8349e-07
736.2	7.5488e-07
736.4	7.2732e-07
736.6	7.0077e-07
736.8	6.7518e-07
737.0	6.5053e-07
737.2	6.2678e-07
737.4	6.0389e-07
737.6	5.8184e-07
737.8	5.606e-07
738.0	5.4013e-07
738.2	5.0903e-07
738.4	4.7973e-07
738.6	4.5211e-07
738.8	4.2608e-07
739.0	4.0155e-07
739.2	3.9389e-07
739.4	3.966e-07
739.6	3.9934e-07
739.8	4.0209e-07
740.0	4.0486e-07
740.2	4.0765e-07
740.4	4.1046e-07
740.6	4.1329e-07
740.8	4.1614e-07
741.0	4.1901e-07
741.2	4.219e-07
741.4	4.2481e-07
741.6	4.2773e-07
741.8	4.3068e-07
742.0	4.3365e-07
742.2	4.3664e-07
742.4	4.3965e-07
742.6	4.4268e-07
742.8	4.5537e-07
743.0	4.8658e-07
743.2	5.1994e-07
743.4	5.5558e-07
743.6	5.9366e-07
743.8	6.3435e-07
744.0	6.7783e-07
744.2	7.2429e-07
744.4	7.7394e-07
744.6	8.2699e-07
744.8	8.8368e-07
745.0	9.4425e-07
745.2	1.009e-06
745.4	1.0781e-06
745.6	1.152e-06
745.8	1.231e-06
746.0	1.3154e-06
746.2	1.4055e-06
746.4	1.5026e-06
746.6	1.6118e-06
746.8	1.7289e-06
747.0	1.8545e-06
747.2	1.9893e-06
747.4	2.1338e-06
747.6	2.2889e-06
747.8	2.4552e-06
748.0	2.6336e-06
748.2	2.825e-06
748.4	3.0303e-06
748.6	3.2505e-06
748.8	3.4866e-06
749.0	3.74e-06
749.2	4.0118e-06
749.4	4.3033e-06
749.6	4.616e-06
749.8	4.9514e-06
750.0	5.3112e-06
750.2	5.4381e-06
750.4	5.5377e-06
750.6	5.6391e-06
750.8	5.7424e-06
751.0	5.8476e-06
751.2	5.9548e-06
751.4	6.0639e-06
751.6	6.175e-06
751.8	6.2881e-06
752.0	6.4033e-06
752.2	6.5206e-06
752.4	6.64e-06
752.6	6.7617e-06
752.8	6.8856e-06
753.0	7.0117e-06
753.2	7.1402e-06
753.4	7.271e-06
753.6	7.4042e-06
753.8	7.5259e-06
754.0	7.6429e-06
754.2	7.7618e-06
754.4	7.8825e-06
754.6	8.0051e-06
754.8	8.1296e-06
755.0	8.256e-06
755.2	8.3845e-06
755.4	8.5149e-06
755.6	8.6473e-06
755.8	8.7818e-06
756.0	8.9184e-06
756.2	9.0571e-06
756.4	9.1979e-06
756.6	9.341e-06
756.8	9.4863e-06
757.0	9.6338e-06
757.2	9.7836e-06
757.4	9.5557e-06
757.6	8.9394e-06
757.8	8.3628e-06
758.0	7.8234e-06
758.2	7.3188e-06
758.4	6.8467e-06
758.6	6.4051e-06
758.8	5.992e-06
759.0	5.6055e-06
759.2	5.2439e-06
759.4	4.9057e-06
759.6	4.5893e-06
759.8	4.2933e-06
760.0	4.0163e-06
760.2	3.7573e-06
760.4	3.5149e-06
760.6	3.2882e-06
760.8	3.0761e-06
761.0	2.8706e-06
761.2	2.662e-06
761.4	2.4685e-06
761.6	2.289e-06
761.8	2.1226e-06
762.0	1.9683e-06
762.2	1.8252e-06
762.4	1.6925e-06
762.6	1.5695e-06
762.8	1.4554e-06
763.0	1.3496e-06
763.2	1.2515e-06
763.4	1.1605e-06
763.6	1.0762e-06
763.8	9.9793e-07
764.0	9.2539e-07
764.2	8.5812e-07
764.4	7.9574e-07
764.6	7.4219e-07
764.8	7.3164e-07
765.0	7.2123e-07
765.2	7.1098e-07
765.4	7.0087e-07
765.6	6.909e-07
765.8	6.8108e-07
766.0	6.7139e-07
766.2	6.6184e-07
766.4	6.5243e-07
766.6	6.4316e-07
766.8	6.3401e-07
767.0	6.2499e-07
767.2	6.1611e-07
767.4	6.0735e-07
767.6	5.9871e-07
767.8	5.902e-07
768.0	5.818e-07
768.2	5.7353e-07
768.4	5.9145e-07
768.6	6.1232e-07
768.8	6.3393e-07
769.0	6.5631e-07
769.2	6.7947e-07
769.4	7.0345e-07
769.6	7.2828e-07
769.8	7.5398e-07
770.0	7.8059e-07
770.2	8.0814e-07
770.4	8.3666e-07
770.6	8.6619e-07
770.8	8.9676e-07
771.0	9.2841e-07
771.2	9.6117e-07
771.4	9.951e-07
771.6	1.0302e-06
771.8	1.0666e-06
772.0	1.1368e-06
772.2	1.2232e-06
772.4	1.3162e-06
772.6	1.4162e-06
772.8	1.5239e-06
773.0	1.6397e-06
773.2	1.7643e-06
773.4	1.8984e-06
773.6	2.0427e-06
773.8	2.1979e-06
774.0	2.365e-06
774.2	2.5447e-06
774.4	2.7381e-06
774.6	2.9462e-06
774.8	3.1701e-06
775.0	3.4111e-06
775.2	3.6703e-06
775.4	3.9493e-06
775.6	4.1821e-06
775.8	4.3807e-06
776.0	4.5887e-06
776.2	4.8066e-06
776.4	5.0349e-06
776.6	5.274e-06
776.8	5.5245e-06
777.0	5.7868e-06
777.2	6.0617e-06
777.4	6.3495e-06
777.6	6.6511e-06
777.8	6.9669e-06
778.0	7.2978e-06
778.2	7.6444e-06
778.4	8.0074e-06
778.6	8.3877e-06
778.8	8.786e-06
779.0	9.2032e-06
779.2	9.4631e-06
779.4	9.5122e-06
779.6	9.5616e-06
779.8	9.6113e-06
780.0	9.6611e-06
780.2	9.7113e-06
780.4	9.7617e-06
780.6	9.8124e-06
780.8	9.8633e-06
781.0	9.9145e-06
781.2	9.966e-06
781.4	1.0018e-05
781.6	1.007e-05
781.8	1.0122e-05
782.0	1.0175e-05
782.2	1.0227e-05
782.4	1.028e-05
782.6	1.0334e-05
782.8	1.0318e-05
783.0	1.0154e-05
783.2	9.9918e-06
783.4	9.8326e-06
783.6	9.6758e-06
783.8	9.5216e-06
784.0	9.3698e-06
784.2	9.2205e-06
784.4	9.0735e-06
784.6	8.9289e-06
784.8	8.7866e-06
785.0	8.6465e-06
785.2	8.5087e-06
785.4	8.3731e-06
785.6	8.2396e-06
785.8	8.1083e-06
786.0	7.9791e-06
786.2	7.8519e-06
786.4	7.6843e-06
786.6	7.3457e-06
786.8	7.022e-06
787.0	6.7126e-06
787.2	6.4168e-06
787.4	6.134e-06
787.6	5.8637e-06
787.8	5.6053e-06
788.0	5.3583e-06
788.2	5.1222e-06
788.4	4.8965e-06
788.6	4.6807e-06
788.8	4.4745e-06
789.0	4.2773e-06
789.2	4.0888e-06
789.4	3.9086e-06
789.6	3.7364e-06
789.8	3.5718e-06
790.0	3.4167e-06
790.2	3.2955e-06
790.4	3.1786e-06
790.6	3.0659e-06
790.8	2.9571e-06
791.0	2.8523e-06
791.2	2.7511e-06
791.4	2.6535e-06
791.6	2.5594e-06
791.8	2.4687e-06
792.0	2.3811e-06
792.2	2.2967e-06
792.4	2.2152e-06
792.6	2.1366e-06
792.8	2.0609e-06
793.0	1.9878e-06
793.2	1.9173e-06
793.4	1.8493e-06
793.6	1.7837e-06
793.8	1.7698e-06
794.0	1.7576e-06
794.2	1.7455e-06
794.4	1.7335e-06
794.6	1.7215e-06
794.8	1.7097e-06
795.0	1.6979e-06
795.2	1.6881e-06
795.4	1.6783e-06
795.6	1.6686e-06
795.8	1.659e-06
796.0	1.6494e-06
796.2	1.6399e-06
796.4	1.6304e-06
796.6	1.621e-06
796.8	1.6116e-06
797.0	1.6023e-06
797.2	1.5959e-06
797.4	1.6354e-06
797.6	1.6758e-06
797.8	1.7173e-06
798.0	1.7597e-06
798.2	1.8032e-06
798.4	1.8478e-06
798.6	1.8935e-06
798.8	1.9403e-06
799.0	1.9883e-06
799.2	2.0375e-06
799.4	2.0879e-06
799.6	2.1395e-06
799.8	2.1924e-06
800.0	2.2466e-06
800.2	2.3022e-06
800.4	2.3591e-06
800.6	2.4174e-06
800.8	2.4772e-06
801.0	2.5973e-06
801.2	2.7252e-06
801.4	2.8594e-06
801.6	3.0002e-06
801.8	3.1479e-06
802.0	3.303e-06
802.2	3.4656e-06
802.4	3.6362e-06
802.6	3.8153e-06
802.8	4.0031e-06
803.0	4.2003e-06
803.2	4.3292e-06
803.4	4.4621e-06
803.6	4.599e-06
803.8	4.7402e-06
804.0	4.8857e-06
804.2	5.0322e-06
804.4	5.1518e-06
804.6	5.2741e-06
804.8	5.3994e-06
805.0	5.5276e-06
805.2	5.6589e-06
805.4	5.7933e-06
805.6	5.9308e-06
805.8	6.0717e-06
806.0	6.2159e-06
806.2	6.3635e-06
806.4	6.5146e-06
806.6	6.6693e-06
806.8	6.8277e-06
807.0	6.9899e-06
807.2	7.1559e-06
807.4	7.3258e-06
807.6	7.4998e-06
807.8	7.6779e-06
808.0	7.7127e-06
808.2	7.7374e-06
808.4	7.7621e-06
808.6	7.787e-06
808.8	7.8119e-06
809.0	7.8369e-06
809.2	7.862e-06
809.4	7.8872e-06
809.6	7.9125e-06
809.8	7.9378e-06
810.0	7.9632e-06
810.2	7.9887e-06
810.4	8.0143e-06
810.6	8.04e-06
810.8	8.0657e-06
811.0	8.0915e-06
811.2	8.1175e-06
811.4	8.1434e-06
811.6	8.1642e-06
811.8	8.1836e-06
812.0	8.2031e-06
812.2	8.2226e-06
812.4	8.2421e-06
812.6	8.2617e-06
812.8	8.2813e-06
813.0	8.301e-06
813.2	8.3207e-06
813.4	8.3405e-06
813.6	8.3603e-06
813.8	8.3802e-06
814.0	8.4001e-06
814.2	8.42e-06
814.4	8.44e-06
814.6	8.4601e-06
814.8	8.4802e-06
815.0	8.5003e-06
815.2	8.4505e-06
815.4	8.362e-06
815.6	8.2744e-06
815.8	8.1878e-06
816.0	8.102e-06
816.2	8.0172e-06
816.4	7.9332e-06
816.6	7.8502e-06
816.8	7.768e-06
817.0	7.6866e-06
817.2	7.6061e-06
817.4	7.5265e-06
817.6	7.4477e-06
817.8	7.3697e-06
818.0	7.2925e-06
818.2	7.2161e-06
818.4	7.1406e-06
818.6	7.0658e-06
818.8	6.888e-06
819.0	6.6187e-06
819.2	6.36e-06
819.4	6.1114e-06
819.6	5.8725e-06
819.8	5.643e-06
820.0	5.4224e-06
820.2	5.2105e-06
820.4	5.0068e-06
820.6	4.8111e-06
820.8	4.6231e-06
821.0	4.4424e-06
821.2	4.2687e-06
821.4	4.1019e-06
821.6	3.9416e-06
821.8	3.7875e-06
822.0	3.6394e-06
822.2	3.4972e-06
822.4	3.3705e-06
822.6	3.2638e-06
822.8	3.1605e-06
823.0	3.0605e-06
823.2	2.9636e-06
823.4	2.8698e-06
823.6	2.779e-06
823.8	2.6911e-06
824.0	2.6059e-06
824.2	2.5234e-06
824.4	2.4436e-06
824.6	2.3662e-06
824.8	2.2913e-06
825.0	2.2188e-06
825.2	2.1486e-06
825.4	2.0806e-06
825.6	2.0147e-06
825.8	1.951e-06
826.0	1.9069e-06
826.2	1.9111e-06
826.4	1.9153e-06
826.6	1.9196e-06
826.8	1.9239e-06
827.0	1.9282e-06
827.2	1.9324e-06
827.4	1.9367e-06
827.6	1.9411e-06
827.8	1.9454e-06
828.0	1.9497e-06
828.2	1.954e-06
828.4	1.9584e-06
828.6	1.9627e-06
828.8	1.9671e-06
829.0	1.9715e-06
829.2	1.9759e-06
829.4	1.9803e-06
829.6	1.9953e-06
829.8	2.0653e-06
830.0	2.1378e-06
830.2	2.2129e-06
830.4	2.2906e-06
830.6	2.371e-06
830.8	2.4542e-06
831.0	2.5404e-06
831.2	2.6295e-06
831.4	2.7218e-06
831.6	2.8174e-06
831.8	2.9163e-06
832.0	3.0187e-06
832.2	3.1246e-06
832.4	3.2343e-06
832.6	3.3479e-06
832.8	3.4654e-06
833.0	3.5871e-06
833.2	3.7123e-06
833.4	3.8324e-06
833.6	3.9565e-06
833.8	4.0845e-06
834.0	4.2167e-06
834.2	4.3532e-06
834.4	4.4941e-06
834.6	4.6395e-06
834.8	4.7897e-06
835.0	4.9447e-06
835.2	5.1048e-06
835.4	5.27e-06
835.6	5.4405e-06
835.8	5.6166e-06
836.0	5.7984e-06
836.2	5.986e-06
836.4	6.1798e-06
836.6	6.3798e-06
836.8	6.5863e-06
837.0	6.5913e-06
837.2	6.5932e-06
837.4	6.5951e-06
837.6	6.597e-06
837.8	6.5989e-06
838.0	6.6008e-06
838.2	6.6026e-06
838.4	6.6045e-06
838.6	6.6064e-06
838.8	6.6083e-06
839.0	6.6102e-06
839.2	6.6121e-06
839.4	6.614e-06
839.6	6.6159e-06
839.8	6.6178e-06
840.0	6.6197e-06
840.2	6.6216e-06
840.4	6.6235e-06
840.6	6.5552e-06
840.8	6.4808e-06
841.0	6.4072e-06
841.2	6.3345e-06
841.4	6.2625e-06
841.6	6.1914e-06
841.8	6.1211e-06
842.0	6.0516e-06
842.2	5.9829e-06
842.4	5.915e-06
842.6	5.8478e-06
842.8	5.7814e-06
843.0	5.7158e-06
843.2	5.6509e-06
843.4	5.5867e-06
843.6	5.5233e-06
843.8	5.4605e-06
844.0	5.3985e-06
844.2	5.4143e-06
844.4	5.4443e-06
844.6	5.4746e-06
844.8	5.505e-06
845.0	5.5356e-06
845.2	5.5663e-06
845.4	5.5973e-06
845.6	5.6283e-06
845.8	5.6596e-06
846.0	5.691e-06
846.2	5.7227e-06
846.4	5.7544e-06
846.6	5.7864e-06
846.8	5.8186e-06
847.0	5.8509e-06
847.2	5.8834e-06
847.4	5.9161e-06
847.6	5.9489e-06
847.8	5.948e-06
848.0	5.9377e-06
848.2	5.9275e-06
848.4	5.9173e-06
848.6	5.9071e-06
848.8	5.897e-06
849.0	5.8868e-06
849.2	5.8767e-06
849.4	5.8666e-06
849.6	5.8565e-06
849.8	5.8464e-06
850.0	5.8363e-06
850.2	5.8263e-06
850.4	5.8163e-06
850.6	5.8063e-06
850.8	5.7963e-06
851.0	5.7863e-06
851.2	5.7763e-06
851.4	5.5736e-06
851.6	5.3141e-06
851.8	5.0667e-06
852.0	4.8308e-06
852.2	4.6059e-06
852.4	4.3915e-06
852.6	4.1871e-06
852.8	3.9921e-06
853.0	3.8063e-06
853.2	3.6291e-06
853.4	3.4601e-06
853.6	3.299e-06
853.8	3.1454e-06
854.0	2.999e-06
854.2	2.8594e-06
854.4	2.7263e-06
854.6	2.5993e-06
854.8	2.4783e-06
855.0	2.3823e-06
855.2	2.298e-06
855.4	2.2167e-06
855.6	2.1383e-06
855.8	2.0627e-06
856.0	1.9897e-06
856.2	1.9193e-06
856.4	1.8514e-06
856.6	1.7859e-06
856.8	1.7227e-06
857.0	1.6618e-06
857.2	1.603e-06
857.4	1.5463e-06
857.6	1.4916e-06
857.8	1.4388e-06
858.0	1.3879e-06
858.2	1.3388e-06
858.4	1.2915e-06
858.6	1.291e-06
858.8	1.3128e-06
859.0	1.3349e-06
859.2	1.3575e-06
859.4	1.3804e-06
859.6	1.4037e-06
859.8	1.4275e-06
860.0	1.4516e-06
860.2	1.4761e-06
860.4	1.501e-06
860.6	1.5264e-06
860.8	1.5522e-06
861.0	1.5784e-06
861.2	1.6051e-06
861.4	1.6322e-06
861.6	1.6598e-06
861.8	1.6878e-06
862.0	1.7163e-06
862.2	1.7913e-06
862.4	1.8954e-06
862.6	2.0055e-06
862.8	2.122e-06
863.0	2.2453e-06
863.2	2.3757e-06
863.4	2.5138e-06
863.6	2.6598e-06
863.8	2.8143e-06
864.0	2.9779e-06
864.2	3.1509e-06
864.4	3.3339e-06
864.6	3.5276e-06
864.8	3.7326e-06
865.0	3.9494e-06
865.2	4.1789e-06
865.4	4.4217e-06
865.6	4.6786e-06
865.8	4.7635e-06
866.0	4.7483e-06
866.2	4.7332e-06
866.4	4.7181e-06
866.6	4.7031e-06
866.8	4.6882e-06
867.0	4.6732e-06
867.2	4.6584e-06
867.4	4.6435e-06
867.6	4.6288e-06
867.8	4.614e-06
868.0	4.5993e-06
868.2	4.5596e-06
868.4	4.5202e-06
868.6	4.4812e-06
868.8	4.4425e-06
869.0	4.4041e-06
869.2	4.3661e-06
869.4	4.2615e-06
869.6	4.0634e-06
869.8	3.8745e-06
870.0	3.6944e-06
870.2	3.5227e-06
870.4	3.3589e-06
870.6	3.2028e-06
870.8	3.0539e-06
871.0	2.9119e-06
871.2	2.7766e-06
871.4	2.6475e-06
871.6	2.5244e-06
871.8	2.4071e-06
872.0	2.2952e-06
872.2	2.1885e-06
872.4	2.0868e-06
872.6	1.9898e-06
872.8	1.8973e-06
873.0	1.8296e-06
873.2	1.8073e-06
873.4	1.7852e-06
873.6	1.7634e-06
873.8	1.7419e-06
874.0	1.7206e-06
874.2	1.6996e-06
874.4	1.6789e-06
874.6	1.6584e-06
874.8	1.6381e-06
875.0	1.6181e-06
875.2	1.5983e-06
875.4	1.5788e-06
875.6	1.5595e-06
875.8	1.5405e-06
876.0	1.5217e-06
876.2	1.5031e-06
876.4	1.4848e-06
876.6	1.4721e-06
876.8	1.4758e-06
877.0	1.4796e-06
877.2	1.4834e-06
877.4	1.4872e-06
877.6	1.491e-06
877.8	1.4948e-06
878.0	1.4987e-06
878.2	1.5025e-06
878.4	1.5064e-06
878.6	1.5102e-06
878.8	1.5141e-06
879.0	1.518e-06
879.2	1.5218e-06
879.4	1.5257e-06
879.6	1.5297e-06
879.8	1.5336e-06
880.0	1.5375e-06
880.2	1.5441e-06
880.4	1.5622e-06
880.6	1.5804e-06
880.8	1.5989e-06
881.0	1.6176e-06
881.2	1.6365e-06
881.4	1.6557e-06
881.6	1.675e-06
881.8	1.6946e-06
882.0	1.7144e-06
882.2	1.7345e-06
882.4	1.7548e-06
882.6	1.7753e-06
882.8	1.7961e-06
883.0	1.8171e-06
883.2	1.8383e-06
883.4	1.8598e-06
883.6	1.8816e-06
883.8	1.9108e-06
884.0	1.9857e-06
884.2	2.0636e-06
884.4	2.1445e-06
884.6	2.2286e-06
884.8	2.316e-06
885.0	2.4068e-06
885.2	2.5012e-06
885.4	2.5993e-06
885.6	2.7012e-06
885.8	2.8071e-06
886.0	2.9172e-06
886.2	3.0316e-06
886.4	3.1505e-06
886.6	3.2741e-06
886.8	3.4025e-06
887.0	3.5359e-06
887.2	3.6746e-06
887.4	3.8149e-06
887.6	3.9253e-06
887.8	4.0389e-06
888.0	4.1557e-06
888.2	4.276e-06
888.4	4.3998e-06
888.6	4.5271e-06
888.8	4.6581e-06
889.0	4.7929e-06
889.2	4.9316e-06
889.4	5.0743e-06
889.6	5.2212e-06
889.8	5.3723e-06
890.0	5.5277e-06
890.2	5.6877e-06
890.4	5.8523e-06
890.6	6.0217e-06
890.8	6.1959e-06
891.0	6.3497e-06
891.2	6.1686e-06
891.4	5.9928e-06
891.6	5.8219e-06
891.8	5.6559e-06
892.0	5.4947e-06
892.2	5.338e-06
892.4	5.1858e-06
892.6	5.038e-06
892.8	4.8944e-06
893.0	4.7548e-06
893.2	4.6193e-06
893.4	4.4876e-06
893.6	4.3596e-06
893.8	4.2353e-06
894.0	4.1146e-06
894.2	3.9973e-06
894.4	3.8833e-06
894.6	3.7773e-06
894.8	3.7623e-06
895.0	3.7474e-06
895.2	3.7326e-06
895.4	3.7178e-06
895.6	3.7031e-06
895.8	3.6884e-06
896.0	3.6738e-06
896.2	3.6592e-06
896.4	3.6447e-06
896.6	3.6303e-06
896.8	3.6159e-06
897.0	3.6015e-06
897.2	3.5873e-06
897.4	3.573e-06
897.6	3.5589e-06
897.8	3.5448e-06
898.0	3.5307e-06
898.2	3.52e-06
898.4	3.6013e-06
898.6	3.6845e-06
898.8	3.7696e-06
899.0	3.8566e-06
899.2	3.9457e-06
899.4	4.0368e-06
899.6	4.13e-06
899.8	4.2254e-06
900.0	4.3229e-06
900.2	4.4227e-06
900.4	4.5249e-06
900.6	4.6294e-06
900.8	4.7362e-06
901.0	4.8456e-06
901.2	4.9575e-06
901.4	5.072e-06
901.6	5.1891e-06
901.8	5.2956e-06
902.0	5.0432e-06
902.2	4.8028e-06
902.4	4.5739e-06
902.6	4.3559e-06
902.8	4.1482e-06
903.0	3.9505e-06
903.2	3.7622e-06
903.4	3.5829e-06
903.6	3.4121e-06
903.8	3.2495e-06
904.0	3.0946e-06
904.2	2.9471e-06
904.4	2.8066e-06
904.6	2.6728e-06
904.8	2.5454e-06
905.0	2.4241e-06
905.2	2.3085e-06
905.4	2.1972e-06
905.6	2.0619e-06
905.8	1.935e-06
906.0	1.8159e-06
906.2	1.7041e-06
906.4	1.5992e-06
906.6	1.5007e-06
906.8	1.4084e-06
907.0	1.3217e-06
907.2	1.2403e-06
907.4	1.1639e-06
907.6	1.0923e-06
907.8	1.025e-06
908.0	9.6194e-07
908.2	9.0272e-07
908.4	8.4715e-07
908.6	7.95e-07
908.8	7.4606e-07
909.0	7.0153e-07
909.2	6.8272e-07
909.4	6.6442e-07
909.6	6.4661e-07
909.8	6.2927e-07
910.0	6.124e-07
910.2	5.9598e-07
910.4	5.8e-07
910.6	5.6445e-07
910.8	5.4932e-07
911.0	5.3459e-07
911.2	5.2026e-07
911.4	5.0631e-07
911.6	4.9274e-07
911.8	4.7953e-07
912.0	4.6667e-07
912.2	4.5416e-07
912.4	4.4199e-07
912.6	4.3098e-07
912.8	4.298e-07
913.0	4.2863e-07
913.2	4.2747e-07
913.4	4.263e-07
913.6	4.2514e-07
913.8	4.2398e-07
914.0	4.2283e-07
914.2	4.2168e-07
914.4	4.2053e-07
914.6	4.1938e-07
914.8	4.1824e-07
915.0	4.171e-07
915.2	4.1597e-07
915.4	4.1483e-07
915.6	4.137e-07
915.8	4.1258e-07
916.0	4.1145e-07
916.2	4.1064e-07
916.4	4.122e-07
916.6	4.1377e-07
916.8	4.1534e-07
917.0	4.1692e-07
917.2	4.185e-07
917.4	4.2009e-07
917.6	4.2169e-07
917.8	4.2329e-07
918.0	4.249e-07
918.2	4.2651e-07
918.4	4.2813e-07
918.6	4.2976e-07
918.8	4.3139e-07
919.0	4.3303e-07
919.2	4.3467e-07
919.4	4.3632e-07
919.6	4.3798e-07
919.8	4.4039e-07
920.0	4.4676e-07
920.2	4.5322e-07
920.4	4.5978e-07
920.6	4.6643e-07
920.8	4.7318e-07
921.0	4.8003e-07
921.2	4.8697e-07
921.4	4.9402e-07
921.6	5.0116e-07
921.8	5.0842e-07
922.0	5.1577e-07
922.2	5.2323e-07
922.4	5.308e-07
922.6	5.3848e-07
922.8	5.4627e-07
923.0	5.5418e-07
923.2	5.6219e-07
923.4	5.7102e-07
923.6	5.8254e-07
923.8	5.9429e-07
924.0	6.0629e-07
924.2	6.1852e-07
924.4	6.31e-07
924.6	6.4373e-07
924.8	6.5672e-07
925.0	6.6997e-07
925.2	6.8349e-07
925.4	6.9728e-07
925.6	7.1135e-07
925.8	7.2571e-07
926.0	7.4035e-07
926.2	7.5529e-07
926.4	7.7053e-07
926.6	7.8608e-07
926.8	8.0194e-07
927.0	8.2034e-07
927.2	8.4501e-07
927.4	8.7043e-07
927.6	8.9661e-07
927.8	9.2358e-07
928.0	9.5137e-07
928.2	9.7998e-07
928.4	1.0095e-06
928.6	1.0398e-06
928.8	1.0711e-06
929.0	1.1033e-06
929.2	1.1365e-06
929.4	1.1707e-06
929.6	1.2059e-06
929.8	1.2422e-06
930.0	1.2796e-06
930.2	1.3181e-06
930.4	1.3577e-06
930.6	1.395e-06
930.8	1.4268e-06
931.0	1.4592e-06
931.2	1.4924e-06
931.4	1.5263e-06
931.6	1.561e-06
931.8	1.5965e-06
932.0	1.6327e-06
932.2	1.6644e-06
932.4	1.6967e-06
932.6	1.7296e-06
932.8	1.7631e-06
933.0	1.7973e-06
933.2	1.8322e-06
933.4	1.8677e-06
933.6	1.9039e-06
933.8	1.9408e-06
934.0	1.9785e-06
934.2	2.0169e-06
934.4	2.056e-06
934.6	2.0958e-06
934.8	2.1028e-06
935.0	2.1095e-06
935.2	2.1163e-06
935.4	2.123e-06
935.6	2.1298e-06
935.8	2.1366e-06
936.0	2.1434e-06
936.2	2.1502e-06
936.4	2.157e-06
936.6	2.1639e-06
936.8	2.1708e-06
937.0	2.1777e-06
937.2	2.1847e-06
937.4	2.1916e-06
937.6	2.1986e-06
937.8	2.2056e-06
938.0	2.2126e-06
938.2	2.2193e-06
938.4	2.2125e-06
938.6	2.2058e-06
938.8	2.1991e-06
939.0	2.1924e-06
939.2	2.1857e-06
939.4	2.179e-06
939.6	2.1724e-06
939.8	2.1658e-06
940.0	2.1592e-06
940.2	2.1526e-06
940.4	2.146e-06
940.6	2.1395e-06
940.8	2.133e-06
941.0	2.1265e-06
941.2	2.12e-06
941.4	2.1136e-06
941.6	2.1071e-06
941.8	2.1022e-06
942.0	2.1145e-06
942.2	2.1269e-06
942.4	2.1393e-06
942.6	2.1518e-06
942.8	2.1644e-06
943.0	2.1771e-06
943.2	2.1898e-06
943.4	2.2026e-06
943.6	2.2155e-06
943.8	2.2285e-06
944.0	2.2415e-06
944.2	2.2547e-06
944.4	2.2678e-06
944.6	2.2811e-06
944.8	2.2945e-06
945.0	2.3079e-06
945.2	2.3214e-06
945.4	2.3348e-06
945.6	2.3472e-06
945.8	2.3597e-06
946.0	2.3723e-06
946.2	2.3849e-06
946.4	2.3976e-06
946.6	2.4103e-06
946.8	2.4232e-06
947.0	2.4361e-06
947.2	2.449e-06
947.4	2.462e-06
947.6	2.4751e-06
947.8	2.4883e-06
948.0	2.5015e-06
948.2	2.5148e-06
948.4	2.5282e-06
948.6	2.5417e-06
948.8	2.5552e-06
949.0	2.5705e-06
949.2	2.5927e-06
949.4	2.615e-06
949.6	2.6376e-06
949.8	2.6603e-06
950.0	2.6832e-06
950.2	2.7063e-06
950.4	2.7297e-06
950.6	2.7532e-06
950.8	2.7769e-06
951.0	2.8008e-06
951.2	2.825e-06
951.4	2.8493e-06
951.6	2.8739e-06
951.8	2.8987e-06
952.0	2.9236e-06
952.2	2.9488e-06
952.4	2.9743e-06
952.6	3.0061e-06
952.8	3.0546e-06
953.0	3.1039e-06
953.2	3.1539e-06
953.4	3.2048e-06
953.6	3.2565e-06
953.8	3.309e-06
954.0	3.3624e-06
954.2	3.4166e-06
954.4	3.4717e-06
954.6	3.5277e-06
954.8	3.5846e-06
955.0	3.6424e-06
955.2	3.7011e-06
955.4	3.7608e-06
955.6	3.8214e-06
955.8	3.8831e-06
956.0	3.9457e-06
956.2	4.0103e-06
956.4	4.0777e-06
956.6	4.1462e-06
956.8	4.2159e-06
957.0	4.2868e-06
957.2	4.3588e-06
957.4	4.4321e-06
957.6	4.5065e-06
957.8	4.5823e-06
958.0	4.6593e-06
958.2	4.7376e-06
958.4	4.8172e-06
958.6	4.8981e-06
958.8	4.9805e-06
959.0	5.0641e-06
959.2	5.1492e-06
959.4	5.2358e-06
959.6	5.3238e-06
959.8	5.3548e-06
960.0	5.3191e-06
960.2	5.2836e-06
960.4	5.2483e-06
960.6	5.2133e-06
960.8	5.1786e-06
961.0	5.144e-06
961.2	5.1097e-06
961.4	5.0757e-06
961.6	5.0418e-06
961.8	5.0082e-06
962.0	4.9748e-06
962.2	4.9416e-06
962.4	4.9087e-06
962.6	4.8759e-06
962.8	4.8434e-06
963.0	4.8111e-06
963.2	4.779e-06
963.4	4.7241e-06
963.6	4.6526e-06
963.8	4.5822e-06
964.0	4.5128e-06
964.2	4.4445e-06
964.4	4.3773e-06
964.6	4.3111e-06
964.8	4.2458e-06
965.0	4.1816e-06
965.2	4.1183e-06
965.4	4.056e-06
965.6	3.9946e-06
965.8	3.9341e-06
966.0	3.8746e-06
966.2	3.816e-06
966.4	3.7582e-06
966.6	3.7014e-06
966.8	3.6454e-06
967.0	3.6035e-06
967.2	3.5681e-06
967.4	3.5331e-06
967.6	3.4984e-06
967.8	3.4641e-06
968.0	3.4301e-06
968.2	3.3965e-06
968.4	3.3631e-06
968.6	3.3301e-06
968.8	3.2975e-06
969.0	3.2651e-06
969.2	3.2331e-06
969.4	3.2013e-06
969.6	3.1699e-06
969.8	3.1388e-06
970.0	3.108e-06
970.2	3.0775e-06
970.4	3.0473e-06
970.6	3.0384e-06
970.8	3.0345e-06
971.0	3.0305e-06
971.2	3.0266e-06
971.4	3.0226e-06
971.6	3.0187e-06
971.8	3.0148e-06
972.0	3.0108e-06
972.2	3.0108e-06
972.4	3.0107e-06
972.6	3.0106e-06
972.8	3.0106e-06
973.0	3.0105e-06
973.2	3.0104e-06
973.4	3.0103e-06
973.6	3.0103e-06
973.8	3.0102e-06
974.0	3.0101e-06
974.2	3.0101e-06
974.4	3.01e-06
974.6	3.011e-06
974.8	3.016e-06
975.0	3.021e-06
975.2	3.0261e-06
975.4	3.0311e-06
975.6	3.0362e-06
975.8	3.0412e-06
976.0	3.0463e-06
976.2	3.0514e-06
976.4	3.0565e-06
976.6	3.0616e-06
976.8	3.0667e-06
977.0	3.0718e-06
977.2	3.0769e-06
977.4	3.0821e-06
977.6	3.0872e-06
977.8	3.0923e-06
978.0	3.0975e-06
978.2	3.1037e-06
978.4	3.1127e-06
978.6	3.1217e-06
978.8	3.1308e-06
979.0	3.1399e-06
979.2	3.149e-06
979.4	3.1581e-06
979.6	3.1673e-06
979.8	3.1764e-06
980.0	3.1857e-06
980.2	3.1949e-06
980.4	3.2042e-06
980.6	3.2135e-06
980.8	3.2228e-06
981.0	3.2321e-06
981.2	3.2415e-06
981.4	3.2509e-06
981.6	3.2603e-06
981.8	3.2738e-06
982.0	3.2955e-06
982.2	3.3172e-06
982.4	3.3391e-06
982.6	3.3611e-06
982.8	3.3833e-06
983.0	3.4057e-06
983.2	3.4281e-06
983.4	3.4508e-06
983.6	3.4735e-06
983.8	3.4965e-06
984.0	3.5195e-06
984.2	3.5428e-06
984.4	3.5661e-06
984.6	3.5897e-06
984.8	3.6134e-06
985.0	3.6372e-06
985.2	3.6612e-06
985.4	3.6887e-06
985.6	3.7211e-06
985.8	3.7538e-06
986.0	3.7868e-06
986.2	3.8201e-06
986.4	3.8536e-06
986.6	3.8875e-06
986.8	3.9217e-06
987.0	3.9561e-06
987.2	3.9909e-06
987.4	4.0259e-06
987.6	4.0613e-06
987.8	4.097e-06
988.0	4.133e-06
988.2	4.1693e-06
988.4	4.2059e-06
988.6	4.2429e-06
988.8	4.2802e-06
989.0	4.3158e-06
989.2	4.3499e-06
989.4	4.3842e-06
989.6	4.4188e-06
989.8	4.4537e-06
990.0	4.4888e-06
990.2	4.5242e-06
990.4	4.5599e-06
990.6	4.5959e-06
990.8	4.6322e-06
991.0	4.6687e-06
991.2	4.7056e-06
991.4	4.7427e-06
991.6	4.7801e-06
991.8	4.8178e-06
992.0	4.8559e-06
992.2	4.8942e-06
992.4	4.9328e-06
992.6	4.9499e-06
992.8	4.9523e-06
993.0	4.9547e-06
993.2	4.9571e-06
993.4	4.9595e-06
993.6	4.9619e-06
993.8	4.9643e-06
994.0	4.9667e-06
994.2	4.9691e-06
994.4	4.9715e-06
994.6	4.9739e-06
994.8	4.9763e-06
995.0	4.9787e-06
995.2	4.9811e-06
995.4	4.9835e-06
995.6	4.9859e-06
995.8	4.9883e-06
996.0	4.9907e-06
996.2	5.0074e-06
996.4	5.0301e-06
996.6	5.0529e-06
996.8	5.0758e-06
997.0	5.0988e-06
997.2	5.122e-06
997.4	5.1452e-06
997.6	5.1686e-06
997.8	5.192e-06
998.0	5.2156e-06
998.2	5.2392e-06
998.4	5.263e-06
998.6	5.2869e-06
998.8	5.3109e-06
999.0	5.335e-06
999.2	5.3592e-06
999.4	5.3835e-06
999.6	5.4079e-06
999.8	5.4798e-06
1000.0	5.5633e-06
1000.2	5.5504e-06
1000.4	5.5375e-06
1000.6	5.5247e-06
1000.8	5.5119e-06
1001.0	5.4991e-06
1001.2	5.5321e-06
1001.4	5.5779e-06
1001.6	5.6241e-06
1001.8	5.6707e-06
1002.0	5.7177e-06
1002.2	5.765e-06
1002.4	5.8128e-06
1002.6	5.861e-06
1002.8	5.9095e-06
1003.0	5.9585e-06
1003.2	6.0079e-06
1003.4	6.0576e-06
1003.6	6.1078e-06
1003.8	6.1584e-06
1004.0	6.2094e-06
1004.2	6.2609e-06
1004.4	6.3128e-06
1004.6	6.3651e-06
1004.8	6.4015e-06
1005.0	6.4359e-06
1005.2	6.4705e-06
1005.4	6.5052e-06
1005.6	6.5401e-06
1005.8	6.5752e-06
1006.0	6.6105e-06
1006.2	6.646e-06
1006.4	6.6817e-06
1006.6	6.7175e-06
1006.8	6.7536e-06
1007.0	6.7898e-06
1007.2	6.8263e-06
1007.4	6.8629e-06
1007.6	6.8998e-06
1007.8	6.9368e-06
1008.0	6.974e-06
1008.2	7.0115e-06
1008.4	7.012e-06
1008.6	7.0113e-06
1008.8	7.0107e-06
1009.0	7.0101e-06
1009.2	7.0094e-06
1009.4	7.0088e-06
1009.6	7.0081e-06
1009.8	7.0075e-06
1010.0	7.0068e-06
1010.2	7.0062e-06
1010.4	7.0055e-06
1010.6	7.0049e-06
1010.8	7.0043e-06
1011.0	7.0036e-06
1011.2	7.003e-06
1011.4	7.0023e-06
1011.6	7.0017e-06
1011.8	7.0029e-06
1012.0	7.026e-06
1012.2	7.0491e-06
1012.4	7.0723e-06
1012.6	7.0955e-06
1012.8	7.1188e-06
1013.0	7.1423e-06
1013.2	7.1657e-06
1013.4	7.1893e-06
1013.6	7.213e-06
1013.8	7.2367e-06
1014.0	7.2605e-06
1014.2	7.2844e-06
1014.4	7.3083e-06
1014.6	7.3323e-06
1014.8	7.3565e-06
1015.0	7.3807e-06
1015.2	7.4049e-06
1015.4	7.4314e-06
1015.6	7.4663e-06
1015.8	7.5014e-06
1016.0	7.5367e-06
1016.2	7.5722e-06
1016.4	7.6078e-06
1016.6	7.6436e-06
1016.8	7.6795e-06
1017.0	7.7157e-06
1017.2	7.752e-06
1017.4	7.7884e-06
1017.6	7.8251e-06
1017.8	7.8619e-06
1018.0	7.8988e-06
1018.2	7.936e-06
1018.4	7.9733e-06
1018.6	8.0108e-06
1018.8	8.0485e-06
1019.0	8.0736e-06
1019.2	8.0724e-06
1019.4	8.0712e-06
1019.6	8.07e-06
1019.8	8.0688e-06
1020.0	8.0676e-06
1020.2	8.0664e-06
1020.4	8.0651e-06
1020.6	8.0639e-06
1020.8	8.0627e-06
1021.0	8.0615e-06
1021.2	8.0603e-06
1021.4	8.0591e-06
1021.6	8.0579e-06
1021.8	8.0567e-06
1022.0	8.0555e-06
1022.2	8.0542e-06
1022.4	8.053e-06
1022.6	8.0341e-06
1022.8	7.9946e-06
1023.0	7.9553e-06
1023.2	7.9162e-06
1023.4	7.8772e-06
1023.6	7.8385e-06
1023.8	7.7999e-06
1024.0	7.7615e-06
1024.2	7.7234e-06
1024.4	7.6854e-06
1024.6	7.6476e-06
1024.8	7.61e-06
1025.0	7.5725e-06
1025.2	7.5226e-06
1025.4	7.473e-06
1025.6	7.4237e-06
1025.8	7.3747e-06
1026.0	7.3261e-06
1026.2	7.2673e-06
1026.4	7.1975e-06
1026.6	7.1284e-06
1026.8	7.0599e-06
1027.0	6.9921e-06
1027.2	6.925e-06
1027.4	6.8584e-06
1027.6	6.7926e-06
1027.8	6.7273e-06
1028.0	6.6627e-06
1028.2	6.5987e-06
1028.4	6.5354e-06
1028.6	6.4726e-06
1028.8	6.4104e-06
1029.0	6.3489e-06
1029.2	6.2879e-06
1029.4	6.2275e-06
1029.6	6.1677e-06
1029.8	6.1231e-06
1030.0	6.0885e-06
1030.2	6.0541e-06
1030.4	6.0199e-06
1030.6	5.9859e-06
1030.8	5.9521e-06
1031.0	5.9185e-06
1031.2	5.885e-06
1031.4	5.8518e-06
1031.6	5.8187e-06
1031.8	5.7859e-06
1032.0	5.7532e-06
1032.2	5.7207e-06
1032.4	5.6884e-06
1032.6	5.6562e-06
1032.8	5.6243e-06
1033.0	5.5925e-06
1033.2	5.5609e-06
1033.4	5.5759e-06
1033.6	5.6082e-06
1033.8	5.6407e-06
1034.0	5.6734e-06
1034.2	5.7063e-06
1034.4	5.7394e-06
1034.6	5.7727e-06
1034.8	5.8061e-06
1035.0	5.8398e-06
1035.2	5.8736e-06
1035.4	5.9077e-06
1035.6	5.9419e-06
1035.8	5.9763e-06
1036.0	6.011e-06
1036.2	6.0458e-06
1036.4	6.0809e-06
1036.6	6.1161e-06
1036.8	6.1515e-06
1037.0	6.1683e-06
1037.2	6.1825e-06
1037.4	6.1967e-06
1037.6	6.2109e-06
1037.8	6.2251e-06
1038.0	6.2394e-06
1038.2	6.2537e-06
1038.4	6.2681e-06
1038.6	6.2825e-06
1038.8	6.2969e-06
1039.0	6.3113e-06
1039.2	6.3258e-06
1039.4	6.3403e-06
1039.6	6.3548e-06
1039.8	6.3694e-06
1040.0	6.384e-06
1040.2	6.3987e-06
1040.4	6.4134e-06
1040.6	6.4283e-06
1040.8	6.4432e-06
1041.0	6.4582e-06
1041.2	6.4733e-06
1041.4	6.4883e-06
1041.6	6.5034e-06
1041.8	6.5186e-06
1042.0	6.5337e-06
1042.2	6.5489e-06
1042.4	6.5642e-06
1042.6	6.5795e-06
1042.8	6.5948e-06
1043.0	6.6101e-06
1043.2	6.6255e-06
1043.4	6.6409e-06
1043.6	6.6564e-06
1043.8	6.6719e-06
1044.0	6.6898e-06
1044.2	6.7181e-06
1044.4	6.7466e-06
1044.6	6.7753e-06
1044.8	6.804e-06
1045.0	6.8329e-06
1045.2	6.7798e-06
1045.4	6.7272e-06
1045.6	6.675e-06
1045.8	6.6231e-06
1046.0	6.5717e-06
1046.2	6.5294e-06
1046.4	6.5163e-06
1046.6	6.5032e-06
1046.8	6.4902e-06
1047.0	6.4772e-06
1047.2	6.4642e-06
1047.4	6.4513e-06
1047.6	6.4384e-06
1047.8	6.4255e-06
1048.0	6.4126e-06
1048.2	6.3997e-06
1048.4	6.3869e-06
1048.6	6.3741e-06
1048.8	6.3614e-06
1049.0	6.3486e-06
1049.2	6.3359e-06
1049.4	6.3232e-06
1049.6	6.3105e-06
1049.8	6.3031e-06
1050.0	6.3043e-06
1050.2	6.3054e-06
1050.4	6.3065e-06
1050.6	6.3077e-06
1050.8	6.3088e-06
1051.0	6.3099e-06
1051.2	6.3111e-06
1051.4	6.3122e-06
1051.6	6.3133e-06
1051.8	6.3145e-06
1052.0	6.3156e-06
1052.2	6.3167e-06
1052.4	6.3179e-06
1052.6	6.319e-06
1052.8	6.3201e-06
1053.0	6.3213e-06
1053.2	6.3224e-06
1053.4	6.375e-06
1053.6	6.4727e-06
1053.8	6.5718e-06
1054.0	6.6725e-06
1054.2	6.7746e-06
1054.4	6.8784e-06
1054.6	6.9837e-06
1054.8	7.0907e-06
1055.0	7.1993e-06
1055.2	7.3096e-06
1055.4	7.4215e-06
1055.6	7.5352e-06
1055.8	7.6506e-06
1056.0	7.7677e-06
1056.2	7.8867e-06
1056.4	8.0075e-06
1056.6	8.1301e-06
1056.8	8.2546e-06
1057.0	8.3127e-06
1057.2	8.3433e-06
1057.4	8.3739e-06
1057.6	8.4047e-06
1057.8	8.4356e-06
1058.0	8.4666e-06
1058.2	8.4977e-06
1058.4	8.5289e-06
1058.6	8.5603e-06
1058.8	8.5917e-06
1059.0	8.6233e-06
1059.2	8.655e-06
1059.4	8.6868e-06
1059.6	8.7187e-06
1059.8	8.7508e-06
1060.0	8.7829e-06
1060.2	8.8152e-06
1060.4	8.8476e-06
1060.6	8.8691e-06
1060.8	8.8892e-06
1061.0	8.9094e-06
1061.2	8.9297e-06
1061.4	8.9499e-06
1061.6	8.9703e-06
1061.8	8.9906e-06
1062.0	9.0111e-06
1062.2	9.0315e-06
1062.4	9.052e-06
1062.6	9.0726e-06
1062.8	9.0932e-06
1063.0	9.1138e-06
1063.2	9.1345e-06
1063.4	9.1553e-06
1063.6	9.1761e-06
1063.8	9.1969e-06
1064.0	9.2184e-06
1064.2	9.2483e-06
1064.4	9.2782e-06
1064.6	9.3083e-06
1064.8	9.3384e-06
1065.0	9.3687e-06
1065.2	9.1763e-06
1065.4	8.9879e-06
1065.6	8.8033e-06
1065.8	8.6225e-06
1066.0	8.4455e-06
1066.2	8.2721e-06
1066.4	8.3094e-06
1066.6	8.3556e-06
1066.8	8.4021e-06
1067.0	8.4489e-06
1067.2	8.4959e-06
1067.4	8.5432e-06
1067.6	8.5907e-06
1067.8	8.6386e-06
1068.0	8.6866e-06
1068.2	8.735e-06
1068.4	8.7836e-06
1068.6	8.8325e-06
1068.8	8.8817e-06
1069.0	8.9311e-06
1069.2	8.9808e-06
1069.4	9.0308e-06
1069.6	9.0811e-06
1069.8	9.1257e-06
1070.0	9.1342e-06
1070.2	9.1427e-06
1070.4	9.1513e-06
1070.6	9.1598e-06
1070.8	9.1683e-06
1071.0	9.1769e-06
1071.2	9.1855e-06
1071.4	9.194e-06
1071.6	9.2026e-06
1071.8	9.2112e-06
1072.0	9.2198e-06
1072.2	9.2284e-06
1072.4	9.237e-06
1072.6	9.2456e-06
1072.8	9.2542e-06
1073.0	9.2629e-06
1073.2	9.2715e-06
1073.4	9.2876e-06
1073.6	9.3191e-06
1073.8	9.3507e-06
1074.0	9.3825e-06
1074.2	9.4143e-06
1074.4	9.4463e-06
1074.6	9.4784e-06
1074.8	9.5106e-06
1075.0	9.5429e-06
1075.2	9.5753e-06
1075.4	9.6078e-06
1075.6	9.6404e-06
1075.8	9.6731e-06
1076.0	9.706e-06
1076.2	9.7389e-06
1076.4	9.772e-06
1076.6	9.7445e-06
1076.8	9.6976e-06
1077.0	9.6509e-06
1077.2	9.6044e-06
1077.4	9.5581e-06
1077.6	9.5121e-06
1077.8	9.4662e-06
1078.0	9.4206e-06
1078.2	9.3752e-06
1078.4	9.3301e-06
1078.6	9.2851e-06
1078.8	9.2404e-06
1079.0	9.1959e-06
1079.2	9.1516e-06
1079.4	9.1075e-06
1079.6	9.0636e-06
1079.8	9.02e-06
1080.0	8.9968e-06
1080.2	8.9791e-06
1080.4	8.9615e-06
1080.6	8.9438e-06
1080.8	8.9262e-06
1081.0	8.9087e-06
1081.2	8.8912e-06
1081.4	8.8737e-06
1081.6	8.8562e-06
1081.8	8.8388e-06
1082.0	8.8214e-06
1082.2	8.8041e-06
1082.4	8.7867e-06
1082.6	8.7695e-06
1082.8	8.7522e-06
1083.0	8.735e-06
1083.2	8.7178e-06
1083.4	8.7007e-06
1083.6	8.6836e-06
1083.8	8.6665e-06
1084.0	8.6494e-06
1084.2	8.6324e-06
1084.4	8.6154e-06
1084.6	8.5985e-06
1084.8	8.6116e-06
1085.0	8.652e-06
1085.2	8.6925e-06
1085.4	8.7333e-06
1085.6	8.7742e-06
1085.8	8.8154e-06
1086.0	8.8567e-06
1086.2	8.8983e-06
1086.4	8.94e-06
1086.6	8.9819e-06
1086.8	9.024e-06
1087.0	9.0663e-06
1087.2	9.1089e-06
1087.4	9.1516e-06
1087.6	9.1945e-06
1087.8	9.2376e-06
1088.0	9.2809e-06
1088.2	9.3244e-06
1088.4	9.3682e-06
1088.6	9.4121e-06
1088.8	9.4562e-06
1089.0	9.5006e-06
1089.2	9.5451e-06
1089.4	9.5899e-06
1089.6	9.6069e-06
1089.8	9.5465e-06
1090.0	9.4865e-06
1090.2	9.4269e-06
1090.4	9.3677e-06
1090.6	9.3088e-06
1090.8	9.2503e-06
1091.0	9.1922e-06
1091.2	9.1345e-06
1091.4	9.0771e-06
1091.6	9.02e-06
1091.8	8.9634e-06
1092.0	8.907e-06
1092.2	8.8511e-06
1092.4	8.7955e-06
1092.6	8.7402e-06
1092.8	8.6853e-06
1093.0	8.6307e-06
1093.2	8.5765e-06
1093.4	8.5226e-06
1093.6	8.469e-06
1093.8	8.4158e-06
1094.0	8.3629e-06
1094.2	8.3104e-06
1094.4	8.2579e-06
1094.6	8.1954e-06
1094.8	8.1335e-06
1095.0	8.072e-06
1095.2	8.011e-06
1095.4	7.9504e-06
1095.6	7.8903e-06
1095.8	7.8306e-06
1096.0	7.7714e-06
1096.2	7.7127e-06
1096.4	7.6544e-06
1096.6	7.5965e-06
1096.8	7.5391e-06
1097.0	7.4821e-06
1097.2	7.4255e-06
1097.4	7.3694e-06
1097.6	7.3137e-06
1097.8	7.2584e-06
1098.0	7.2035e-06
1098.2	7.149e-06
1098.4	7.095e-06
1098.6	7.0414e-06
1098.8	6.9881e-06
1099.0	6.9353e-06
1099.2	6.8829e-06
1099.4	6.8308e-06
1099.6	6.7792e-06
1099.8	6.7279e-06
1100.0	6.6771e-06
1100.2	6.6266e-06
1100.4	6.5765e-06
1100.6	6.5092e-06
1100.8	6.4259e-06
1101.0	6.3437e-06
1101.2	6.2626e-06
1101.4	6.1825e-06
1101.6	6.1034e-06
1101.8	6.0253e-06
1102.0	5.9483e-06
1102.2	5.8722e-06
1102.4	5.7971e-06
1102.6	5.7229e-06
1102.8	5.6497e-06
1103.0	5.5774e-06
1103.2	5.5061e-06
1103.4	5.4357e-06
1103.6	5.3661e-06
1103.8	5.2975e-06
1104.0	5.2656e-06
1104.2	5.2599e-06
1104.4	5.2542e-06
1104.6	5.2485e-06
1104.8	5.2428e-06
1105.0	5.2371e-06
1105.2	5.2315e-06
1105.4	5.2258e-06
1105.6	5.2201e-06
1105.8	5.2145e-06
1106.0	5.2088e-06
1106.2	5.2032e-06
1106.4	5.1976e-06
1106.6	5.1919e-06
1106.8	5.1863e-06
1107.0	5.1807e-06
1107.2	5.1751e-06
1107.4	5.1695e-06
1107.6	5.1639e-06
1107.8	5.1583e-06
1108.0	5.1527e-06
1108.2	5.1471e-06
1108.4	5.1415e-06
1108.6	5.136e-06
1108.8	5.1304e-06
1109.0	5.1248e-06
