300.00	9.99999974738E-6
301.00	9.99999974738E-6
302.00	9.99999974738E-6
303.00	9.99999974738E-6
304.00	9.99999974738E-6
305.00	9.99999974738E-6
306.00	9.99999974738E-6
307.00	9.99999974738E-6
308.00	9.99999974738E-6
309.00	9.99999974738E-6
310.00	9.99999974738E-6
311.00	9.99999974738E-6
312.00	9.99999974738E-6
313.00	9.99999974738E-6
314.00	9.99999974738E-6
315.00	9.99999974738E-6
316.00	9.99999974738E-6
317.00	9.99999974738E-6
318.00	9.99999974738E-6
319.00	9.99999974738E-6
320.00	9.99999974738E-6
321.00	9.99999974738E-6
322.00	9.99999974738E-6
323.00	9.99999974738E-6
324.00	9.99999974738E-6
325.00	9.99999974738E-6
326.00	9.99999974738E-6
327.00	9.99999974738E-6
328.00	9.99999974738E-6
329.00	9.99999974738E-6
330.00	9.99999974738E-6
331.00	9.99999974738E-6
332.00	9.99999974738E-6
333.00	9.99999974738E-6
334.00	9.99999974738E-6
335.00	9.99999974738E-6
336.00	9.99999974738E-6
337.00	9.99999974738E-6
338.00	9.99999974738E-6
339.00	9.99999974738E-6
340.00	9.99999974738E-6
341.00	9.99999974738E-6
342.00	9.99999974738E-6
343.00	9.99999974738E-6
344.00	9.99999974738E-6
345.00	9.99999974738E-6
346.00	9.99999974738E-6
347.00	9.99999974738E-6
348.00	9.99999974738E-6
349.00	9.99999974738E-6
350.00	9.99999974738E-6
351.00	9.99999974738E-6
352.00	9.99999974738E-6
353.00	9.99999974738E-6
354.00	9.99999974738E-6
355.00	9.99999974738E-6
356.00	9.99999974738E-6
357.00	9.99999974738E-6
358.00	9.99999974738E-6
359.00	9.99999974738E-6
360.00	9.99999974738E-6
361.00	9.99999974738E-6
362.00	9.99999974738E-6
363.00	9.99999974738E-6
364.00	9.99999974738E-6
365.00	9.99999974738E-6
366.00	9.99999974738E-6
367.00	9.99999974738E-6
368.00	9.99999974738E-6
369.00	9.99999974738E-6
370.00	9.99999974738E-6
371.00	9.99999974738E-6
372.00	9.99999974738E-6
373.00	9.99999974738E-6
374.00	1.20183003673E-5
375.00	1.37383003675E-5
376.00	1.14174999908E-5
377.00	9.99999974738E-6
378.00	9.99999974738E-6
379.00	9.99999974738E-6
380.00	9.99999974738E-6
381.00	9.99999974738E-6
382.00	9.99999974738E-6
383.00	9.99999974738E-6
384.00	9.99999974738E-6
385.00	9.99999974738E-6
386.00	9.99999974738E-6
387.00	9.99999974738E-6
388.00	9.99999974738E-6
389.00	9.99999974738E-6
390.00	9.99999974738E-6
391.00	9.99999974738E-6
392.00	9.99999974738E-6
393.00	9.99999974738E-6
394.00	9.99999974738E-6
395.00	9.99999974738E-6
396.00	9.99999974738E-6
397.00	9.99999974738E-6
398.00	9.99999974738E-6
399.00	9.99999974738E-6
400.00	9.99999974738E-6
401.00	9.99999974738E-6
402.00	9.99999974738E-6
403.00	9.99999974738E-6
404.00	9.99999974738E-6
405.00	9.99999974738E-6
406.00	9.99999974738E-6
407.00	9.99999974738E-6
408.00	9.99999974738E-6
409.00	9.99999974738E-6
410.00	9.99999974738E-6
411.00	9.99999974738E-6
412.00	9.99999974738E-6
413.00	9.99999974738E-6
414.00	9.99999974738E-6
415.00	9.99999974738E-6
416.00	9.99999974738E-6
417.00	9.99999974738E-6
418.00	9.99999974738E-6
419.00	9.99999974738E-6
420.00	9.99999974738E-6
421.00	9.99999974738E-6
422.00	9.99999974738E-6
423.00	9.99999974738E-6
424.00	9.99999974738E-6
425.00	9.99999974738E-6
426.00	9.99999974738E-6
427.00	9.99999974738E-6
428.00	9.99999974738E-6
429.00	9.99999974738E-6
430.00	9.99999974738E-6
431.00	9.99999974738E-6
432.00	9.99999974738E-6
433.00	9.99999974738E-6
434.00	9.99999974738E-6
435.00	9.99999974738E-6
436.00	9.99999974738E-6
437.00	9.99999974738E-6
438.00	9.99999974738E-6
439.00	9.99999974738E-6
440.00	9.99999974738E-6
441.00	9.99999974738E-6
442.00	9.99999974738E-6
443.00	9.99999974738E-6
444.00	9.99999974738E-6
445.00	9.99999974738E-6
446.00	9.99999974738E-6
447.00	9.99999974738E-6
448.00	9.99999974738E-6
449.00	9.99999974738E-6
450.00	9.99999974738E-6
451.00	9.99999974738E-6
452.00	9.99999974738E-6
453.00	9.99999974738E-6
454.00	9.99999974738E-6
455.00	9.99999974738E-6
456.00	9.99999974738E-6
457.00	9.99999974738E-6
458.00	9.99999974738E-6
459.00	9.99999974738E-6
460.00	9.99999974738E-6
461.00	9.99999974738E-6
462.00	9.99999974738E-6
463.00	9.99999974738E-6
464.00	9.99999974738E-6
465.00	9.99999974738E-6
466.00	9.99999974738E-6
467.00	9.99999974738E-6
468.00	9.99999974738E-6
469.00	9.99999974738E-6
470.00	9.99999974738E-6
471.00	9.99999974738E-6
472.00	9.99999974738E-6
473.00	9.99999974738E-6
474.00	9.99999974738E-6
475.00	4.89544981974E-5
476.00	0.000455266010249
477.00	0.0054428698495
478.00	0.0946211963892
479.00	0.462215989828
480.00	0.640322029591
481.00	0.709199011326
482.00	0.764550983906
483.00	0.768703997135
484.00	0.778339028358
485.00	0.766628980637
486.00	0.731208980083
487.00	0.759370028973
488.00	0.790246009827
489.00	0.769990026951
490.00	0.775619983673
491.00	0.795966982841
492.00	0.76181101799
493.00	0.732617974281
494.00	0.763653993607
495.00	0.797383010387
496.00	0.77930098772
497.00	0.764634013176
498.00	0.788303971291
499.00	0.809705018997
500.00	0.798008024693
501.00	0.779824972153
502.00	0.765591025352
503.00	0.738363981247
504.00	0.702868998051
505.00	0.688437998295
506.00	0.698902010918
507.00	0.708970010281
508.00	0.708850026131
509.00	0.721026003361
510.00	0.756308019161
511.00	0.783973991871
512.00	0.782882988453
513.00	0.782076001167
514.00	0.795810997486
515.00	0.78852802515
516.00	0.773491978645
517.00	0.779954016209
518.00	0.72330302
519.00	0.645807027817
520.00	0.69462198019
521.00	0.550561010838
522.00	0.367511987686
523.00	0.319198012352
524.00	0.0338721983135
525.00	0.00203303992748
526.00	0.000330417999066
527.00	8.39779022499E-5
528.00	2.53794005403E-5
529.00	9.99999974738E-6
530.00	9.99999974738E-6
531.00	9.99999974738E-6
532.00	9.99999974738E-6
533.00	9.99999974738E-6
534.00	9.99999974738E-6
535.00	9.99999974738E-6
536.00	9.99999974738E-6
537.00	9.99999974738E-6
538.00	9.99999974738E-6
539.00	9.99999974738E-6
540.00	9.99999974738E-6
541.00	9.99999974738E-6
542.00	9.99999974738E-6
543.00	9.99999974738E-6
544.00	9.99999974738E-6
545.00	9.99999974738E-6
546.00	9.99999974738E-6
547.00	9.99999974738E-6
548.00	9.99999974738E-6
549.00	9.99999974738E-6
550.00	9.99999974738E-6
551.00	9.99999974738E-6
552.00	9.99999974738E-6
553.00	9.99999974738E-6
554.00	9.99999974738E-6
555.00	9.99999974738E-6
556.00	9.99999974738E-6
557.00	9.99999974738E-6
558.00	9.99999974738E-6
559.00	9.99999974738E-6
560.00	9.99999974738E-6
561.00	9.99999974738E-6
562.00	9.99999974738E-6
563.00	9.99999974738E-6
564.00	9.99999974738E-6
565.00	9.99999974738E-6
566.00	9.99999974738E-6
567.00	9.99999974738E-6
568.00	9.99999974738E-6
569.00	9.99999974738E-6
570.00	9.99999974738E-6
571.00	9.99999974738E-6
572.00	9.99999974738E-6
573.00	9.99999974738E-6
574.00	9.99999974738E-6
575.00	9.99999974738E-6
576.00	9.99999974738E-6
577.00	9.99999974738E-6
578.00	9.99999974738E-6
579.00	9.99999974738E-6
580.00	9.99999974738E-6
581.00	9.99999974738E-6
582.00	9.99999974738E-6
583.00	9.99999974738E-6
584.00	9.99999974738E-6
585.00	9.99999974738E-6
586.00	9.99999974738E-6
587.00	9.99999974738E-6
588.00	9.99999974738E-6
589.00	9.99999974738E-6
590.00	9.99999974738E-6
591.00	9.99999974738E-6
592.00	9.99999974738E-6
593.00	9.99999974738E-6
594.00	9.99999974738E-6
595.00	9.99999974738E-6
596.00	9.99999974738E-6
597.00	9.99999974738E-6
598.00	9.99999974738E-6
599.00	9.99999974738E-6
600.00	9.99999974738E-6
601.00	9.99999974738E-6
602.00	9.99999974738E-6
603.00	9.99999974738E-6
604.00	9.99999974738E-6
605.00	9.99999974738E-6
606.00	9.99999974738E-6
607.00	9.99999974738E-6
608.00	9.99999974738E-6
609.00	9.99999974738E-6
610.00	9.99999974738E-6
611.00	9.99999974738E-6
612.00	9.99999974738E-6
613.00	9.99999974738E-6
614.00	9.99999974738E-6
615.00	9.99999974738E-6
616.00	9.99999974738E-6
617.00	9.99999974738E-6
618.00	9.99999974738E-6
619.00	9.99999974738E-6
620.00	9.99999974738E-6
621.00	9.99999974738E-6
622.00	9.99999974738E-6
623.00	9.99999974738E-6
624.00	9.99999974738E-6
625.00	9.99999974738E-6
626.00	9.99999974738E-6
627.00	9.99999974738E-6
628.00	9.99999974738E-6
629.00	9.99999974738E-6
630.00	9.99999974738E-6
631.00	9.99999974738E-6
632.00	9.99999974738E-6
633.00	9.99999974738E-6
634.00	9.99999974738E-6
635.00	9.99999974738E-6
636.00	9.99999974738E-6
637.00	9.99999974738E-6
638.00	9.99999974738E-6
639.00	9.99999974738E-6
640.00	9.99999974738E-6
641.00	9.99999974738E-6
642.00	9.99999974738E-6
643.00	9.99999974738E-6
644.00	9.99999974738E-6
645.00	9.99999974738E-6
646.00	9.99999974738E-6
647.00	9.99999974738E-6
648.00	9.99999974738E-6
649.00	9.99999974738E-6
650.00	9.99999974738E-6
651.00	9.99999974738E-6
652.00	9.99999974738E-6
653.00	9.99999974738E-6
654.00	9.99999974738E-6
655.00	9.99999974738E-6
656.00	9.99999974738E-6
657.00	9.99999974738E-6
658.00	9.99999974738E-6
659.00	9.99999974738E-6
660.00	9.99999974738E-6
661.00	9.99999974738E-6
662.00	9.99999974738E-6
663.00	9.99999974738E-6
664.00	9.99999974738E-6
665.00	9.99999974738E-6
666.00	9.99999974738E-6
667.00	9.99999974738E-6
668.00	9.99999974738E-6
669.00	9.99999974738E-6
670.00	9.99999974738E-6
671.00	9.99999974738E-6
672.00	9.99999974738E-6
673.00	9.99999974738E-6
674.00	9.99999974738E-6
675.00	9.99999974738E-6
676.00	9.99999974738E-6
677.00	9.99999974738E-6
678.00	9.99999974738E-6
679.00	9.99999974738E-6
680.00	9.99999974738E-6
681.00	9.99999974738E-6
682.00	9.99999974738E-6
683.00	9.99999974738E-6
684.00	9.99999974738E-6
685.00	9.99999974738E-6
686.00	9.99999974738E-6
687.00	9.99999974738E-6
688.00	9.99999974738E-6
689.00	9.99999974738E-6
690.00	9.99999974738E-6
691.00	9.99999974738E-6
692.00	9.99999974738E-6
693.00	9.99999974738E-6
694.00	9.99999974738E-6
695.00	9.99999974738E-6
696.00	9.99999974738E-6
697.00	9.99999974738E-6
698.00	9.99999974738E-6
699.00	9.99999974738E-6
700.00	9.99999974738E-6
