350	0
351	0
352	0
353	0
354	0
355	0
356	0
357	0
358	0
359	0
360	0
361	0
362	0
363	0
364	0
365	0
366	0
367	0
368	0
369	0
370	0
371	0
372	0
373	0
374	0
375	0
376	0
377	0
378	0
379	0
380	0
381	0
382	0
383	0
384	0
385	0
386	0
387	0
388	0
389	0
390	0
391	0
392	0
393	0
394	0
395	0
396	0
397	0
398	0
399	0
400	0
401	0
402	0
403	0
404	0
405	0
406	0
407	0
408	0
409	0
410	0
411	0
412	0
413	0
414	0
415	0
416	0
417	0
418	0
419	0
420	0
421	0
422	0
423	0
424	0
425	0
426	0
427	0
428	0
429	0
430	0
431	0
432	0
433	0
434	0
435	0
436	0
437	0
438	0
439	0
440	0
441	0
442	0
443	0
444	0
445	0
446	0
447	0
448	0
449	0
450	0
451	0
452	0
453	0
454	0
455	0
456	0
457	0
458	0
459	0
460	0
461	0
462	0
463	0
464	0
465	0
466	0
467	0
468	0
469	0
470	0
471	0
472	0
473	0
474	0
475	0
476	0
477	0
478	0
479	0
480	0
481	0
482	0
483	0
484	0
485	0
486	0
487	0
488	0
489	0
490	0
491	0
492	0
493	0
494	0
495	0
496	0
497	0
498	0
499	0
500	0
501	0
502	0
503	0
504	0
505	0
506	0
507	0
508	0.006635945
509	0.025898618
510	0.159447005
511	0.349321922
512	0.506333114
513	0.663186307
514	0.8200395
515	0.891573404
516	0.916339697
517	0.917050691
518	0.918683344
519	0.924186965
520	0.929690586
521	0.935194207
522	0.932876893
523	0.929374589
524	0.923870968
525	0.921658986
526	0.921658986
527	0.916576695
528	0.913127057
529	0.915878868
530	0.918630678
531	0.921382488
532	0.924134299
533	0.927504937
534	0.933008558
535	0.933969717
536	0.931217907
537	0.923647136
538	0.917603687
539	0.920355497
540	0.921658986
541	0.921658986
542	0.919315339
543	0.919486504
544	0.933245556
545	0.941474654
546	0.944226465
547	0.935589203
548	0.925424621
549	0.919921001
550	0.921000658
551	0.92925609
552	0.928663594
553	0.926267281
554	0.926267281
555	0.925016458
556	0.922264648
557	0.917366689
558	0.911573404
559	0.903317972
560	0.896247531
561	0.89074391
562	0.762501646
563	0.584568795
564	0.292876893
565	0.098551679
566	0.046267281
567	0.018156682
568	0
569	0
570	0
571	0
572	0
573	0
574	0
575	0
576	0
577	0
578	0
579	0
580	0
581	0
582	0
583	0
584	0
585	0
586	0
587	0
588	0
589	0
590	0
591	0
592	0
593	0
594	0
595	0
596	0
597	0
598	0
599	0
600	0
601	0
602	0
603	0
604	0
605	0
606	0
607	0
608	0
609	0
610	0
611	0
612	0
613	0
614	0
615	0
616	0
617	0
618	0
619	0
620	0
621	0
622	0
623	0
624	0
625	0
626	0
627	0
628	0
629	0
630	0
631	0
632	0
633	0
634	0
635	0
636	0
637	0
638	0
639	0
640	0
641	0
642	0
643	0
644	0
645	0
646	0
647	0
648	0
649	0
650	0
713	0
714	0
715	0
716	0
717	0
718	0
719	0
720	0
721	0
722	0
723	0
724	0
725	0
726	0
727	0
728	0
729	0
730	0
731	0
732	0
733	0
734	0
735	0
736	0
737	0
738	0
739	0
740	0
741	0
742	0
743	0
744	0
745	0
746	0
747	0
748	0
749	0
750	0
751	0
752	0
753	0
754	0
755	0
756	0
757	0
758	0
759	0
760	0
761	0
762	0
763	0
764	0
765	0
766	0
767	0
768	0
769	0
770	0
771	0
772	0
773	0
774	0
775	0
776	0
777	0
778	0
779	0
780	0
781	0
782	0
783	0
784	0
785	0
786	0
787	0
788	0
789	0
790	0
791	0
792	0
793	0
794	0
795	0
796	0
797	0
798	0
799	0
800	0
801	0
802	0
803	0
804	0
805	0
806	0
807	0
808	0
809	0
810	0
811	0
812	0
813	0
814	0
815	0
816	0
817	0
818	0
819	0
820	0
821	0
822	0
823	0
824	0
825	0
826	0
827	0
828	0
829	0
830	0
831	0
832	0
833	0
834	0
835	0
836	0
837	0
838	0
839	0
840	0
841	0
842	0
843	0
844	0
845	0
846	0
847	0
848	0
849	0
850	0
851	0
852	0
853	0
854	0
855	0
856	0
857	0
858	0
859	0
860	0
861	0
862	0
863	0
864	0
865	0
866	0
867	0
868	0
869	0
870	0
871	0
872	0
873	0
874	0
875	0
876	0
877	0
878	0
879	0
880	0
881	0
882	0
883	0
884	0
885	0
886	0
887	0
888	0
889	0
890	0
891	0
892	0
893	0
894	0
895	0
896	0
897	0
898	0
899	0
900	0
901	0
902	0
903	0
904	0
905	0
906	0
907	0
908	0
909	0
910	0
911	0
912	0
913	0
914	0
915	0
916	0
917	0
918	0
919	0
920	0
921	0
922	0
923	0
924	0
925	0
926	0
927	0
928	0
929	0
930	0
931	0
932	0
933	0
934	0
935	0
936	0
937	0
938	0
939	0
940	0
941	0
942	0
943	0
944	0
945	0
946	0
947	0
948	0
949	0
950	0
951	0
952	0
953	0
954	0
955	0
956	0
957	0
958	0
959	0
960	0
961	0
962	0
963	0
964	0
965	0
966	0
967	0
968	0
969	0
970	0
971	0
972	0
973	0
974	0
975	0
976	0
977	0
978	0
979	0
980	0
981	0
982	0
983	0
984	0
985	0
986	0
987	0
988	0
989	0
990	0
991	0
992	0
993	0
994	0
995	0
996	0
997	0
998	0
999	0
1000	0
1001	0
1002	0
1003	0
1004	0
1005	0
1006	0
1007	0
1008	0
1009	0
1010	0
1011	0
1012	0
1013	0
1014	0
1015	0
1016	0
1017	0
1018	0
1019	0
1020	0
1021	0
1022	0
1023	0
1024	0.001527321
1025	0.004279131
1026	0.005092824
1027	0.005643186
1028	0.006193548
1029	0.00674391
1030	0.007294273
1031	0.007844635
1032	0.008394997
1033	0.008945359
1034	0.009565504
1035	0.010253456
1036	0.010941409
1037	0.011629361
1038	0.012317314
1039	0.013005267
1040	0.013693219
1041	0.014937459
1042	0.016313364
1043	0.017689269
1044	0.01885451
1045	0.01977178
1046	0.02068905
1047	0.02160632
1048	0.02252359
1049	0.024239631
1050	0.026991442
1051	0.028696511
1052	0.030072416
1053	0.031448321
1054	0.033390388
1055	0.036142199
1056	0.040921659
1057	0.04676761
1058	0.057774852
1059	0.067715602
1060	0.075971034
1061	0.09403555
1062	0.116682028
1063	0.155207373
1064	0.192732061
1065	0.228505596
1066	0.256695194
1067	0.282330481
1068	0.367636603
1069	0.454812377
1070	0.54562212
1071	0.585187623
1072	0.598946675
1073	0.585450955
1074	0.556050033
1075	0.492758394
1076	0.425938117
1077	0.357142857
1078	0.330901909
1079	0.306938776
1080	0.284924292
1081	0.27479921
1082	0.2720474
1083	0.292639895
1084	0.319815668
1085	0.361092824
1086	0.389308756
1087	0.408571429
1088	0.448057933
1089	0.492021066
1090	0.544305464
1091	0.58562212
1092	0.618643845
1093	0.683673469
1094	0.74520079
1095	0.780974325
1096	0.801737986
1097	0.809993417
1098	0.808663594
1099	0.801593153
1100	0.77682686
1101	0.757801185
1102	0.744042133
1103	0.732613562
1104	0.72160632
1105	0.710599078
1106	0.684529296
1107	0.64325214
1108	0.620092166
1109	0.598788677
1110	0.565766952
1111	0.535352205
1112	0.507834101
1113	0.497906517
1114	0.493087558
1115	0.493087558
1116	0.49556287
1117	0.501066491
1118	0.506570112
1119	0.510967742
1120	0.505464121
1121	0.503475971
1122	0.506227781
1123	0.506912442
1124	0.506701777
1125	0.503949967
1126	0.500092166
1127	0.494588545
1128	0.433048058
1129	0.351942067
1130	0.296905859
1131	0.248110599
1132	0.209585253
1133	0.180737327
1134	0.156287031
1135	0.142527979
1136	0.130717577
1137	0.122462146
1138	0.112337064
1139	0.101356155
1140	0.095852535
1141	0.091257406
1142	0.088505596
1143	0.089361422
1144	0.092113232
1145	0.097564187
1146	0.104753127
1147	0.115760369
1148	0.07636603
1149	0.00757077
1150	0.001974984
1151	0
1152	0
1153	0
1154	0
1155	0
1156	0
1157	0
1158	0
1159	0
1160	0
1161	0
1162	0
1163	0
1164	0
1165	0
1166	0
1167	0
1168	0
1169	0
1170	0
1171	0
1172	0
1173	0
1174	0
1175	0
1176	0
1177	0
1178	0
1179	0
1180	0
1181	0
1182	0
1183	0
1184	0
1185	0
1186	0
1187	0
1188	0
1189	0
1190	0
1191	0
1192	0
1193	0
1194	0
1195	0
1196	0
1197	0
1198	0
1199	0
1200	0
