299.0	1.480E-06
300.0	1.606E-06
301.0	1.059E-06
302.0	1.196E-06
303.0	1.479E-06
304.0	1.241E-06
305.0	1.150E-06
306.0	8.593E-07
307.0	1.471E-06
308.0	3.173E-06
309.0	2.009E-06
310.0	2.294E-06
311.0	1.519E-06
312.0	1.161E-06
313.0	1.262E-06
314.0	1.304E-06
315.0	1.378E-06
316.0	2.543E-06
317.0	2.998E-06
318.0	2.536E-06
319.0	3.414E-06
320.0	2.950E-06
321.0	7.767E-07
322.0	2.625E-06
323.0	1.625E-06
324.0	2.558E-06
325.0	2.709E-06
326.0	2.343E-06
327.0	2.124E-06
328.0	2.020E-06
329.0	2.840E-06
330.0	2.357E-06
331.0	1.223E-06
332.0	2.591E-06
333.0	2.402E-06
334.0	1.437E-06
335.0	1.070E-06
336.0	1.129E-06
337.0	6.643E-07
338.0	9.287E-07
339.0	7.529E-07
340.0	1.519E-06
341.0	1.023E-06
342.0	9.851E-07
343.0	1.060E-07
344.0	1.038E-06
345.0	4.708E-07
346.0	1.465E-06
347.0	1.359E-06
348.0	9.900E-07
349.0	1.121E-06
350.0	1.000E-10
351.0	1.441E-06
352.0	1.664E-06
353.0	1.913E-06
354.0	2.952E-06
355.0	3.682E-06
356.0	4.520E-06
357.0	5.121E-06
358.0	5.892E-06
359.0	7.594E-06
360.0	8.080E-06
361.0	8.470E-06
362.0	9.693E-06
363.0	1.385E-05
364.0	1.972E-05
365.0	3.454E-05
366.0	6.589E-05
367.0	1.470E-04
368.0	3.405E-04
369.0	8.121E-04
370.0	1.804E-03
371.0	3.605E-03
372.0	6.542E-03
373.0	1.107E-02
374.0	1.675E-02
375.0	2.391E-02
376.0	3.243E-02
377.0	4.244E-02
378.0	5.422E-02
379.0	6.801E-02
380.0	8.372E-02
381.0	1.008E-01
382.0	1.187E-01
383.0	1.374E-01
384.0	1.561E-01
385.0	1.745E-01
386.0	1.901E-01
387.0	2.027E-01
388.0	2.077E-01
389.0	1.855E-01
390.0	1.360E-01
391.0	8.965E-02
392.0	6.220E-02
393.0	4.982E-02
394.0	4.790E-02
395.0	5.526E-02
396.0	7.717E-02
397.0	1.278E-01
398.0	2.304E-01
399.0	3.716E-01
400.0	4.623E-01
401.0	4.854E-01
402.0	5.022E-01
403.0	5.343E-01
404.0	5.695E-01
405.0	5.949E-01
406.0	6.096E-01
407.0	6.158E-01
408.0	6.221E-01
409.0	6.382E-01
410.0	6.613E-01
411.0	6.718E-01
412.0	6.484E-01
413.0	6.117E-01
414.0	6.031E-01
415.0	6.424E-01
416.0	6.970E-01
417.0	6.790E-01
418.0	5.748E-01
419.0	4.755E-01
420.0	4.431E-01
421.0	4.931E-01
422.0	6.195E-01
423.0	7.085E-01
424.0	6.089E-01
425.0	4.387E-01
426.0	3.383E-01
427.0	3.086E-01
428.0	3.292E-01
429.0	3.834E-01
430.0	4.366E-01
431.0	4.336E-01
432.0	3.418E-01
433.0	2.065E-01
434.0	1.048E-01
435.0	5.291E-02
436.0	2.935E-02
437.0	1.866E-02
438.0	1.370E-02
439.0	1.149E-02
440.0	1.115E-02
441.0	1.252E-02
442.0	1.676E-02
443.0	2.788E-02
444.0	6.511E-02
445.0	2.473E-01
446.0	5.413E-01
447.0	2.833E-01
448.0	1.236E-01
449.0	9.176E-02
450.0	1.000E-01
451.0	1.533E-01
452.0	3.240E-01
453.0	5.910E-01
454.0	4.672E-01
455.0	2.436E-01
456.0	1.607E-01
457.0	1.453E-01
458.0	1.722E-01
459.0	2.645E-01
460.0	4.853E-01
461.0	7.374E-01
462.0	6.577E-01
463.0	4.490E-01
464.0	3.500E-01
465.0	3.427E-01
466.0	4.054E-01
467.0	5.233E-01
468.0	6.184E-01
469.0	5.971E-01
470.0	5.142E-01
471.0	4.688E-01
472.0	4.954E-01
473.0	6.029E-01
474.0	7.580E-01
475.0	8.242E-01
476.0	7.226E-01
477.0	5.961E-01
478.0	5.523E-01
479.0	6.157E-01
480.0	7.616E-01
481.0	7.744E-01
482.0	5.175E-01
483.0	2.809E-01
484.0	1.658E-01
485.0	1.161E-01
486.0	9.655E-02
487.0	9.401E-02
488.0	1.069E-01
489.0	1.421E-01
490.0	2.193E-01
491.0	3.764E-01
492.0	6.162E-01
493.0	7.841E-01
494.0	7.710E-01
495.0	6.444E-01
496.0	4.527E-01
497.0	2.675E-01
498.0	1.490E-01
499.0	9.046E-02
500.0	6.329E-02
501.0	5.235E-02
502.0	5.222E-02
503.0	6.580E-02
504.0	1.177E-01
505.0	3.399E-01
506.0	5.329E-01
507.0	1.928E-01
508.0	5.968E-02
509.0	3.058E-02
510.0	2.161E-02
511.0	1.954E-02
512.0	2.294E-02
513.0	3.866E-02
514.0	1.384E-01
515.0	3.821E-01
516.0	1.256E-01
517.0	2.583E-02
518.0	1.168E-02
519.0	7.442E-03
520.0	6.425E-03
521.0	7.232E-03
522.0	1.186E-02
523.0	4.488E-02
524.0	2.547E-01
525.0	9.421E-02
526.0	1.171E-02
527.0	4.873E-03
528.0	3.445E-03
529.0	3.602E-03
530.0	6.674E-03
531.0	7.428E-02
532.0	1.127E-01
533.0	6.328E-03
534.0	1.567E-03
535.0	9.697E-04
536.0	1.695E-03
537.0	2.218E-02
538.0	7.734E-03
539.0	1.071E-04
540.0	2.032E-05
541.0	6.223E-06
542.0	2.673E-06
543.0	1.242E-06
544.0	1.126E-06
545.0	8.829E-07
546.0	6.701E-07
547.0	6.692E-07
548.0	6.263E-07
549.0	5.831E-07
550.0	6.250E-07
551.0	6.244E-07
552.0	5.816E-07
553.0	4.550E-07
554.0	4.163E-07
555.0	6.008E-07
556.0	4.650E-07
557.0	5.101E-07
558.0	5.543E-07
559.0	5.089E-07
560.0	5.536E-07
561.0	5.529E-07
562.0	5.527E-07
563.0	4.634E-07
564.0	4.189E-07
565.0	5.085E-07
566.0	4.197E-07
567.0	3.747E-07
568.0	1.580E-07
569.0	4.637E-07
570.0	5.594E-07
571.0	4.646E-07
572.0	4.650E-07
573.0	5.151E-07
574.0	4.652E-07
575.0	4.648E-07
576.0	5.134E-07
577.0	4.192E-07
578.0	2.844E-07
579.0	5.162E-07
580.0	4.696E-07
581.0	3.752E-07
582.0	4.691E-07
583.0	4.627E-07
584.0	5.164E-07
585.0	4.243E-07
586.0	5.096E-07
587.0	5.154E-07
588.0	1.560E-07
589.0	6.969E-07
590.0	4.625E-07
591.0	5.599E-07
592.0	5.085E-07
593.0	5.043E-07
594.0	4.155E-07
595.0	5.451E-07
596.0	4.083E-07
597.0	3.303E-07
598.0	3.697E-07
599.0	4.900E-07
600.0	4.119E-07
601.0	4.133E-07
602.0	3.699E-07
603.0	2.506E-07
604.0	5.385E-07
605.0	4.474E-07
606.0	4.895E-07
607.0	5.332E-07
608.0	4.544E-07
609.0	4.981E-07
610.0	5.426E-07
611.0	5.866E-07
612.0	5.024E-07
613.0	4.598E-07
614.0	6.315E-07
615.0	5.448E-07
616.0	6.353E-07
617.0	8.323E-07
618.0	9.164E-07
619.0	9.528E-07
620.0	1.339E-06
621.0	1.802E-06
622.0	2.475E-06
623.0	3.825E-06
624.0	6.346E-06
625.0	1.016E-05
626.0	1.821E-05
627.0	3.318E-05
628.0	6.270E-05
629.0	1.223E-04
630.0	2.511E-04
631.0	5.410E-04
632.0	1.235E-03
633.0	3.018E-03
634.0	8.053E-03
635.0	2.410E-02
636.0	7.907E-02
637.0	2.572E-01
638.0	6.011E-01
639.0	8.173E-01
640.0	8.394E-01
641.0	8.380E-01
642.0	8.519E-01
643.0	8.687E-01
644.0	8.773E-01
645.0	8.822E-01
646.0	8.831E-01
647.0	8.826E-01
648.0	8.800E-01
649.0	8.752E-01
650.0	8.681E-01
651.0	8.609E-01
652.0	8.558E-01
653.0	8.542E-01
654.0	8.566E-01
655.0	8.611E-01
656.0	8.686E-01
657.0	8.753E-01
658.0	8.804E-01
659.0	8.820E-01
660.0	8.806E-01
661.0	8.786E-01
662.0	8.755E-01
663.0	8.740E-01
664.0	8.737E-01
665.0	8.748E-01
666.0	8.767E-01
667.0	8.790E-01
668.0	8.793E-01
669.0	8.795E-01
670.0	8.791E-01
671.0	8.782E-01
672.0	8.773E-01
673.0	8.732E-01
674.0	8.662E-01
675.0	8.553E-01
676.0	8.455E-01
677.0	8.360E-01
678.0	7.985E-01
679.0	6.449E-01
680.0	3.760E-01
681.0	1.623E-01
682.0	6.385E-02
683.0	2.564E-02
684.0	1.098E-02
685.0	4.972E-03
686.0	2.401E-03
687.0	1.213E-03
688.0	6.488E-04
689.0	3.574E-04
690.0	2.014E-04
691.0	1.180E-04
692.0	7.175E-05
693.0	4.497E-05
694.0	2.919E-05
695.0	1.822E-05
696.0	1.270E-05
697.0	9.344E-06
698.0	5.985E-06
699.0	4.203E-06
700.0	3.863E-06
701.0	2.811E-06
702.0	2.016E-06
703.0	1.732E-06
704.0	1.375E-06
705.0	9.863E-07
706.0	9.984E-07
707.0	7.583E-07
708.0	9.541E-07
709.0	6.579E-07
710.0	7.839E-07
711.0	7.496E-07
712.0	8.408E-07
713.0	9.232E-07
714.0	5.376E-07
715.0	7.021E-07
716.0	7.078E-07
717.0	9.203E-07
718.0	5.929E-07
719.0	8.856E-07
720.0	8.206E-07
721.0	5.028E-07
722.0	7.933E-07
723.0	6.752E-07
724.0	8.919E-07
725.0	4.437E-07
726.0	7.035E-07
727.0	7.096E-07
728.0	8.399E-07
729.0	9.725E-07
730.0	6.409E-07
731.0	8.448E-07
732.0	1.191E-06
733.0	9.165E-07
734.0	1.049E-06
735.0	9.757E-07
736.0	1.093E-06
737.0	8.628E-07
738.0	7.083E-07
739.0	7.958E-07
740.0	5.935E-07
741.0	8.104E-07
742.0	5.297E-07
743.0	6.231E-07
744.0	7.902E-07
745.0	1.254E-06
746.0	1.059E-06
747.0	9.834E-07
748.0	6.030E-07
749.0	7.694E-07
750.0	7.073E-07
751.0	9.197E-07
752.0	7.188E-07
753.0	9.780E-07
754.0	1.246E-06
755.0	7.724E-07
756.0	6.687E-07
757.0	1.334E-06
758.0	7.620E-07
759.0	1.281E-06
760.0	1.588E-06
761.0	8.298E-07
762.0	3.847E-07
763.0	7.200E-07
764.0	8.944E-07
765.0	8.593E-07
766.0	9.323E-07
767.0	9.128E-07
768.0	8.383E-07
769.0	1.223E-06
770.0	1.023E-06
771.0	7.318E-07
772.0	1.780E-06
773.0	9.978E-07
774.0	1.135E-06
775.0	1.190E-06
776.0	3.039E-07
777.0	1.654E-06
778.0	4.670E-07
779.0	1.499E-06
780.0	4.287E-07
781.0	8.948E-07
782.0	1.685E-06
783.0	1.019E-06
784.0	7.940E-07
785.0	1.340E-06
786.0	9.360E-07
787.0	1.503E-06
788.0	6.058E-07
789.0	9.940E-07
790.0	1.580E-06
791.0	8.042E-07
792.0	1.578E-06
793.0	9.059E-07
794.0	1.100E-07
795.0	1.318E-06
796.0	1.215E-06
797.0	8.480E-07
798.0	8.976E-07
799.0	1.216E-06
800.0	6.639E-07
801.0	8.325E-07
802.0	5.096E-07
803.0	7.194E-07
804.0	1.059E-06
805.0	1.196E-06
806.0	1.118E-06
807.0	1.210E-06
808.0	1.248E-06
809.0	1.000E-10
810.0	1.501E-06
811.0	1.351E-06
812.0	1.403E-06
813.0	1.680E-06
814.0	1.451E-06
815.0	2.012E-06
816.0	2.083E-06
817.0	6.389E-07
818.0	1.156E-06
819.0	1.642E-06
820.0	2.211E-07
821.0	1.829E-06
822.0	1.945E-06
823.0	1.000E-10
824.0	1.307E-06
825.0	2.776E-06
826.0	1.525E-06
827.0	2.879E-06
828.0	5.597E-06
829.0	7.447E-06
830.0	6.871E-06
831.0	1.076E-05
832.0	1.687E-05
833.0	2.745E-05
834.0	4.551E-05
835.0	7.522E-05
836.0	1.309E-04
837.0	3.029E-04
838.0	8.857E-04
839.0	6.735E-03
840.0	1.415E-01
841.0	7.090E-02
842.0	4.067E-03
843.0	1.878E-03
844.0	1.303E-03
845.0	1.063E-03
846.0	9.890E-04
847.0	9.862E-04
848.0	1.052E-03
849.0	1.223E-03
850.0	1.456E-03
