300.00	9.99999974738E-6
301.00	9.99999974738E-6
302.00	9.99999974738E-6
303.00	9.99999974738E-6
304.00	9.99999974738E-6
305.00	9.99999974738E-6
306.00	9.99999974738E-6
307.00	9.99999974738E-6
308.00	9.99999974738E-6
309.00	9.99999974738E-6
310.00	9.99999974738E-6
311.00	9.99999974738E-6
312.00	9.99999974738E-6
313.00	9.99999974738E-6
314.00	9.99999974738E-6
315.00	9.99999974738E-6
316.00	9.99999974738E-6
317.00	9.99999974738E-6
318.00	9.99999974738E-6
319.00	9.99999974738E-6
320.00	9.99999974738E-6
321.00	9.99999974738E-6
322.00	9.99999974738E-6
323.00	9.99999974738E-6
324.00	9.99999974738E-6
325.00	9.99999974738E-6
326.00	9.99999974738E-6
327.00	9.99999974738E-6
328.00	9.99999974738E-6
329.00	9.99999974738E-6
330.00	9.99999974738E-6
331.00	9.99999974738E-6
332.00	9.99999974738E-6
333.00	9.99999974738E-6
334.00	9.99999974738E-6
335.00	9.99999974738E-6
336.00	9.99999974738E-6
337.00	9.99999974738E-6
338.00	9.99999974738E-6
339.00	9.99999974738E-6
340.00	9.99999974738E-6
341.00	9.99999974738E-6
342.00	9.99999974738E-6
343.00	9.99999974738E-6
344.00	9.99999974738E-6
345.00	9.99999974738E-6
346.00	9.99999974738E-6
347.00	9.99999974738E-6
348.00	9.99999974738E-6
349.00	9.99999974738E-6
350.00	9.99999974738E-6
351.00	9.99999974738E-6
352.00	9.99999974738E-6
353.00	9.99999974738E-6
354.00	9.99999974738E-6
355.00	9.99999974738E-6
356.00	9.99999974738E-6
357.00	9.99999974738E-6
358.00	9.99999974738E-6
359.00	9.99999974738E-6
360.00	9.99999974738E-6
361.00	9.99999974738E-6
362.00	9.99999974738E-6
363.00	9.99999974738E-6
364.00	9.99999974738E-6
365.00	9.99999974738E-6
366.00	9.99999974738E-6
367.00	9.99999974738E-6
368.00	9.99999974738E-6
369.00	9.99999974738E-6
370.00	9.99999974738E-6
371.00	9.99999974738E-6
372.00	9.99999974738E-6
373.00	9.99999974738E-6
374.00	9.99999974738E-6
375.00	9.99999974738E-6
376.00	9.99999974738E-6
377.00	9.99999974738E-6
378.00	9.99999974738E-6
379.00	9.99999974738E-6
380.00	9.99999974738E-6
381.00	9.99999974738E-6
382.00	9.99999974738E-6
383.00	9.99999974738E-6
384.00	9.99999974738E-6
385.00	9.99999974738E-6
386.00	9.99999974738E-6
387.00	9.99999974738E-6
388.00	9.99999974738E-6
389.00	9.99999974738E-6
390.00	9.99999974738E-6
391.00	9.99999974738E-6
392.00	9.99999974738E-6
393.00	9.99999974738E-6
394.00	9.99999974738E-6
395.00	9.99999974738E-6
396.00	9.99999974738E-6
397.00	9.99999974738E-6
398.00	9.99999974738E-6
399.00	9.99999974738E-6
400.00	9.99999974738E-6
401.00	9.99999974738E-6
402.00	9.99999974738E-6
403.00	9.99999974738E-6
404.00	9.99999974738E-6
405.00	9.99999974738E-6
406.00	9.99999974738E-6
407.00	9.99999974738E-6
408.00	9.99999974738E-6
409.00	9.99999974738E-6
410.00	9.99999974738E-6
411.00	9.99999974738E-6
412.00	9.99999974738E-6
413.00	9.99999974738E-6
414.00	9.99999974738E-6
415.00	9.99999974738E-6
416.00	9.99999974738E-6
417.00	9.99999974738E-6
418.00	1.35899999805E-5
419.00	1.76699995791E-5
420.00	2.23099996219E-5
421.00	2.87999991997E-5
422.00	3.82200014428E-5
423.00	5.09300007252E-5
424.00	6.90800006851E-5
425.00	9.91799970507E-5
426.00	0.000158299997565
427.00	0.000250200013397
428.00	0.000399999989895
429.00	0.000642700004391
430.00	0.00102500000503
431.00	0.00138100003824
432.00	0.00126499996986
433.00	0.001007999992
434.00	0.000967699976172
435.00	0.0012309999438
436.00	0.00204900000244
437.00	0.00457199988887
438.00	0.0134100001305
439.00	0.0420500002801
440.00	0.0785700008273
441.00	0.0859600007534
442.00	0.099279999733
443.00	0.150700002909
444.00	0.274800002575
445.00	0.516900002956
446.00	0.797200024128
447.00	0.899800002575
448.00	0.885900020599
449.00	0.896099984646
450.00	0.877900004387
451.00	0.791499972343
452.00	0.726999998093
453.00	0.745199978352
454.00	0.825100004673
455.00	0.897599995136
456.00	0.922900021076
457.00	0.926800012589
458.00	0.936800003052
459.00	0.951499998569
460.00	0.960500001907
461.00	0.962700009346
462.00	0.969799995422
463.00	0.981599986553
464.00	0.962199985981
465.00	0.902999997139
466.00	0.872799992561
467.00	0.916599988937
468.00	0.969200015068
469.00	0.952300012112
470.00	0.753400027752
471.00	0.493800014257
472.00	0.5257999897
473.00	0.142900004983
474.00	0.00511100003496
475.00	0.000494099978823
476.00	8.19999986561E-5
477.00	2.02600003831E-5
478.00	9.99999974738E-6
479.00	9.99999974738E-6
480.00	9.99999974738E-6
481.00	9.99999974738E-6
482.00	9.99999974738E-6
483.00	9.99999974738E-6
484.00	9.99999974738E-6
485.00	9.99999974738E-6
486.00	9.99999974738E-6
487.00	9.99999974738E-6
488.00	9.99999974738E-6
489.00	9.99999974738E-6
490.00	9.99999974738E-6
491.00	9.99999974738E-6
492.00	9.99999974738E-6
493.00	9.99999974738E-6
494.00	9.99999974738E-6
495.00	9.99999974738E-6
496.00	9.99999974738E-6
497.00	9.99999974738E-6
498.00	9.99999974738E-6
499.00	9.99999974738E-6
500.00	9.99999974738E-6
501.00	9.99999974738E-6
502.00	9.99999974738E-6
503.00	9.99999974738E-6
504.00	9.99999974738E-6
505.00	9.99999974738E-6
506.00	1.44100004036E-5
507.00	4.22000011895E-5
508.00	0.000144100005855
509.00	0.000603699998464
510.00	0.00352000002749
511.00	0.0298399999738
512.00	0.280600011349
513.00	0.824100017548
514.00	0.95459997654
515.00	0.92040002346
516.00	0.871800005436
517.00	0.88630002737
518.00	0.944100022316
519.00	0.983399987221
520.00	0.991400003433
521.00	0.986699998379
522.00	0.979799985886
523.00	0.971300005913
524.00	0.967000007629
525.00	0.969299972057
526.00	0.974300026894
527.00	0.975399971008
528.00	0.9742000103
529.00	0.976300001144
530.00	0.97990000248
531.00	0.972699999809
532.00	0.94889998436
533.00	0.921400010586
534.00	0.912800014019
535.00	0.932600021362
536.00	0.966199994087
537.00	0.986199975014
538.00	0.979799985886
539.00	0.963800013065
540.00	0.959699988365
541.00	0.96179997921
542.00	0.956499993801
543.00	0.954800009727
544.00	0.973999977112
545.00	0.960399985313
546.00	0.87809997797
547.00	0.865800023079
548.00	0.604300022125
549.00	0.124899998307
550.00	0.0157200004905
551.00	0.00309800007381
552.00	0.00081019999925
553.00	0.000258899992332
554.00	9.95899972622E-5
555.00	4.38499992015E-5
556.00	2.0580000637E-5
557.00	1.04199998532E-5
558.00	9.99999974738E-6
559.00	9.99999974738E-6
560.00	9.99999974738E-6
561.00	9.99999974738E-6
562.00	9.99999974738E-6
563.00	9.99999974738E-6
564.00	9.99999974738E-6
565.00	9.99999974738E-6
566.00	9.99999974738E-6
567.00	9.99999974738E-6
568.00	9.99999974738E-6
569.00	9.99999974738E-6
570.00	9.99999974738E-6
571.00	9.99999974738E-6
572.00	9.99999974738E-6
573.00	9.99999974738E-6
574.00	9.99999974738E-6
575.00	9.99999974738E-6
576.00	9.99999974738E-6
577.00	9.99999974738E-6
578.00	9.99999974738E-6
579.00	9.99999974738E-6
580.00	9.99999974738E-6
581.00	9.99999974738E-6
582.00	9.99999974738E-6
583.00	9.99999974738E-6
584.00	9.99999974738E-6
585.00	9.99999974738E-6
586.00	9.99999974738E-6
587.00	9.99999974738E-6
588.00	9.99999974738E-6
589.00	1.03200000012E-5
590.00	1.77599995368E-5
591.00	3.37599994964E-5
592.00	6.47799970466E-5
593.00	0.000132300003315
594.00	0.000294600002235
595.00	0.000719400006346
596.00	0.00196300004609
597.00	0.00602900004014
598.00	0.0215600002557
599.00	0.0960500016809
600.00	0.398099988699
601.00	0.859399974346
602.00	0.972299993038
603.00	0.947200000286
604.00	0.938899993896
605.00	0.931400001049
606.00	0.925899982452
607.00	0.930999994278
608.00	0.947099983692
609.00	0.966400027275
610.00	0.981199979782
611.00	0.99019998312
612.00	0.994499981403
613.00	0.996200025082
614.00	0.994499981403
615.00	0.990499973297
616.00	0.985599994659
617.00	0.981199979782
618.00	0.978900015354
619.00	0.977999985218
620.00	0.976300001144
621.00	0.972500026226
622.00	0.964800000191
623.00	0.95450001955
624.00	0.943700015545
625.00	0.933499991894
626.00	0.927299976349
627.00	0.925300002098
628.00	0.928499996662
629.00	0.935899972916
630.00	0.946799993515
631.00	0.959999978542
632.00	0.972199976444
633.00	0.980499982834
634.00	0.980000019073
635.00	0.96899998188
636.00	0.946799993515
637.00	0.917299985886
638.00	0.88529998064
639.00	0.856599986553
640.00	0.837300002575
641.00	0.829400002956
642.00	0.834399998188
643.00	0.850099980831
644.00	0.873799979687
645.00	0.901700019836
646.00	0.927999973297
647.00	0.94889998436
648.00	0.962599992752
649.00	0.9700999856
650.00	0.972500026226
651.00	0.971899986267
652.00	0.965399980545
653.00	0.949599981308
654.00	0.921100020409
655.00	0.876999974251
656.00	0.821600019932
657.00	0.759500026703
658.00	0.698499977589
659.00	0.644200026989
660.00	0.598500013351
661.00	0.560599982738
662.00	0.527300000191
663.00	0.494700014591
664.00	0.459399998188
665.00	0.417800009251
666.00	0.371300011873
667.00	0.323599994183
668.00	0.277799993753
669.00	0.237399995327
670.00	0.20340000093
671.00	0.175999999046
672.00	0.154799997807
673.00	0.137999996543
674.00	0.124600000679
675.00	0.11400000006
676.00	0.105200000107
677.00	0.0974199995399
678.00	0.090159997344
679.00	0.0830899998546
680.00	0.0761199966073
681.00	0.0690800026059
682.00	0.0620700009167
683.00	0.0554799996316
684.00	0.0493000000715
685.00	0.0435900017619
686.00	0.0385299995542
687.00	0.0340199992061
688.00	0.030150000006
689.00	0.0268099997193
690.00	0.0238899998367
691.00	0.0215000007302
692.00	0.0193900000304
693.00	0.0175700001419
694.00	0.01600000076
695.00	0.0146399997175
696.00	0.0134500004351
697.00	0.0123800002038
698.00	0.011429999955
699.00	0.0105799995363
700.00	0.00981499999762
701.00	0.00935299973935
702.00	0.00871200021356
703.00	0.00810999982059
704.00	0.00760699994862
705.00	0.00712900003418
706.00	0.00671900017187
707.00	0.00634100008756
708.00	0.00599100021645
709.00	0.00567399989814
710.00	0.00540899997577
711.00	0.00513399997726
712.00	0.00490400008857
713.00	0.00466299988329
714.00	0.00446100020781
715.00	0.00425100000575
716.00	0.00406700000167
717.00	0.0038699998986
718.00	0.00367500004359
719.00	0.00349700008519
720.00	0.00331799988635
721.00	0.00315600004978
722.00	0.00297700008377
723.00	0.00285400007851
724.00	0.00270899990574
725.00	0.00256299995817
726.00	0.00243499991484
727.00	0.00231199990958
728.00	0.00218500010669
729.00	0.00207399995998
730.00	0.00194400001783
731.00	0.00184699997772
732.00	0.00175099994522
733.00	0.0016459999606
734.00	0.00155899999663
735.00	0.00149199995212
736.00	0.00141000002623
737.00	0.00133899995126
738.00	0.00126699998509
739.00	0.00120299996343
740.00	0.00115999998525
741.00	0.00112100003753
742.00	0.00106899999082
743.00	0.0010229999898
744.00	0.000989099964499
745.00	0.000947799999267
746.00	0.000915399985388
747.00	0.000882999971509
748.00	0.000847199989948
749.00	0.000832799996715
750.00	0.000801599991973
751.00	0.000780200003646
752.00	0.000773100007791
753.00	0.000748499995098
754.00	0.0007366000209
755.00	0.000719800009392
756.00	0.000720800017007
757.00	0.000710399996024
758.00	0.000694999995176
759.00	0.000683700025547
760.00	0.000675400020555
761.00	0.000672800000757
762.00	0.000669099972583
763.00	0.00066090002656
764.00	0.000659100012854
765.00	0.000672900001518
766.00	0.000670099980198
767.00	0.000668300024699
768.00	0.000658200006001
769.00	0.000661100028083
770.00	0.000676300027408
771.00	0.000670499983244
772.00	0.000677399977576
773.00	0.000671099987812
774.00	0.000688800006174
775.00	0.000678699987475
776.00	0.000674500013702
777.00	0.000696900009643
778.00	0.000691899971571
779.00	0.0007026999956
780.00	0.000691899971571
781.00	0.000693299982231
782.00	0.000695499998983
783.00	0.0007026999956
784.00	0.000693999987561
785.00	0.000697500014212
786.00	0.000702099991031
787.00	0.000714100024197
788.00	0.000707000028342
789.00	0.000697300012689
790.00	0.00069529999746
791.00	0.000698800024111
792.00	0.000697100011166
793.00	0.00068180001108
794.00	0.000691600027494
795.00	0.000664099992719
796.00	0.000671699992381
797.00	0.000679899996612
798.00	0.000673600006849
799.00	0.000673100003041
800.00	0.000663999991957
801.00	0.000661899975967
802.00	0.00066020002123
803.00	0.000659200013615
804.00	0.000658200006001
805.00	0.000657800002955
806.00	0.000657800002955
807.00	0.000658700009808
808.00	0.000660100020468
809.00	0.000661899975967
810.00	0.000664699997287
811.00	0.000668400025461
812.00	0.000672699999996
813.00	0.000678199983668
814.00	0.000684499973431
815.00	0.000691500026733
816.00	0.00069940002868
817.00	0.00070879998384
818.00	0.000719000003301
819.00	0.000730299972929
820.00	0.000743100012187
821.00	0.000757600006182
822.00	0.000772100000177
823.00	0.000788500008639
824.00	0.000807899981737
825.00	0.000826900009997
826.00	0.000847799994517
827.00	0.000872100004926
828.00	0.000896200013813
829.00	0.000922899984289
830.00	0.000952599977609
831.00	0.000983600039035
832.00	0.00101699994411
833.00	0.00105399999302
834.00	0.00109200004954
835.00	0.00113300001249
836.00	0.00117800000589
837.00	0.00122600002214
838.00	0.00127699994482
839.00	0.00133200001437
840.00	0.00139099999797
841.00	0.00145199999679
842.00	0.00151700002607
843.00	0.00159100000747
844.00	0.00166399998125
845.00	0.00174400000833
846.00	0.00183299998753
847.00	0.00192199996673
848.00	0.00201900000684
849.00	0.00212400010787
850.00	0.00223199999891
851.00	0.00234599993564
852.00	0.00247099995613
853.00	0.00259799999185
854.00	0.0027340000961
855.00	0.00288100005127
856.00	0.00303500005975
857.00	0.00319300009869
858.00	0.00336400000378
859.00	0.00354700000025
860.00	0.00373100000434
861.00	0.0039229998365
862.00	0.00413900008425
863.00	0.00435299985111
864.00	0.00457999994978
865.00	0.00483400002122
866.00	0.00508200004697
867.00	0.00534699996933
868.00	0.00563699984923
869.00	0.0059299999848
870.00	0.00624499982223
871.00	0.00658700009808
872.00	0.00693899998441
873.00	0.00732100009918
874.00	0.0077309999615
875.00	0.00816699955612
876.00	0.0086319996044
877.00	0.00913400016725
878.00	0.00968699995428
879.00	0.0091099999845
880.00	0.00965000037104
881.00	0.0102700004354
882.00	0.0108899995685
883.00	0.011590000242
884.00	0.0123899998143
885.00	0.0131999999285
886.00	0.0140899997205
887.00	0.0151100000367
888.00	0.0161600001156
889.00	0.0173199996352
890.00	0.0186599995941
891.00	0.0200299993157
892.00	0.0215700007975
893.00	0.0232900008559
894.00	0.02517000027
895.00	0.0272499993443
896.00	0.0296400003135
897.00	0.0323700010777
898.00	0.0353199988604
899.00	0.03886000067
900.00	0.0429299995303
