230	0.1778
231	0.2168
232	0.2497
233	0.3023
234	0.3568
235	0.4212
236	0.4848
237	0.5753
238	0.6493
239	0.7569
240	0.8461
241	0.9937
242	1.105
243	1.2724
244	1.4043
245	1.5869
246	1.7786
247	1.9764
248	2.1903
249	2.4397
250	2.6986
251	2.9527
252	3.2218
253	3.5484
254	3.8936
255	4.2168
256	4.5708
257	4.9366
258	5.3247
259	5.6937
260	6.114
261	6.4975
262	6.9115
263	7.2984
264	7.6971
265	8.1164
266	8.561
267	9.0196
268	9.501
269	9.9811
270	10.3042
271	10.6791
272	11.0206
273	11.4631
274	12.0258
275	12.5284
276	12.8611
277	13.4681
278	13.7298
279	14.2708
280	14.5092
281	14.9718
282	15.3455
283	15.7879
284	15.9753
285	16.3253
286	16.7179
287	17.0216
288	17.3573
289	17.744
290	18.0358
291	18.668
292	18.7332
293	18.961
294	19.0132
295	19.3382
296	19.6051
297	19.9966
298	20.031
299	20.4734
300	20.7842
301	21.1199
302	21.3132
303	21.7794
304	21.8874
305	22.4354
306	22.7201
307	23.1542
308	23.6323
309	24.1459
310	24.5207
311	25.0925
312	25.4922
313	26.3558
314	26.4685
315	27.2549
316	27.5942
317	28.2881
318	28.5598
319	29.5289
320	29.9903
321	30.8373
322	31.0448
323	32.0899
324	32.2963
325	32.785
326	33.1338
327	33.5715
328	33.8324
329	34.4148
330	34.6651
331	35.0815
332	35.5916
333	35.9984
334	36.671
335	37.1479
336	37.6247
337	38.1822
338	38.3424
339	39.0399
340	39.2925
341	40.0434
342	40.175
343	40.85
344	41.2509
345	41.8689
346	42.0647
347	42.7811
348	43.1939
349	43.723
350	44.2769
351	44.6731
352	45.3054
353	45.8332
354	45.9068
355	46.7229
356	47.0574
357	47.4156
358	47.7454
359	47.9708
360	48.4334
361	48.5342
362	48.9601
363	49.2554
364	49.5176
365	49.9968
366	49.909
367	50.4725
368	50.6907
369	50.9493
370	51.0039
371	51.4238
372	51.3349
373	51.7049
374	52.0169
375	52.4416
376	52.5127
377	53.056
378	53.7737
379	54.292
380	54.2292
381	54.5566
382	54.3004
383	53.7844
384	53.2779
385	51.9647
386	51.3503
387	50.0217
388	49.2317
389	48.3516
390	47.5141
391	58.0879
392	58.4117
393	59.3192
394	59.8387
395	60.6976
396	60.9834
397	62.414
398	62.8137
399	63.3902
400	63.4341
401	63.2609
402	63.2728
403	63.6559
404	63.5504
405	64.2834
406	64.8184
407	65.3486
408	65.6203
409	66.5681
410	67.0556
411	67.4565
412	68.2193
413	68.8527
414	69.2002
415	69.4458
416	69.2524
417	69.804
418	70.046
419	71.352
420	73.3674
421	73.3294
422	72.6853
423	71.7186
424	72.1373
425	71.97
426	72.2891
427	72.5121
428	72.2974
429	72.6889
430	72.607
431	72.7268
432	72.9878
433	73.2606
434	73.4516
435	73.8098
436	74.1408
437	74.3721
438	75.6413
439	77.1953
440	76.7765
441	76.2653
442	75.7267
443	76.4171
444	75.9141
445	76.4064
446	76.1585
447	76.2842
448	76.0968
449	77.0707
450	82.8226
451	91.5068
452	82.7253
453	86.2851
454	79.4182
455	78.9259
456	79.3921
457	80.8476
458	82.3268
459	84.0408
460	82.9211
461	82.3398
462	83.8605
463	87.3492
464	88.8295
465	87.5294
466	86.4702
467	90.0003
468	98.4413
469	103.3605
470	101.1838
471	96.2765
472	93.3454
473	96.681
474	109.7091
475	94.7558
476	91.1236
477	89.2744
478	87.9007
479	87.7845
480	88.1831
481	91.6693
482	94.9871
483	92.8923
484	90.8496
485	85.5343
486	81.6305
487	77.4016
488	75.4764
489	73.4587
490	72.9107
491	72.1657
492	75.1052
493	77.06
494	74.6568
495	71.1124
496	68.6321
497	66.1932
498	64.9406
499	63.7995
500	62.8185
501	61.7639
502	61.5113
503	60.9431
504	60.6038
505	59.7699
506	59.1341
507	58.1531
508	57.8186
509	56.9361
510	56.6538
511	56.1212
512	55.5399
513	55.2849
514	54.8911
515	54.4641
516	53.9018
517	53.387
518	53.0999
519	52.3218
520	52.2743
521	51.6563
522	51.1759
523	50.6635
524	50.3491
525	49.6837
526	49.5959
527	49.1261
528	48.711
529	48.3338
530	47.7501
531	47.4121
532	46.9874
533	46.6114
534	46.0373
535	45.8261
536	45.4121
537	44.94
538	44.7668
539	44.2758
540	43.9021
541	43.7254
542	43.481
543	43.0409
544	42.9045
545	42.3173
546	42.1845
547	41.6187
548	41.576
549	41.1181
550	40.7931
551	40.5238
552	40.0849
553	40.009
554	39.5452
555	39.4242
556	39.0268
557	38.6223
558	38.4871
559	37.9391
560	37.8786
561	37.3412
562	37.2499
563	36.9142
564	36.5832
565	36.2499
566	36.0281
567	35.8976
568	35.5489
569	35.3235
570	35.1978
571	34.8787
572	34.5465
573	34.2772
574	33.97
575	33.6853
576	33.4268
577	33.3568
578	33.1314
579	32.9084
580	32.543
581	32.2346
582	32.1895
583	31.8799
584	31.549
585	31.5217
586	31.1801
587	31.0282
588	30.7863
589	30.5324
590	30.3865
591	30.0212
592	29.7199
593	29.5229
594	29.1208
595	29.0259
596	28.6226
597	28.3629
598	28.1493
599	27.7733
600	27.6025
601	27.2039
602	27.0877
603	26.6879
604	26.6025
605	26.3226
606	26.0652
607	25.8066
608	25.5942
609	25.3535
610	25.1779
611	24.93
612	24.6607
613	24.4567
614	24.3416
615	23.9324
616	23.9158
617	23.6335
618	23.5042
619	23.1708
620	23.0783
621	22.8268
622	22.6489
623	22.2812
624	22.1649
625	21.7984
626	21.5564
627	21.2302
628	20.9562
629	20.7866
630	20.5244
631	20.2409
632	20.0013
633	19.7154
634	19.4758
635	19.1603
636	18.9183
637	18.5399
638	18.3608
639	18.0571
640	17.8733
641	17.1117
642	16.9492
643	16.7393
644	16.6218
645	16.4166
646	16.1983
647	16.024
648	15.9765
649	15.6693
650	15.6705
651	16.0631
652	16.2209
653	16.7404
654	17.2766
655	18.0322
656	18.5399
657	18.8092
658	18.598
659	18.3264
660	18.1164
661	17.8839
662	17.8934
663	17.8139
664	17.8305
665	17.5198
666	17.2102
667	16.7381
668	16.2244
669	15.5946
670	15.1094
671	14.4285
672	14.0098
673	13.5152
674	13.1878
675	12.699
676	12.3859
677	12.083
678	11.7678
679	11.4592
680	11.2283
681	10.9968
682	10.9204
683	10.926
684	11.0938
685	10.8441
686	10.5361
687	10.1896
688	10.0348
689	9.8526
690	9.6498
691	9.473
692	9.316
693	8.9696
694	8.7946
695	8.4305
696	8.2518
697	7.9074
698	7.7793
699	7.5575
700	7.4797
701	7.2791
702	7.1294
703	6.9602
704	6.807
705	6.6777
706	6.597
707	6.4656
708	6.4346
709	6.3586
710	6.3499
711	6.3319
712	6.33
713	6.3454
714	6.3163
715	6.2313
716	6.1186
717	5.9436
718	5.8477
719	5.6844
720	5.5188
721	5.2789
722	5.1762
723	4.9997
724	4.9015
725	4.8234
726	4.8027
727	4.7677
728	4.7532
729	4.7641
730	4.8023
731	4.7769
732	4.8839
733	4.9361
734	5.0505
735	4.8993
736	4.5622
737	4.3977
738	4.2462
739	4.1765
740	4.0724
741	4.0433
742	4.0214
743	3.9683
744	3.8778
745	3.786
746	3.7027
747	3.6222
748	3.5273
749	3.502
750	3.4696
751	3.4564
752	3.363
753	3.2947
754	3.2247
755	3.1187
756	3.0427
757	2.9923
758	2.9355
759	2.9275
760	2.9452
761	2.969
762	2.9474
763	2.9869
764	3.8228
765	4.9857
766	4.3013
767	3.7236
768	2.968
769	2.7099
770	2.4617
771	2.3616
772	2.2682
773	2.2268
774	2.1311
775	2.0773
776	1.9812
777	1.9427
778	1.8849
779	1.8489
780	1.8017
781	1.7901
782	1.7659
783	1.7402
784	1.7216
785	1.7068
786	1.6847
787	1.6806
788	1.6913
789	1.7827
790	1.9183
791	1.9092
792	1.8075
793	1.7003
794	1.6316
795	1.5717
796	1.572
797	1.5989
798	1.6375
799	1.6336
800	1.5956
