Typical Measured Spectrum of Semrock BLP01-568R Optical Filter	
For wavelengths between 320 and 1120 nm, values near or below 3e-7 (Optical Density 6,5) are measurement noise limited,
For wavelengths < 320 nm and > 1120 nm, values near or below 3e-6 (Optical Density 5,5) are measurement noise limited, 
Data format:  Wavelength (nm) <tab> Transmission (0 to 1)
254,4	4,31951973588503E-07
255,4	5,04398123996866E-07
256,4	3,84500990257859E-07
257,4	3,48799989058153E-07
258,4	4,81297341308451E-07
259,4	4,69572292007905E-07
260,4	4,09542014900051E-07
261,4	1,68728118090615E-07
262,4	5,42435947390981E-07
263,4	5,06685484283088E-07
264,4	4,82646835029292E-07
265,4	4,94819108663988E-07
266,4	3,8607747358529E-07
267,4	4,82735750051019E-07
268,4	4,22499756158156E-07
269,4	4,46714924893602E-07
270,4	3,98414799775399E-07
271,4	4,70725215179906E-07
272,4	4,34684808539451E-07
273,4	3,98425808535235E-07
274,4	4,82921412949067E-07
275,4	3,02078254150174E-07
276,4	4,59093836913646E-07
277,4	4,22954317556968E-07
278,4	4,59070581244927E-07
279,4	4,35235651583811E-07
280,4	4,95584212209852E-07
281,4	4,35290774265947E-07
282,4	4,23345027118389E-07
283,4	4,71646333480222E-07
284,4	4,71889661529511E-07
285,4	4,71935299512475E-07
286,4	4,9605343650372E-07
287,4	4,35835360312011E-07
288,4	4,96455655730418E-07
289,4	5,08539231771601E-07
290,4	5,20707055857483E-07
291,4	4,24006449503899E-07
292,4	4,84588900755034E-07
293,4	5,20883334617999E-07
294,4	4,48239848462647E-07
295,4	4,72577959358627E-07
296,4	4,97001228960226E-07
297,4	4,3644594479902E-07
298,4	4,84915942566703E-07
299,4	5,09299749580934E-07
300,4	5,09241117655562E-07
301,4	4,72928473894556E-07
302,4	4,97267942815825E-07
303,4	5,09509707222334E-07
304,4	5,82406834351218E-07
305,4	5,09585970243938E-07
306,4	4,49089046601558E-07
307,4	4,48997024179733E-07
308,4	5,21884577101327E-07
309,4	3,64175279854752E-07
310,4	3,64283468171344E-07
311,4	3,76468343113044E-07
312,4	4,00968690892743E-07
313,4	3,7658885460231E-07
314,4	5,4677980105115E-07
315,4	4,3735234818705E-07
316,4	4,49537020350906E-07
317,4	4,01105357328692E-07
318,4	4,01068415861275E-07
319,4	4,61883515466294E-07
320,4	4,8636180620743E-07
321,4	4,49966791012133E-07
322,4	4,62160115039587E-07
323,4	4,25868445689904E-07
324,4	5,4764668434792E-07
325,4	4,98998755660742E-07
326,4	4,01646940050203E-07
327,4	4,38244488156932E-07
328,4	4,62670130318479E-07
329,4	4,50545299026917E-07
330,4	4,38357521396609E-07
331,4	4,38458468567552E-07
332,4	4,02039257861098E-07
333,4	4,75197845179753E-07
334,4	4,63061274368726E-07
335,4	5,24026756818993E-07
336,4	5,48339412798637E-07
337,4	5,48472001632658E-07
338,4	4,99751910017147E-07
339,4	4,87641280076561E-07
340,4	5,11946363745355E-07
341,4	5,36418148293565E-07
342,4	5,48636203656361E-07
343,4	5,73032775250887E-07
344,4	6,21842588684305E-07
345,4	6,34172583390793E-07
346,4	7,19572342824173E-07
347,4	7,19434835210802E-07
348,4	7,07446272475536E-07
349,4	7,19646906131841E-07
350,4	8,17117407548861E-07
351,4	8,5367087096104E-07
352,4	8,53694459084782E-07
353,4	8,65895460096833E-07
354,4	8,90412939679304E-07
355,4	8,65885491164325E-07
356,4	8,65791788808585E-07
357,4	9,14670058167933E-07
358,4	9,02400781267698E-07
359,4	8,90134149121068E-07
360,4	9,6326873079014E-07
361,4	1,04853386739535E-06
362,4	1,18284942375241E-06
363,4	1,32915755030184E-06
364,4	1,45092332557097E-06
365,4	1,52394559398217E-06
366,4	1,53609283221794E-06
367,4	1,42633803268946E-06
368,4	1,2919998482116E-06
369,4	1,13355203943445E-06
370,4	9,50780930488234E-07
371,4	8,5316977738173E-07
372,4	8,04278506210882E-07
373,4	7,4330398754799E-07
374,4	7,31059058238942E-07
375,4	7,43201303400446E-07
376,4	8,6496485687273E-07
377,4	9,01271136020525E-07
378,4	7,67220966459718E-07
379,4	8,1587093642512E-07
380,4	8,64405382782407E-07
381,4	8,52201830346528E-07
382,4	8,40813086811027E-07
383,4	8,41843693153386E-07
384,4	8,05242081204741E-07
385,4	7,56354617592485E-07
386,4	6,95342000373368E-07
387,4	6,46553493466498E-07
388,4	6,34349296603696E-07
389,4	5,97740197363578E-07
390,4	6,34331769127039E-07
391,4	6,34328847928013E-07
392,4	5,36731967756009E-07
393,4	5,2450721018307E-07
394,4	5,12285970756057E-07
395,4	5,36591096948559E-07
396,4	5,24367133083123E-07
397,4	4,7558424896191E-07
398,4	4,87754699654306E-07
399,4	4,99907281539694E-07
400,4	5,12056003890228E-07
401,4	5,36424324071274E-07
402,4	5,36327990035542E-07
403,4	5,11817890661084E-07
404,4	5,11770752662088E-07
405,4	5,11749541978936E-07
406,4	5,1170123203781E-07
407,4	4,99440161820975E-07
408,4	5,11524527211066E-07
409,4	5,35847813131476E-07
410,4	5,47972119801208E-07
411,4	5,84432639688661E-07
412,4	6,81747356519356E-07
413,4	7,54686293787352E-07
414,4	8,88506199951119E-07
415,4	1,02218019618036E-06
416,4	1,15581536263403E-06
417,4	1,38676369239688E-06
418,4	1,56900187520135E-06
419,4	1,6417365335161E-06
420,4	1,54416058438895E-06
421,4	1,30070096555633E-06
422,4	1,0574125550455E-06
423,4	9,60060192412881E-07
424,4	8,26251883760079E-07
425,4	6,92485146858467E-07
426,4	6,68103062696053E-07
427,4	6,43656949483361E-07
428,4	6,3134458897096E-07
429,4	6,19096662305998E-07
430,4	6,31191966334495E-07
431,4	6,18925623207521E-07
432,4	6,79423341056196E-07
433,4	6,67169927914089E-07
434,4	6,18550927768687E-07
435,4	6,18444117030816E-07
436,4	6,30452632709312E-07
437,4	6,4241468897345E-07
438,4	6,66468246664454E-07
439,4	6,90531449188709E-07
440,4	7,38819692549633E-07
441,4	7,38707422196854E-07
442,4	7,38498236606904E-07
443,4	7,14110572052764E-07
444,4	6,41307712163712E-07
445,4	5,08088613917509E-07
446,4	5,32125979539355E-07
447,4	5,07777511207142E-07
448,4	4,71406387250799E-07
449,4	4,834565656848E-07
450,4	4,83395343568063E-07
451,4	4,71251192977821E-07
452,4	4,71200196226659E-07
453,4	4,83207273206845E-07
454,4	4,83120496182325E-07
455,4	4,5885605042471E-07
456,4	5,67428914826798E-07
457,4	4,9492052237119E-07
458,4	4,46563746408841E-07
459,4	4,70564827550336E-07
460,4	4,70442406219595E-07
461,4	3,37670765701378E-07
462,4	3,7379756041676E-07
463,4	4,82212498433248E-07
464,4	4,94156443457339E-07
465,4	6,62651923027297E-07
466,4	5,17937626950515E-07
467,4	4,57574129988965E-07
468,4	4,69487963628437E-07
469,4	4,33210987064248E-07
470,4	4,57107621666003E-07
471,4	4,8100707311551E-07
472,4	4,92820156880895E-07
473,4	4,56578505950783E-07
474,4	4,44387119655269E-07
475,4	4,68233478812858E-07
476,4	4,56016400934734E-07
477,4	4,6785089286336E-07
478,4	4,6763979626923E-07
479,4	4,79450154195396E-07
480,4	4,79189686924496E-07
481,4	4,7887532819915E-07
482,4	4,78535832030906E-07
483,4	4,66171224992629E-07
484,4	4,65819283067449E-07
485,4	5,01356283859001E-07
486,4	4,6534865460351E-07
487,4	4,65301510777203E-07
488,4	4,41469253984736E-07
489,4	4,77423137624075E-07
490,4	5,25321847108104E-07
491,4	5,01531785726251E-07
492,4	4,77701343423296E-07
493,4	4,53787431005952E-07
494,4	5,1344090191376E-07
495,4	4,6573026672529E-07
496,4	4,6573348388711E-07
497,4	4,65694879411971E-07
498,4	4,53743547992609E-07
499,4	4,53758175192186E-07
500,4	4,05977965314921E-07
501,4	4,41781436112149E-07
502,4	4,65601598473942E-07
503,4	4,41701081512207E-07
504,4	3,81993051080036E-07
505,4	4,41664469073956E-07
506,4	4,53544038289622E-07
507,4	4,29625907627642E-07
508,4	4,53430221285384E-07
509,4	4,53400988501037E-07
510,4	4,41341190976892E-07
511,4	4,53169280980185E-07
512,4	4,53109807615765E-07
513,4	4,41062832967965E-07
514,4	4,4096737833638E-07
515,4	4,52770854194048E-07
516,4	4,40699403456518E-07
517,4	4,28645691332629E-07
518,4	4,52335280693874E-07
519,4	4,1646399671539E-07
520,4	4,28183041387331E-07
521,4	4,51794003759285E-07
522,4	4,27852882897682E-07
523,4	4,63305507253227E-07
524,4	4,15564521236706E-07
525,4	4,51011340977914E-07
526,4	4,50793310377727E-07
527,4	4,15003216398533E-07
528,4	4,14847486049026E-07
529,4	4,14679401101802E-07
530,4	4,38166794712258E-07
531,4	4,26173520991751E-07
532,4	4,4966228456646E-07
533,4	4,02153138727929E-07
534,4	4,13831421338472E-07
535,4	4,01860631741489E-07
536,4	3,78089365918574E-07
537,4	4,37017132066662E-07
538,4	4,25089583106828E-07
539,4	4,13107864255831E-07
540,4	4,24789196174405E-07
541,4	4,24696285575944E-07
542,4	4,36381632486554E-07
543,4	4,12652482961914E-07
544,4	3,7717114712688E-07
545,4	4,12437800980294E-07
546,4	4,24125576168828E-07
547,4	4,12229874993738E-07
548,4	4,35721974139332E-07
549,4	4,35587554430163E-07
550,4	4,12001182610963E-07
551,4	3,64846733753285E-07
552,4	4,11815285677232E-07
553,4	4,35279749171044E-07
554,4	3,99895449876961E-07
555,4	4,11535649938363E-07
556,4	4,23237814022313E-07
557,4	4,11390693308172E-07
558,4	5,75846143457662E-07
559,4	4,34721843371163E-07
560,4	4,58163473477076E-07
561,4	4,46323200478346E-07
562,4	4,58059044302119E-07
563,4	4,81420370347345E-07
564,4	5,04869880831449E-07
565,4	5,04765266144077E-07
566,4	6,57920566569392E-07
567,4	7,04761972878968E-07
568,4	7,16314038473342E-07
569,4	8,4538485387854E-07
570,4	9,62517119386742E-07
571,4	1,47870132707609E-06
572,345	3,75354197909939E-06
572,644	5,3582827704692E-06
573,146	9,24158606852578E-06
573,647	1,68758816499633E-05
573,946	2,50626036076541E-05
574,448	4,78222573552029E-05
574,95	9,35182115102678E-05
575,1	0,000116309781814128
575,239	0,000140892570809219
575,406	0,000178056891368877
575,574	0,000229144501577588
575,741	0,000291479315329875
575,908	0,000377829259911843
576,075	0,000486322224570916
576,243	0,000636980876688072
576,437666666667	0,000880029725337521
576,624	0,00119906003810299
576,791	0,00159131974671721
576,958	0,0021231449636057
577,1255	0,00286096732346108
577,2925	0,0038609802089847
577,46	0,00531361651737265
577,627	0,00732709160268181
577,7085	0,0082487591093422
577,8425	0,0106346064286774
578,0095	0,0149542521985784
578,177	0,0212981791225741
578,344	0,0306172308057434
578,511	0,0444438489075196
578,678	0,0651637967498519
578,8455	0,0962389712395687
579,005666666667	0,140178281995438
579,1715	0,205034541046942
579,3385	0,294718160638811
579,506	0,411191659693601
579,673	0,546233552455659
579,84	0,682670298586818
580,007	0,799726779995943
580,174	0,884264673644571
580,341	0,935771333955047
580,5085	0,962826750103902
580,6755	0,974492233700684
580,8425	0,97861443377489
581,0095	0,980079077842944
581,1765	0,98078712908373
581,3435	0,981744874410708
581,511	0,982930211937397
581,678	0,984313737048302
581,845	0,985536475436518
582,012	0,98649901136569
582,179	0,986651139115862
582,346	0,986610900531605
582,513	0,985967398232638
582,68	0,984718334772266
582,847	0,984166521285222
583,014	0,983242267041244
583,181	0,982547831961781
583,348	0,981826357196868
583,515	0,982011246569123
583,682	0,981996034363792
583,849	0,982772501026289
584,016	0,98292643641381
584,183	0,98429714664958
584,35	0,9854679651194
584,517	0,986532795584375
584,684	0,987485585146558
584,851	0,988294679979293
585,018	0,988994421048441
585,185	0,989313927091381
585,352	0,989406501790151
585,519	0,989211305747075
585,686	0,988781286695849
585,853	0,988318735028976
586,02	0,987783179489501
586,1865	0,987277965404793
586,3535	0,986331455142155
586,5205	0,985093319294074
586,6875	0,984805007333413
586,8545	0,984171273379353
587,0215	0,98377338090646
587,1885	0,983186829546465
587,3555	0,983377605635496
587,522	0,983250160324101
587,689	0,983933673366487
587,856	0,984308455679358
588,023	0,985153829865172
588,1895	0,985572714518596
588,3565	0,985975615420752
588,5235	0,986533898549373
588,6905	0,98745271438269
588,8575	0,988348793508142
589,024	0,989148392132993
589,191	0,989390277795335
589,358	0,990201747271082
589,5245	0,990344397100437
589,6915	0,990800020202331
589,8585	0,990681513597249
590,0255	0,990254239272486
590,192	0,990045650298653
590,359	0,989710145487593
590,5255	0,989105262988061
590,6925	0,988516697711108
590,8595	0,98793742115778
591,0265	0,986801961944001
591,193	0,986782196190479
591,36	0,985967533133842
591,5265	0,984945072778751
591,6935	0,98514407704667
591,8605	0,984855579014795
592,027	0,984406654902437
592,194	0,98451210800558
592,3605	0,984525606787495
592,5275	0,984883664408496
592,6945	0,984721519226867
592,861	0,98515859992177
593,0275	0,985551074909847
593,1945	0,986174499634982
593,3615	0,986762678337089
593,528	0,987395494607327
593,6945	0,988309679676445
593,8615	0,988879454758069
594,0285	0,98922356002465
594,195	0,98946132609662
594,3615	0,989676858785833
594,5285	0,990285703596552
594,6955	0,990340438159582
594,862	0,990617562029868
595,0285	0,990781485384532
595,1955	0,991266409464347
595,362	0,990711655737579
595,5285	0,990643036522867
595,6955	0,989914872039528
595,8625	0,98917102276171
596,029	0,988646485716317
596,1955	0,987801135391391
596,3625	0,987378550169745
596,529	0,986338817891175
596,6955	0,986002615388968
596,8625	0,985099561584742
597,029	0,98480942957363
597,1955	0,983785836091636
597,3625	0,983058474499769
597,529	0,982491594922273
597,6955	0,982693077318964
597,8625	0,982335837404475
598,029	0,981958528051193
598,1955	0,981898061388532
598,3625	0,981867971147718
598,5285	0,982047571016399
598,6955	0,982112984809051
598,862	0,982765847245693
599,0285	0,983455018185967
599,1955	0,983444736974818
599,362	0,984573333368913
599,5285	0,985239674478614
599,695	0,986083699329826
599,8615	0,986594283613334
600,0285	0,987193748469565
600,195	0,987866575511317
600,3615	0,988383903804345
600,528	0,988952618667186
600,6945	0,989918723041565
600,8615	0,989847256250466
601,0275	0,990263113890452
601,1945	0,990763747903351
601,361	0,990353370396038
601,5275	0,990565372454603
601,694	0,990705486070055
601,8605	0,990693934457366
602,027	0,990423085501836
602,1935	0,990243900597107
602,3605	0,989839746327975
602,5265	0,989558452556043
602,6935	0,988991002235103
602,8595	0,988439255044905
603,0265	0,987824440667174
603,1925	0,987416924098582
603,3595	0,986713001797514
603,5255	0,986334590189661
603,6925	0,985799551940235
603,8585	0,9852226296486
604,0255	0,984501267688555
604,1915	0,983881346634486
604,3585	0,983649312024533
604,5245	0,983650562042456
604,6915	0,983265919912794
604,8575	0,983542342034762
605,0245	0,983179264633864
605,1905	0,983204556732028
605,357	0,983163852578729
605,5235	0,983583337688719
605,69	0,984139929073685
605,8565	0,984583994915366
606,0225	0,984747097108216
606,1895	0,984944264966475
606,3555	0,985946714804457
606,5225	0,98594935397126
606,6885	0,986716344905097
606,855	0,987411463013998
607,0215	0,987565476121137
607,1875	0,988039756476499
607,3545	0,988913685880068
607,5205	0,988871483960053
607,687	0,989309563548372
607,8535	0,989440284336621
608,015666666667	0,987589582913186
608,1945	0,985374148338126
608,362	0,98566741348808
608,529	0,985643085307614
608,6965	0,985465131675517
608,864	0,985187792086056
609,031	0,985396411105504
609,1985	0,985144537699658
609,366	0,984611657403793
609,533	0,983980453027372
609,7005	0,983721458575427
609,868	0,982789774982701
610,035	0,982590287153701
610,202	0,982311562886526
610,3695	0,982001623758054
610,537	0,980894631433948
610,704	0,980541950849344
610,8715	0,979845209171333
611,0385	0,979671845628857
611,206	0,979024213852412
611,373	0,978145779359175
611,5405	0,977980690852183
611,708	0,978089714548523
611,875	0,977607089965063
612,042	0,976897764515584
612,2095	0,976518732819608
612,377	0,976798715965977
612,544	0,977029642336233
612,711	0,977300683262681
612,8785	0,977047135579196
613,0455	0,977262946967596
613,213	0,977908137688945
613,38	0,978467905095101
613,547	0,978482995713781
613,7145	0,979108487580643
613,8815	0,979512591538236
614,049	0,979677003958635
614,216	0,980147804665971
614,383	0,98110028072442
614,5505	0,981186248662069
614,7175	0,982165985291869
614,885	0,982437423110146
615,052	0,982964512514056
615,219	0,983561851097576
615,386	0,983643932610396
615,5535	0,98406219549191
615,7205	0,984435827062346
615,888	0,98478543215484
616,055	0,985292378630146
616,222	0,985441391965569
616,389	0,98524943670084
616,5565	0,985589634780467
616,7235	0,98543569433727
616,8905	0,985296922240463
617,0575	0,985327911530938
617,225	0,98518225502192
617,392	0,985118232230028
617,559	0,98485863957884
617,726	0,984051609334815
617,893	0,984106000086187
618,0605	0,983607792842575
618,2275	0,983118700841576
618,3945	0,983122702483151
618,5615	0,982399034086537
618,7285	0,981937278131464
618,896	0,981668225055758
619,063	0,981574439228636
619,23	0,980749767873474
619,397	0,980337325037056
619,564	0,98038743074762
619,731	0,980383569435794
619,898	0,979587814674872
620,065	0,979452026124452
620,232	0,979421183183194
620,399	0,979726680935984
620,5665	0,97953147877074
620,7335	0,979110814168938
620,9005	0,979183522336929
621,0675	0,979579698084261
621,2345	0,97971545352569
621,4015	0,979573607767108
621,5685	0,979736498675767
621,7355	0,980114762861358
621,9025	0,980010043238374
622,0695	0,980578267160826
622,2365	0,980527041979706
622,4035	0,98034652823708
622,5705	0,981163059250594
622,7375	0,981304697456236
622,9045	0,981644211131449
623,0715	0,981904164460481
623,2385	0,982088911332328
623,405	0,982075709610228
623,572	0,982864791619485
623,739	0,982719808585698
623,906	0,982822539803454
624,073	0,982917359143667
624,24	0,98282733741615
624,407	0,983297905584332
624,574	0,983446862536712
624,7405	0,982810402604638
624,9075	0,982775489089655
625,0745	0,982260227544174
625,2415	0,98242340679214
625,4085	0,98223381274318
625,5755	0,982121115072313
625,7425	0,9820806494933
625,909	0,98169116848177
626,076	0,981367199372663
626,243	0,980981127399269
626,41	0,98055449553342
626,5765	0,980493700930279
626,7435	0,980178739232919
626,9105	0,979631414242879
627,0775	0,979365239629667
627,244	0,97885421965551
627,411	0,978584879693261
627,578	0,977980536485122
627,7445	0,977782340380823
627,9115	0,977663558368885
628,0785	0,977253541968925
628,2455	0,977529485488245
628,412	0,97689629673689
628,579	0,976532245054884
628,7455	0,976367207735475
628,9125	0,976281934773346
629,0795	0,97657090688851
629,2465	0,976238283551196
629,413	0,976477857167509
629,58	0,976097189288532
629,7465	0,976155920780182
629,9135	0,976602394169365
630,0805	0,97687336615421
630,247	0,976548420831504
630,414	0,976636811072369
630,5805	0,976659586163058
630,7475	0,976997356814085
630,914	0,977078760908715
631,081	0,977084044010669
631,2475	0,977157211969887
631,4145	0,977673461389076
631,5815	0,97770600209612
631,748	0,977988580000988
631,9145	0,978140513009819
632,0815	0,97772897367403
632,2485	0,978446899772109
632,415	0,978893489298964
632,5815	0,978806151290692
632,7485	0,978889615129039
632,915	0,97905925931676
633,082	0,978992119015625
633,2485	0,979324252921305
633,4155	0,979173479869933
633,582	0,979281890557578
633,7485	0,97902871194263
633,9155	0,979004546268762
634,082	0,979156310983073
634,2485	0,979114258395001
634,4155	0,97878082197648
634,582	0,978584200740156
634,7485	0,979176243559859
634,9155	0,978911505385283
635,082	0,979050159929298
635,2485	0,978690114499032
635,4155	0,978792755255927
635,582	0,978565938197321
635,7485	0,978413288459636
635,9155	0,978578760982503
636,082	0,978101331832058
636,2485	0,978141735343721
636,4155	0,978494075458543
636,582	0,978061676795676
636,7485	0,977884734275766
636,9155	0,978008323445738
637,082	0,978053133842252
637,2485	0,978073615393183
637,415	0,978247598703132
637,5815	0,978468738923831
637,7485	0,978435515221792
637,915	0,97816842927258
638,0815	0,978090792847385
638,248	0,978817843371182
638,4145	0,979034196672769
638,5815	0,979287067607356
638,7475	0,979535548160444
638,9145	0,979463127698273
639,081	0,979982678818082
639,2475	0,980411430197135
639,414	0,980704340755362
639,5805	0,980662592861055
639,7475	0,981076665503131
639,9135	0,981664579941119
640,0805	0,981779212057527
640,2465	0,982094258783835
640,4135	0,982373880837943
640,58	0,98264118436419
640,7465	0,982805372288792
640,913	0,983428460510838
641,0795	0,983654357382764
641,246	0,983778868392014
641,4125	0,983673528864835
641,579	0,984549959440017
641,7455	0,984572196937903
641,912	0,984675617520364
642,0785	0,984645716683857
642,245	0,98483689866845
642,4115	0,984835303550326
642,578	0,985195977996994
642,7445	0,984616414698661
642,9105	0,984787060648096
643,0775	0,984301037514962
643,2435	0,984337085396405
643,4105	0,984608592494398
643,5765	0,984391484027853
643,7435	0,984126424448228
643,9095	0,983810024871592
644,076	0,983819660933893
644,2425	0,983112918284696
644,409	0,983022794947785
644,5755	0,983045475855944
644,7415	0,982509372296469
644,9085	0,981896462432607
645,0745	0,981504847128913
645,241	0,981459127059124
645,4075	0,980952352876859
645,5735	0,980798762793013
645,7405	0,980383381486209
645,9065	0,979865673491545
646,073	0,980176209309775
646,2395	0,980017181053802
646,4055	0,979483760432158
646,5725	0,979593899723032
646,7385	0,978636505931554
646,905	0,978746693541746
647,0715	0,978669735283153
647,2375	0,978248013639477
647,404	0,978389842307812
647,5705	0,978264974616977
647,7365	0,978184510579007
647,903	0,97856789453072
648,0695	0,978203197872122
648,2355	0,977906253116175
648,402	0,978169269019513
648,5685	0,978244354628266
648,7345	0,978482103666661
648,901	0,978338004901822
649,0675	0,978901473188037
649,2335	0,97870609180711
649,4	0,978845249522427
649,5665	0,979774847307531
649,7325	0,979671641911231
649,8985	0,979655922300991
650,0655	0,98000027848135
650,2315	0,979952111881415
650,3975	0,980725517674537
650,564	0,980906690750155
650,7305	0,981274095918578
650,8965	0,981358293074878
651,0625	0,981440907031313
651,2295	0,981902388342603
651,3955	0,982251566604183
651,5615	0,982205105357642
651,7275	0,981941574474319
651,8945	0,982422673843816
652,0605	0,982994326056349
652,2265	0,982464455909146
652,3925	0,98275244911108
652,559	0,982738317827404
652,7255	0,982618367230643
652,8915	0,982850145056816
653,0575	0,983090851909853
653,2235	0,982586383577878
653,3905	0,982879549891564
653,5565	0,982776825655606
653,7225	0,98262542642942
653,8885	0,982491859107442
654,0545	0,982508249482543
654,2215	0,982515040239479
654,3875	0,982100897774695
654,5535	0,98186333919524
654,7195	0,981587620222293
654,8855	0,981851666943437
655,052	0,981282853383125
655,2185	0,981155564226454
655,3845	0,980781049504033
655,5505	0,980504930309496
655,7165	0,980572347105246
655,8825	0,980133693592353
656,0485	0,979818643821843
656,215	0,980042866383572
656,3815	0,979678083337518
656,5475	0,979728825043816
656,7135	0,979615028658332
656,8795	0,979238180004233
657,0455	0,979317456495622
657,2115	0,979524268736524
657,3775	0,979110195429474
657,5435	0,979171979386989
657,7105	0,979613864482914
657,8765	0,979487896456962
658,0425	0,979544433772713
658,2085	0,979611276467104
658,3745	0,980079907666332
658,5405	0,980006365795669
658,7065	0,980275516274595
658,8725	0,980312431019876
659,0385	0,981099887070666
659,2045	0,9809828627099
659,3705	0,981777059855544
659,5365	0,981412602710417
659,7025	0,982043531068864
659,8685	0,981724399551096
660,0345	0,982415594858079
660,2015	0,983309389154938
660,3675	0,983611672428735
660,5335	0,983735734824763
660,6995	0,983985463126314
660,8655	0,984177905069807
661,0315	0,98487810277582
661,1975	0,984772559002674
661,3635	0,985290054802115
661,5295	0,985994688012596
661,6955	0,985995372527065
661,8615	0,986341661704546
662,0275	0,986850207454128
662,1935	0,986542768379431
662,3595	0,986973953095035
662,5255	0,986909035112905
662,6915	0,987138112602853
662,8575	0,987351936333049
663,0225	0,987396728212127
663,1885	0,987426217768572
663,3545	0,987851255361915
663,5205	0,987285237183988
663,6865	0,987632552464183
663,8525	0,98703273074519
664,0185	0,986874273039424
664,1845	0,987191143255227
664,3505	0,986487812664758
664,5165	0,986528621184979
664,6825	0,986670940519557
664,8485	0,986069906134368
665,0145	0,985854040749682
665,1805	0,985701598259554
665,3465	0,985829382167845
665,5115	0,984774367745836
665,6775	0,984254887884891
665,8435	0,98420822382906
666,0095	0,984158269804778
666,1755	0,983389469550824
666,3415	0,983590987811862
666,5075	0,983262911148992
666,6735	0,982584376674289
666,839	0,982260573384319
667,0045	0,98223887486616
667,1705	0,981745607520453
667,3365	0,981510519497294
667,5025	0,981239123086217
667,6685	0,981179979096199
667,8345	0,981128920939015
668	0,980571496775609
668,1655	0,980394278763544
668,3315	0,980156064304523
668,4975	0,980230459109598
668,6635	0,979990174052558
668,8295	0,980350268617136
668,9945	0,980255106800794
669,1605	0,980240392007943
669,3265	0,980373192627618
669,4925	0,980163913907925
669,6585	0,980231174399726
669,8235	0,980468356248212
669,9895	0,980782126073686
670,1555	0,980721053004608
670,3215	0,980945132902356
670,487	0,981123640794684
670,6525	0,981310447603429
670,8185	0,981257181988258
670,9845	0,981284789133827
671,1505	0,981690280107568
671,3155	0,981713232441599
671,4815	0,982634251727548
671,6475	0,983122539249468
671,8135	0,983145069507426
671,9785	0,983600043043034
672,1445	0,984204041898503
672,3105	0,984634094811822
672,476	0,984454855981966
672,6415	0,984962819632039
672,8075	0,985165866882837
672,966	0,987117415458908
673,0745	0,990474176322509
673,241	0,990677081778893
673,4075	0,991208925672942
673,5745	0,991525311113701
673,741	0,991874897873653
673,9075	0,992413865238881
674,0745	0,992334138220982
674,241	0,993023239601332
674,4075	0,992526309676518
674,5745	0,992741049301963
674,7405	0,993054457718119
674,9075	0,993190591936494
675,074	0,993137271496598
675,2405	0,992889846914045
675,4075	0,993240916930717
675,5735	0,993239127587621
675,7405	0,992902876045435
675,907	0,992933057793384
676,0735	0,992818434752666
676,24	0,993079841261139
676,4065	0,992956535346407
676,5735	0,993034745838416
676,7395	0,992429588591876
676,9065	0,99202613064409
677,073	0,991785281288444
677,2395	0,991513460270854
677,406	0,991948381015007
677,5725	0,991251448179377
677,739	0,990943204824205
677,9055	0,990462971873928
678,072	0,990202882979606
678,2385	0,989912840307268
678,4055	0,989417527251181
678,5715	0,989383834806308
678,7385	0,989198828172632
678,9045	0,98879131833654
679,0715	0,988756725807606
679,2375	0,988468462174431
679,4045	0,987795703366486
679,5705	0,987696765171733
679,7375	0,987682238568402
679,9035	0,987387412364796
680,07	0,986906791245095
680,2365	0,986617980020019
680,403	0,986400312290404
680,5695	0,986130342370765
680,736	0,98609454721318
680,9025	0,986242686342412
681,0685	0,985975268161479
681,2355	0,985656095959827
681,4015	0,985719571377249
681,5685	0,985978941899913
681,7345	0,985658633134602
681,901	0,985700568462095
682,0675	0,985796106427624
682,234	0,985747367323876
682,4005	0,985909448679912
682,5665	0,986379528014888
682,7335	0,985965977132075
682,8995	0,986320404937279
683,066	0,986643535964298
683,2325	0,986686626032753
683,3985	0,986950630768183
683,5655	0,986951315140158
683,7315	0,987111364708403
683,898	0,98726865427319
684,0645	0,987786303484757
684,2305	0,988122620031293
684,397	0,98849819264312
684,5635	0,988237099034624
684,7295	0,98834566994254
684,8965	0,988874566646558
685,0625	0,98859303154456
685,2285	0,989165384268122
685,3955	0,98937148980401
685,5615	0,990088103623726
685,7275	0,990108549143364
685,8945	0,990466563145319
686,0605	0,990513004118928
686,2265	0,990927885557018
686,3935	0,990877385724109
686,5595	0,991207962444795
686,7255	0,990822002010507
686,892	0,991421802156195
687,0585	0,991416686841424
687,2245	0,991515277098867
687,391	0,991472737630739
687,5575	0,992339014654363
687,7235	0,991999009850545
687,8895	0,992037717839404
688,056	0,992083991322339
688,2225	0,991824311500274
688,3885	0,991769220902482
688,5545	0,991647575714605
688,7215	0,99164742806506
688,8875	0,991786406629858
689,0535	0,991376513956078
689,2195	0,991792499132651
689,3865	0,991498138285003
689,5525	0,991299778571118
689,7185	0,990972775249743
689,8845	0,991508951349926
690,051	0,9912424604754
690,2175	0,990888276974502
690,3835	0,99087314112182
690,5495	0,99058988381946
690,7155	0,990428733813725
690,8825	0,990132826624681
691,0485	0,990016703922922
691,2145	0,989885234232787
691,3805	0,989900388390814
691,5465	0,989240482227187
691,7135	0,989485814324235
691,8795	0,989157322843205
692,0455	0,988766944304321
692,2115	0,988682365812444
692,3775	0,988377924477001
692,5435	0,987972497024866
692,7105	0,98790005680572
692,8765	0,987877623770444
693,0425	0,987928154639862
693,2085	0,987593846106224
693,3745	0,987471893081131
693,5405	0,987517596797781
693,7065	0,987414035564104
693,8735	0,987472936286861
694,0395	0,987380412787368
694,2055	0,987205155378726
694,3715	0,987284694228794
694,5375	0,986974811397474
694,7035	0,987077422745387
694,8695	0,986933801823662
695,0355	0,987113493869732
695,202	0,987250593316049
695,3685	0,987431817569287
695,5345	0,987434297862178
695,7005	0,987035993069865
695,8665	0,987544286685183
696,0325	0,987491346878926
696,1985	0,987476881121719
696,3645	0,987577907241993
696,5305	0,98742807477213
696,6965	0,987370924874076
696,8625	0,987820858744158
697,0285	0,987859382264164
697,1945	0,987773810431985
697,3605	0,987871793829726
697,5265	0,988004020502819
697,6925	0,988354006979681
697,8585	0,988106642666978
698,0245	0,988688505771833
698,1915	0,988403995382901
698,3575	0,988597859483798
698,5235	0,988898371640219
698,6895	0,988652243288172
698,8555	0,989088400324583
699,0215	0,989116203659878
699,1875	0,98928768439056
699,3535	0,989327215960922
699,5195	0,989523895500333
699,6855	0,989500444397056
699,8505	0,9894249843813
700,0165	0,98929182948808
700,1825	0,989354736965971
700,3485	0,989316226103589
700,5145	0,989506441883314
700,6805	0,98946243580008
700,8465	0,989195074649944
701,0125	0,989947911318536
701,1785	0,989746371482426
701,3445	0,989762457599689
701,5105	0,989643488961624
701,6765	0,989868495458847
701,8425	0,989640606845462
702,0085	0,989501016519825
702,1745	0,989698319042573
702,3405	0,98961501288236
702,5065	0,989342848010696
702,672	0,989969515740397
702,8375	0,989738545940754
703,0035	0,989254966655742
703,1695	0,989090328192032
703,3355	0,988890067672239
703,5015	0,989157367097645
703,6675	0,989203724664043
703,8335	0,989287345341697
703,9995	0,989166232720771
704,165	0,989236726838617
704,3305	0,989118905792448
704,4965	0,989208242734625
704,6625	0,989049518448016
704,8285	0,989074577164288
704,9945	0,98897020357001
705,1605	0,988907917492067
705,326	0,989210708204972
705,4915	0,988948972372305
705,6575	0,988737210124679
705,8235	0,988816672566641
705,9895	0,988326039210176
706,1555	0,988636992056112
706,3205	0,988563579994813
706,4865	0,988605223302381
706,6525	0,988665582858175
706,8185	0,988512924252952
706,9845	0,988521775730572
707,15	0,988206077698063
707,3155	0,988442913677058
707,4815	0,988605309554678
707,6475	0,988632036976835
707,8135	0,988349641558583
707,9785	0,988316002080431
708,1445	0,988558636162961
708,3105	0,988246094383794
708,4765	0,988627518657958
708,6415	0,988633863290668
708,8075	0,988817850033107
708,9735	0,988519932238471
709,1395	0,988681586801418
709,3045	0,988417218658322
709,4705	0,988568469656517
709,6365	0,988931081115793
709,8025	0,989037343757435
709,9675	0,988834171283303
710,1335	0,988815486564556
710,2995	0,988871217971954
710,465	0,988844457538536
710,6305	0,988757763593396
710,7965	0,988699321453107
710,9625	0,989324418864399
711,1275	0,988687278067149
711,2935	0,9888495247339
711,4595	0,98856989150275
711,6245	0,988740639297705
711,7905	0,989063243536127
711,9565	0,988727448073063
712,1215	0,988714188530682
712,2875	0,988794497989358
712,4535	0,988489245169513
712,6185	0,988419206009677
712,7845	0,988549282570601
712,9505	0,988816253452415
713,1155	0,988711562582061
713,2815	0,988513048348678
713,4475	0,988763122677109
713,6125	0,988629982648553
713,7785	0,988559087238205
713,944	0,988341574836517
714,1095	0,988018772791912
714,2755	0,988186403155857
714,4405	0,98833187695944
714,6065	0,988080525363406
714,772	0,988253016116813
714,9375	0,988126443799458
715,1035	0,988128592566548
715,2685	0,988169966370797
715,4345	0,988263627551663
715,6	0,987748346331895
715,7655	0,987946370819524
715,9315	0,988094947174283
716,0965	0,988184478300544
716,2625	0,988011149676512
716,4275	0,987893753703799
716,5935	0,987558355854154
716,759	0,987648896099095
716,9245	0,987750837002861
717,09	0,987712893635957
717,2555	0,987949636838903
717,4215	0,987795273405766
717,5865	0,988066263464994
717,7525	0,988137018848908
717,9175	0,988276863264092
718,0835	0,988211698736186
718,2485	0,988015258638393
718,4145	0,988177997465419
718,5795	0,988443789153213
718,7455	0,988684230545229
718,9105	0,988567745538626
719,0765	0,988468030615669
719,2415	0,988618180695866
719,4075	0,988700680002544
719,5725	0,989054124509524
719,7385	0,988839426255544
719,9035	0,988733795971694
720,0695	0,988838320481248
720,2345	0,989137780455589
720,4	0,988977575411754
720,5655	0,988923959399916
720,731	0,988891550085204
720,8965	0,988987275757581
721,062	0,989081609298455
721,2275	0,989140013086766
721,3925	0,989462245656885
721,5585	0,989372729805476
721,7235	0,989631852361991
721,889	0,989485390682955
722,0545	0,989183528346275
722,22	0,989616668367669
722,3855	0,989574062708538
722,5505	0,989573756382273
722,716	0,990083740250395
722,8815	0,989611363557191
723,047	0,989738494658891
723,2125	0,990294370938273
723,3775	0,990135403964892
723,543	0,989870267925421
723,7085	0,990060579104663
723,874	0,990196875523591
724,0395	0,989945590439649
724,2045	0,989906912314324
724,37	0,99013255288013
724,5355	0,990198417384072
724,7005	0,990068454307769
724,866	0,990143147569747
725,0315	0,990203356945623
725,1965	0,989619790487547
725,362	0,989852640770159
725,5275	0,990050131445113
725,6925	0,989989329881117
725,858	0,989902701034322
726,0235	0,989295751631377
726,1885	0,98931536739259
726,354	0,98988633608436
726,5195	0,989309701810023
726,6845	0,989227069527905
726,85	0,989221995839871
727,015	0,989402562290927
727,1805	0,989181784222451
727,3455	0,98921217307441
727,511	0,989345296874609
727,6765	0,988856316591087
727,8415	0,988964919782639
728,007	0,988581649054606
728,172	0,988890456893656
728,3375	0,988770695398422
728,5025	0,988493318157791
728,668	0,988091476783089
728,833	0,987763052060328
728,9985	0,988090750649296
729,1635	0,988664238094527
729,329	0,988047828459379
729,494	0,988028596599903
729,6595	0,987756418926804
729,8245	0,987887134317098
729,9895	0,98753280168667
730,155	0,987976297031203
730,32	0,987801242600796
730,4855	0,98721833457117
730,6505	0,98783136985925
730,8155	0,988161552576395
730,981	0,987788430035124
731,146	0,987714556304319
731,3115	0,987546637131494
731,4765	0,987389010045273
731,6415	0,987340507661732
731,807	0,987399837281028
731,972	0,98734545780768
732,1375	0,98746647541035
732,3025	0,987552618696865
732,4675	0,987556402114877
732,6325	0,987122713266717
732,798	0,987449865983815
732,963	0,987660743793015
733,128	0,987069590662537
733,2935	0,987476801461149
733,4585	0,987618948992041
733,6235	0,987915467629507
733,7885	0,987627491050588
733,9535	0,987792742636371
734,119	0,988054651858848
734,284	0,988126788105553
734,449	0,988204069561638
734,614	0,9880129474765
734,7795	0,988299470297421
734,9445	0,98824311913925
735,1095	0,988379357355846
735,2745	0,98860576896909
735,4395	0,988598598154207
735,6045	0,988293743585896
735,77	0,98859481137078
735,935	0,988611303940312
736,1	0,988695538037708
736,265	0,988846574091065
736,43	0,989342362290899
736,595	0,989257978238792
736,76	0,989110456888706
736,925	0,989328097496287
737,0905	0,989820540727194
737,2555	0,989550797821978
737,4205	0,989226174653181
737,5855	0,989452078745988
737,7505	0,989903114931696
737,9155	0,989450330115462
738,042	0,99043750147249
738,2085	0,99082113099773
738,3745	0,990711292182707
738,5405	0,990395483585586
738,7065	0,990633028111606
738,8725	0,990421892308195
739,0385	0,990277501376192
739,2045	0,990214114912611
739,3705	0,990509916775902
739,536	0,990675269151046
739,7015	0,990353388879985
739,8675	0,990456369998823
740,0335	0,990592427356694
740,1995	0,990363285400168
740,3655	0,99035561636957
740,5315	0,990551276142558
740,6975	0,990840926330345
740,8635	0,990818215153886
741,0285	0,990215814831389
741,1945	0,989837228515348
741,3605	0,990484900336109
741,5265	0,990426810101652
741,6925	0,990141722898015
741,8585	0,989494873467795
742,0245	0,990276911747764
742,1895	0,989667219711131
742,3555	0,990239256968281
742,5215	0,989743531081583
742,6875	0,989249598605245
742,8535	0,989357869635893
743,0195	0,989243971786072
743,1845	0,989165985655935
743,3505	0,989277241139254
743,5165	0,989536325549777
743,6825	0,989276953789077
743,8485	0,989440416127731
744,0135	0,989055222592813
744,1795	0,988595147907946
744,3455	0,989191773790825
744,5115	0,989349901385815
744,677	0,988358047419915
744,8425	0,989002851968375
745,0085	0,98874093145671
745,1745	0,988562981346339
745,34	0,988890281212871
745,5055	0,988822556441992
745,6715	0,988873454181166
745,8375	0,988308328610174
746,003	0,988911459653723
746,1685	0,988894864505116
746,3345	0,988839717511709
746,5005	0,988702328938546
746,666	0,989017062818416
746,8315	0,988967487066644
746,9975	0,988828730602567
747,1635	0,989364984286569
747,3285	0,988870940022873
747,4945	0,988858127935424
747,6605	0,989103905089628
747,826	0,989165729764317
747,9915	0,989332268438188
748,1575	0,98938680202606
748,323	0,989049099644752
748,4885	0,989508177622997
748,6545	0,98896216671627
748,82	0,989113733565656
748,9855	0,989275829887929
749,1515	0,989784353222968
749,317	0,98976476091447
749,4825	0,989625324721479
749,6485	0,989571861835047
749,814	0,989642280678139
749,9795	0,989678934211554
750,1455	0,990062565654
750,3105	0,98994852819656
750,4765	0,98997622378777
750,6425	0,99014657546971
750,8075	0,990328723816728
750,9735	0,990498171650146
751,139	0,990091816564975
751,3045	0,990513746913146
751,4705	0,990389274658903
751,6355	0,98997401335944
751,8015	0,990621258254003
751,967	0,990393174874877
752,1325	0,990657873688164
752,2985	0,991075565121376
752,4635	0,990389437446901
752,6295	0,990024417901632
752,795	0,990254598885751
752,9605	0,990983208716104
753,126	0,990682121057576
753,2915	0,990967117682629
753,4575	0,990639982910639
753,6225	0,990798952938459
753,7885	0,990602156737893
753,9535	0,990519533224014
754,1195	0,990729578829549
754,2845	0,990625698134569
754,4505	0,990914213592869
754,616	0,990847349278732
754,7815	0,990478213329076
754,947	0,990091992868026
755,1125	0,990242762098042
755,278	0,990683128256666
755,4435	0,990437185965256
755,609	0,990437066211727
755,7745	0,990341633300552
755,94	0,99045625054876
756,1055	0,990379769211957
756,271	0,990061847201249
756,4365	0,989486665897884
756,602	0,989822462777775
756,7675	0,989502237480591
756,933	0,989837447584507
757,0985	0,989735274272752
757,2635	0,989722597986527
757,4295	0,989768116459936
757,5945	0,989822341262367
757,7605	0,989726750896294
757,9255	0,989558274529744
758,091	0,989655292119808
758,2565	0,989381268351949
758,422	0,990188964697762
758,5875	0,989825556609231
758,7525	0,989131783758079
758,9185	0,989069740770332
759,0835	0,989259893062257
759,249	0,989075238630624
759,4145	0,988912011012536
759,5795	0,989105585501416
759,7455	0,989562485298949
759,9105	0,989387050679677
760,076	0,989435222237802
760,2415	0,988622082680278
760,4065	0,989428031624467
760,572	0,989742330225063
760,7375	0,989715343348801
760,903	0,989448511973096
761,0685	0,989599450691685
761,2335	0,989527975964899
761,399	0,989688582948049
761,5645	0,989645624528154
761,7295	0,989541691963911
761,895	0,98904364100337
762,0605	0,989620246999005
762,2255	0,989792677511345
762,391	0,989321911899742
762,5565	0,989796668881831
762,7215	0,989654467191453
762,887	0,989969338574583
763,0525	0,990192324314251
763,2175	0,9895816412873
763,383	0,990391089174646
763,5485	0,989899340329356
763,7135	0,990629907998834
763,8785	0,990353627840517
764,044	0,989863010439786
764,2095	0,991045141988674
764,3745	0,990404488846387
764,54	0,990122580359602
764,705	0,990619335051754
764,8705	0,990504026230389
765,0355	0,990312746982596
765,201	0,99063209107285
765,3665	0,990236571031802
765,5315	0,990416467407726
765,6965	0,990610235327831
765,862	0,990686811610485
766,0275	0,990930717554349
766,1925	0,990632930351629
766,3575	0,990518821323143
766,523	0,990597471711418
766,688	0,991132201860492
766,8535	0,991316416474849
767,0185	0,991006144378382
767,1835	0,99080235744068
767,349	0,991252357319245
767,514	0,990818730196755
767,6795	0,990954417726852
767,8445	0,990714828839353
768,0095	0,990465749130932
768,175	0,990403110159262
768,34	0,990966837591872
768,5055	0,991083802946843
768,6705	0,990792406952143
768,8355	0,990706238606658
769,001	0,990857079363104
769,166	0,990722178929264
769,331	0,99068596542295
769,4965	0,990493881003965
769,6615	0,990673654402664
769,8265	0,990245872107222
769,9915	0,989809991842293
770,157	0,99039139861824
770,322	0,989724232289645
770,487	0,990390200582913
770,6525	0,990103632712242
770,8175	0,990027784787328
770,9825	0,989849132643782
771,1475	0,990360042462451
771,3125	0,989937160283214
771,478	0,990070112328464
771,643	0,990103524948598
771,808	0,989703206386667
771,973	0,989679810857353
772,138	0,989807878896993
772,3035	0,989468302250422
772,4685	0,989434316675247
772,6335	0,989412699908921
772,7985	0,989785781031978
772,9635	0,989354499913818
773,1285	0,989137968144337
773,2935	0,988449280571856
773,4585	0,988708073052558
773,6235	0,98906398375114
773,789	0,989064560935121
773,954	0,989469119144861
774,119	0,98932073176746
774,284	0,988706047944013
774,449	0,988984971823145
774,614	0,988956824720345
774,779	0,988799964350822
774,944	0,988531564730471
775,109	0,988988755967691
775,274	0,988704103740136
775,439	0,989090705424492
775,604	0,988735044260343
775,769	0,98941720129751
775,934	0,989474592941018
776,099	0,989472459052123
776,264	0,989496765439589
776,429	0,988966620961514
776,594	0,989070123175766
776,759	0,989454461079332
776,924	0,98959005586656
777,089	0,990043557002599
777,254	0,989862239707284
777,4185	0,989835143963069
777,5835	0,990491129486145
777,7485	0,990484039167787
777,9135	0,990130713759534
778,0785	0,990125283805059
778,2435	0,990221036363417
778,4085	0,990524657107674
778,573	0,990522643280143
778,738	0,991030637934363
778,903	0,990550897655231
779,068	0,990747032694542
779,233	0,991422218675313
779,398	0,991236019486431
779,5625	0,991982038972195
779,7275	0,991908793928124
779,8925	0,991680570724428
780,0575	0,991604198771874
780,222	0,991903197214875
780,387	0,992313478973884
780,552	0,992487114489092
780,717	0,993064533023235
780,882	0,993411831400838
781,0465	0,993430757517723
781,2115	0,993343577077213
781,3765	0,993108338435648
781,541	0,993721032751898
781,706	0,993459754839138
781,871	0,993503295537668
782,0355	0,993307976071787
782,2005	0,993367799476999
782,3655	0,994364447582965
782,53	0,994146504830305
782,695	0,994063872452116
782,86	0,994048179799286
783,0245	0,994575594886257
783,1895	0,994316102963676
783,354	0,994909318254686
783,519	0,994722723800584
783,684	0,994428802008714
783,8485	0,994129674363576
784,0135	0,994279792518789
784,178	0,994398807822643
784,343	0,993838251332039
784,508	0,993751511096361
784,6725	0,993937535072189
784,837	0,993986665955323
785,002	0,994295688244286
785,167	0,994134161961608
785,3315	0,993481095444764
785,496	0,993791106249096
785,661	0,99404945288324
785,826	0,993828107017386
785,9905	0,993305918131018
786,155	0,993471498960788
786,32	0,993426857903239
786,485	0,993377635486854
786,6495	0,99323520533781
786,814	0,99291873849087
786,979	0,992425018107072
787,1435	0,992662996930741
787,308	0,993327492282765
787,473	0,993159025351627
787,6375	0,992393862517424
787,8025	0,992265225584422
787,967	0,992052757844482
788,132	0,992183003192722
788,2965	0,99194876111523
788,461	0,991607115830328
788,626	0,991259227185276
788,7905	0,991759267639659
788,955	0,990959959323183
789,12	0,990840937774701
789,2845	0,990663220128111
789,449	0,99072659324224
789,6135	0,99070327521212
789,778	0,990785500358428
789,943	0,990428523547257
790,1075	0,990090053580086
790,272	0,9898427265091
790,437	0,990408679470613
790,6015	0,989932714588837
790,766	0,989659292579972
790,931	0,989640192346957
791,095	0,989466479795338
791,26	0,989531055128146
791,4245	0,988982708201767
791,589	0,989191866747668
791,754	0,988595037754702
791,918	0,988558620142953
792,083	0,988914013007007
792,2475	0,989088749011463
792,412	0,988239187432091
792,5765	0,988182626781171
792,741	0,988098132714557
792,906	0,987957462701298
793,07	0,988769745500345
793,235	0,988885407860203
793,399	0,988835298362267
793,564	0,988892908117268
793,7285	0,988463330127873
793,893	0,989059087246602
794,0575	0,988613041715955
794,222	0,988907286182412
794,3865	0,988934475031087
794,551	0,989041402289923
794,7155	0,989069987318742
794,88	0,989394299739334
795,036666666667	0,990682923794854
795,2195	0,990745809014487
795,384	0,990905066909579
795,549	0,991103353871017
795,713	0,991335019722808
795,878	0,990998527887368
796,042	0,991341925550609
796,207	0,991855427710511
796,371	0,991801268352216
796,536	0,992051624196491
796,7	0,992160668976215
796,865	0,992392036420872
797,0295	0,992469954634357
797,194	0,992737278135241
797,3585	0,993062546858369
797,523	0,993422794206864
797,6875	0,993240799261512
797,852	0,993201866722826
798,016	0,993589944458515
798,181	0,993562471899881
798,345	0,994136108592699
798,51	0,993983862572966
798,674	0,994318129483873
798,839	0,994497179924968
799,003	0,994756462426051
799,168	0,994892039795103
799,332	0,994963808698697
799,4965	0,995260613377528
799,661	0,995333071406511
799,8255	0,99596195628901
799,99	0,995524419422624
800,154	0,996034815751029
800,319	0,996052743276913
800,483	0,995990895400063
800,6475	0,996521924347444
800,812	0,996086843277886
800,9765	0,996390870107478
801,141	0,996796229667856
801,305	0,996586187388158
801,47	0,996357548788031
801,634	0,996650299202248
801,7985	0,996961736732822
801,963	0,997109591004572
802,127	0,996953433490973
802,292	0,996770857580041
802,456	0,997048201862281
802,62	0,996751737971133
802,785	0,996869295199518
802,9525	0,997484441462749
803,106	1
803,271	0,999744396149652
803,436	0,999474889712787
803,6015	0,999645427741527
803,7665	0,999291445876418
803,9315	0,999502669696076
804,097	0,999697849760911
804,262	0,999340076717811
804,4275	0,999258970413182
804,5925	0,999392268381922
804,7575	0,999140543718145
804,9225	0,99892138729953
805,088	0,998498209507174
805,253	0,998522380966429
805,418	0,998565890679548
805,5835	0,998505513538635
805,7485	0,998079191805381
805,9135	0,998027614240121
806,0785	0,997974151108328
806,2435	0,997742562490153
806,409	0,997734859717427
806,574	0,997640933180907
806,739	0,997525258161978
806,904	0,997390174178865
807,0695	0,996651944667431
807,2345	0,996651621812208
807,3995	0,996366212966641
807,5645	0,996666527124157
807,7295	0,996180636187677
807,8945	0,996110203925455
808,06	0,995771290788946
808,225	0,995822205517135
808,39	0,995235516801213
808,555	0,995084179203272
808,72	0,994968220946094
808,885	0,994968243042385
809,05	0,994794309032561
809,2155	0,994152221169534
809,3805	0,994349484519058
809,5455	0,994427727603747
809,7105	0,994475404784881
809,8755	0,993890526354511
810,0405	0,993862658257692
810,2055	0,993866628397627
810,3705	0,993676101179926
810,5355	0,99387817866633
810,7005	0,993716662870551
810,8655	0,993464895784367
811,0305	0,993336264643675
811,1955	0,993577120766301
811,3605	0,9933795262004
811,5255	0,99308726816321
811,6905	0,993140536293275
811,8555	0,992932493745558
812,0205	0,993004589728625
812,1855	0,9932709694515
812,3505	0,993256675326765
812,5155	0,993071898951874
812,6805	0,99322631527064
812,8455	0,992782163427658
813,0105	0,99322665148625
813,175	0,992895992726664
813,34	0,993114227543207
813,505	0,992725253762424
813,67	0,993131786387527
813,835	0,993402467240962
814	0,993164006705923
814,165	0,993313840759801
814,33	0,993599181708339
814,495	0,993684845057096
814,6595	0,993625929111487
814,8245	0,993714715457628
814,9895	0,993517844200457
815,1545	0,993655226318508
815,3195	0,993539307433473
815,484	0,993964626668287
815,649	0,993652832652306
815,814	0,994083516025417
815,979	0,994398001790829
816,144	0,99414473038447
816,3085	0,994314232705623
816,4735	0,994744661061299
816,6385	0,994609935738841
816,803	0,994727249031203
816,968	0,994946250277562
817,133	0,994840846696236
817,298	0,994960896878036
817,4625	0,99538916998011
817,6275	0,995366852796172
817,7925	0,995394028679995
817,957	0,995794484858026
818,122	0,995865933063352
818,287	0,995633278205064
818,452	0,995903303294042
818,6165	0,99600963952092
818,7815	0,996018136550261
818,946	0,996267126540842
819,111	0,996315905225614
819,276	0,996373577394109
819,4405	0,99623845438943
819,6055	0,9964085922946
819,77	0,996626636878832
819,935	0,996736829000415
820,1	0,996360670686971
820,2645	0,996492770085886
820,4295	0,996642462883068
820,594	0,996860938930297
820,759	0,996753366262375
820,9235	0,996640558996055
821,0885	0,996539345384242
821,253	0,996881257695447
821,418	0,996965392193128
821,583	0,996766473043639
821,7475	0,996582171803249
821,912	0,996439700585522
822,077	0,99699385422087
822,2415	0,996813988408688
822,4065	0,996831689010326
822,571	0,996940934151031
822,736	0,996588346907676
822,9005	0,996632877476449
823,065	0,996283516202737
823,23	0,996449661521898
823,395	0,996184843401684
823,5595	0,996219733464988
823,724	0,99650980100197
823,889	0,996074485793654
824,0535	0,995880533773213
824,218	0,996022682333679
824,383	0,995785627371638
824,5475	0,99555081434178
824,712	0,995840070140783
824,877	0,99537392802364
825,0415	0,995454075658801
825,206	0,995005774620804
825,371	0,995017056783485
825,5355	0,994879320160087
825,7	0,995025913275099
825,865	0,994718042995396
826,0295	0,994959108623672
826,194	0,994742233556146
826,359	0,994462483391106
826,5235	0,994404532168179
826,688	0,99441377720798
826,853	0,99441569171711
827,0175	0,994393414888754
827,182	0,993810392524658
827,3465	0,994030940685739
827,511	0,993897632647047
827,676	0,993904574651858
827,8405	0,993799865858106
828,005	0,993673799362905
828,1695	0,993647077985924
828,334	0,993297866541998
828,499	0,993444745816749
828,6635	0,993360525602074
828,828	0,993357498433036
828,9925	0,993303026932194
829,157	0,993187170007483
829,322	0,993057839552002
829,486	0,993187107689717
829,651	0,993151323243275
829,8155	0,993278435583843
829,98	0,993030543077583
830,1445	0,99321841257441
830,309	0,993053694519148
830,4735	0,993293951029833
830,638	0,993291324946467
830,803	0,993127854981951
830,967	0,993010574932003
831,132	0,993168782371252
831,296	0,993188659517651
831,461	0,993178041821534
831,625	0,993139549335543
831,79	0,993485318684063
831,954	0,993772359559692
832,119	0,993326031215014
832,283	0,993469922387572
832,448	0,9936939701127
832,612	0,993659307982665
832,777	0,993784037286119
832,941	0,993671229525833
833,106	0,994145831831466
833,27	0,994052447077153
833,435	0,994147618145194
833,599	0,993876659410565
833,7635	0,994282735771151
833,928	0,99413051604956
834,0925	0,994565566738428
834,257	0,995026194605948
834,421	0,994494181817896
834,586	0,994821516024723
834,75	0,994665135397902
834,915	0,994754172094902
835,079	0,995076706932114
835,2435	0,995251429823984
835,408	0,995503447211914
835,5725	0,995488662480086
835,737	0,995337500422477
835,901	0,995762304158807
836,066	0,995608197305741
836,23	0,995761095539592
836,3945	0,99592511548071
836,559	0,99580879215596
836,723	0,995730430013955
836,888	0,996175698161869
837,052	0,996448176489414
837,216	0,996397660647365
837,381	0,996480216428762
837,545	0,99668442744961
837,7095	0,99671942909341
837,874	0,997030919550131
838,038	0,996729946175518
838,2025	0,996868454895236
838,367	0,996946184544839
838,531	0,997166467171031
838,696	0,997139855229071
838,86	0,996878081536673
839,024	0,997297472189157
839,189	0,997119071610018
839,353	0,996850953454146
839,517	0,997165446444253
839,682	0,996799712788204
839,846	0,996613849955963
840,01	0,997049435955878
840,1745	0,997088479474442
840,339	0,997095076734118
840,503	0,997130110085239
840,6675	0,99702985406457
840,832	0,996861819110448
840,996	0,997140221485322
841,16	0,996576984995321
841,325	0,996936563190066
841,489	0,996935853342063
841,653	0,997132353708222
841,817	0,996479893414323
841,982	0,996793150201568
842,146	0,996763257411232
842,31	0,996754235919997
842,4745	0,996688848723289
842,639	0,996723777363802
842,803	0,996762585806441
842,967	0,996894098895866
843,131	0,99633309476886
843,296	0,996398133124372
843,46	0,99617882934886
843,624	0,995938468859249
843,788	0,996001202568747
843,953	0,995685652085894
844,117	0,995797203566152
844,281	0,995925427971087
844,445	0,995534177930108
844,609	0,995429382201464
844,774	0,995642029264994
844,938	0,995380114137426
845,102	0,995133965162187
845,266	0,995153426642479
845,43	0,994401182479054
845,5945	0,994482514108036
845,759	0,994915318861772
845,923	0,994790216049671
846,087	0,994366778189891
846,251	0,994328109641636
846,415	0,994286078906606
846,5795	0,994468018865235
846,744	0,994205197999935
846,908	0,993888776189311
847,072	0,994063218777621
847,236	0,993742280424984
847,4	0,993708444831947
847,564	0,993809044982172
847,7285	0,99346052249815
847,893	0,993766880236212
848,057	0,993373324196855
848,221	0,993713037611252
848,385	0,993270090131819
848,549	0,993433705322359
848,713	0,9933162550682
848,877	0,99308430685459
849,041	0,993238200751593
849,2055	0,993190392156682
849,37	0,993200983839814
849,534	0,99311663988114
849,698	0,993297261174128
849,862	0,993289312149604
850,026	0,993379179936256
850,19	0,993458564897098
850,354	0,993311042601232
850,518	0,993084101852891
850,682	0,993277647843441
850,846	0,993265983645251
851,01	0,993433253979583
851,174	0,993712736733436
851,338	0,993572826052786
851,502	0,993733694229338
851,666	0,993510423408918
851,83	0,993633504932594
851,994	0,993732180622795
852,158	0,993930087526292
852,3225	0,994504777332993
852,487	0,994030190782881
852,651	0,99412211833015
852,815	0,994488676683546
852,979	0,994181424749332
853,143	0,994664718896623
853,307	0,994407403022728
853,471	0,994480666931054
853,6345	0,994539594421851
853,798	0,994800901749424
853,962	0,99473979497725
854,126	0,995153217209069
854,29	0,995035902920749
854,454	0,995051329232911
854,618	0,995649614762115
854,782	0,995296599057531
854,946	0,995541655746693
855,11	0,995833946901651
855,274	0,996095788247699
855,438	0,995956082622308
855,602	0,995963242818782
855,766	0,996394298609644
855,93	0,996704468326323
856,094	0,996295936657295
856,258	0,996343183348801
856,422	0,996639032343639
856,586	0,99696361570348
856,7495	0,996748305714383
856,913	0,996783454079664
857,077	0,997320411223027
857,241	0,99713377920164
857,405	0,997383677884884
857,569	0,997420342617716
857,733	0,997485313862467
857,897	0,997683891376421
858,061	0,99741800950192
858,2245	0,997635783031513
858,388	0,997767495266
858,552	0,997694893731473
858,716	0,997727715248368
858,88	0,998226215243825
859,044	0,997933070093021
859,208	0,998250604076728
859,372	0,998075156449902
859,535	0,998064971238317
859,699	0,99823798941623
859,863	0,998279011403688
860,027	0,997892088221531
860,191	0,997834706016764
860,355	0,998145112319823
860,518	0,998134713433222
860,682	0,998310572994255
860,846	0,998390012939719
861,01	0,998238377309884
861,174	0,998503239999422
861,337	0,998219279299847
861,501	0,998377194600733
861,665	0,998105601409087
861,829	0,997972636014783
861,993	0,998276928758121
862,156	0,997865808453836
862,32	0,997706037811387
862,484	0,997954619232456
862,648	0,99793745525115
862,8115	0,997748164273359
862,975	0,99774352068006
863,139	0,997828232722191
863,303	0,997538668130609
863,4665	0,997696696151171
863,63	0,99739545061121
863,794	0,99726038616859
863,958	0,997628912770704
864,1215	0,997383263870646
864,285	0,997417104720759
864,449	0,997230721605347
864,613	0,996932533313223
864,776	0,997175616341043
864,94	0,996746817927049
865,104	0,996959095553953
865,2675	0,997043923116523
865,431	0,996620482326943
865,595	0,99615546464609
865,759	0,996585534924695
865,922	0,996012187219138
866,086	0,996394798569843
866,25	0,996098120941915
866,413	0,996237764370714
866,577	0,996530911141651
866,741	0,995996509384967
866,904	0,996237609163996
867,068	0,995678319554054
867,232	0,995545756641333
867,395	0,995696482265638
867,559	0,995823814123109
867,723	0,995658386542794
867,886	0,99533252380061
868,0205	0,993991363405726
868,164	0,993628862397234
868,328	0,993962908101539
868,493	0,994251727770701
868,657	0,994035502707717
868,822	0,993502453678842
868,986	0,993529610047236
869,1505	0,993885101826437
869,315	0,993867274205902
869,479	0,992854082932465
869,644	0,993377326351738
869,808	0,993577368337308
869,973	0,993454058920797
870,137	0,993869986211436
870,3015	0,993810116143173
870,466	0,993547549134911
870,63	0,993250069365837
870,795	0,992742901410016
870,959	0,993233443260741
871,123	0,993772193220245
871,288	0,993777078772176
871,452	0,993641257248135
871,6165	0,993758132438107
871,781	0,993694545918832
871,945	0,994144535356095
872,11	0,994294997063067
872,274	0,994218040963387
872,438	0,993447904822367
872,603	0,99355548485435
872,767	0,993512698087408
872,931	0,994154879014526
873,096	0,993990915364302
873,26	0,994486267692048
873,424	0,994577271381548
873,589	0,994087440735948
873,753	0,994126767838409
873,917	0,994059702696141
874,082	0,994494500349672
874,246	0,99459777003346
874,41	0,994520241755965
874,5745	0,99458766728076
874,739	0,994731014038528
874,903	0,994935562726095
875,067	0,994849542738231
875,232	0,994294859697944
875,396	0,99461922184803
875,56	0,995498172431012
875,7245	0,995395522843663
875,889	0,994985787290544
876,053	0,995182807160571
876,217	0,995619578489982
876,3815	0,995952499934594
876,546	0,995844012750101
876,71	0,995911092207635
876,874	0,995653026813605
877,0385	0,995556233133448
877,203	0,995961872092851
877,367	0,996021577525398
877,531	0,996021213120916
877,6955	0,995634381794264
877,86	0,996636301145194
878,024	0,996478725838132
878,188	0,996720255828955
878,352	0,996606306265045
878,5165	0,996300017889598
878,681	0,996569105981927
878,845	0,996925114797506
879,009	0,996526441888808
879,173	0,996094318587169
879,3375	0,996708894262912
879,502	0,996981178869218
879,666	0,99689568788708
879,83	0,995834680445653
879,994	0,996445257537763
880,158	0,997476551799427
880,323	0,997231461674039
880,487	0,996189861948206
880,651	0,996295809840299
880,815	0,996512745375669
880,979	0,996578340856837
881,143	0,997184922118739
881,307	0,997236012740179
881,472	0,99674624172604
881,636	0,996764676864536
881,8	0,996558020764295
881,964	0,996331941377812
882,128	0,996608754697309
882,292	0,996144374267191
882,456	0,996173893494762
882,62	0,996875121000128
882,785	0,996649761522164
882,949	0,996689814414517
883,113	0,996028794467844
883,277	0,996431701077644
883,441	0,996388558366617
883,605	0,996590257899462
883,769	0,996055587643293
883,933	0,996195478652642
884,097	0,996379124283066
884,261	0,996059604045203
884,425	0,996010928774778
884,589	0,99611436176282
884,753	0,995972052650161
884,918	0,995250593253326
885,082	0,99472282502097
885,246	0,995444655756545
885,41	0,995378718810874
885,574	0,995155051776771
885,738	0,995732974178667
885,902	0,995569379352527
886,066	0,995246767192523
886,23	0,99531636300478
886,394	0,994892313921441
886,558	0,994848041184672
886,722	0,995182422691875
886,886	0,995023662807726
887,05	0,994872891096053
887,214	0,994742203539158
887,378	0,994467674471141
887,542	0,99426510413306
887,706	0,994737204976167
887,87	0,994953262737102
888,034	0,99455184885923
888,198	0,994474559652927
888,362	0,994547114547598
888,526	0,993763828116836
888,69	0,993803647743462
888,854	0,994379557776172
889,018	0,995002838084166
889,182	0,994234404808618
889,3455	0,994578240745163
889,509	0,994724772478827
889,673	0,994059927730041
889,837	0,993992520735492
890,001	0,994214735053151
890,165	0,993527956849584
890,329	0,993514383225561
890,493	0,994569244158774
890,657	0,995060993653571
890,821	0,994591982174316
890,985	0,993695070524454
891,149	0,994192517362647
891,313	0,994735238962227
891,476	0,994638268324285
891,64	0,994627778028729
891,804	0,994405154860217
891,968	0,994432940703768
892,132	0,994227268781058
892,296	0,994518381644141
892,46	0,994607273568564
892,624	0,994310280215098
892,7875	0,99453263416616
892,951	0,994906950184226
893,115	0,99491040571172
893,279	0,994750870465536
893,443	0,994685829483347
893,607	0,995349796915564
893,771	0,995224845564607
893,934	0,99529857382844
894,098	0,995174283597533
894,262	0,995586697893889
894,426	0,995978616288998
894,59	0,995700969831971
894,754	0,995931556624007
894,917	0,996107595859084
895,081	0,99609709108449
895,245	0,995753454588863
895,409	0,995691155990195
895,573	0,99604955775721
895,736	0,996524690820739
895,9	0,996295713147449
896,064	0,996391569474763
896,228	0,996385071137308
896,3915	0,996404122723993
896,555	0,996805926771233
896,719	0,996448867579226
896,883	0,99679587477884
897,047	0,996941249420951
897,21	0,996485289812409
897,374	0,99723175637168
897,538	0,997508883614432
897,702	0,997600008609256
897,865	0,997314041770936
898,029	0,997558769582002
898,193	0,997553643283916
898,357	0,997765671861095
898,52	0,997819445573794
898,684	0,997963024018495
898,848	0,998335651952611
899,0115	0,998289590472549
899,175	0,997723123962865
899,339	0,997531731751652
899,503	0,998550297691083
899,666	0,998226071038234
899,83	0,998140886692688
899,994	0,998058603227626
900,157	0,998117163163238
900,321	0,99861757176736
900,485	0,998540697266652
900,6485	0,998989393263383
900,812	0,998872766054038
900,976	0,998997018567989
901,1395	0,999062801149267
901,303	0,998565967703839
901,467	0,99910710802191
901,6305	0,998763251693096
901,794	0,998558148163159
901,958	0,998689932675481
902,121	0,99859261391063
902,285	0,998660394577827
902,449	0,999467047107207
902,612	0,998711865776804
902,776	0,999014154664334
902,9395	0,999052475168215
903,103	0,998528692339834
903,267	0,99833964516506
903,43	0,998581871412625
903,594	0,998707014913934
903,7575	0,998907793157218
903,921	0,998693007580746
904,085	0,998509929205028
904,248	0,99812943207142
904,412	0,998127761318647
904,5755	0,998650967759684
904,739	0,998128585489426
904,903	0,998237952068895
905,066	0,9983207509978
905,23	0,998138083633622
905,393	0,997704207888178
905,557	0,997971357883503
905,7205	0,997571127953117
905,884	0,997661942602657
906,0475	0,997772972283175
906,211	0,997362562970737
906,375	0,997769573678144
906,538	0,997635950303268
906,702	0,997544363458066
906,865	0,997421841039745
907,029	0,997261387474359
907,192	0,996709302083988
907,356	0,996671959419358
907,519	0,996923590056587
907,683	0,996701912185954
907,846	0,996746776908924
908,01	0,996902217031745
908,173	0,996408721127485
908,337	0,99597071369226
908,5	0,997262670596739
908,664	0,996712330421567
908,827	0,996075036563308
908,991	0,995642640544352
909,154	0,996234774684471
909,318	0,996160960818191
909,481	0,996148939050452
909,645	0,996157184981127
909,808	0,996167797177131
910	0,995100408655556
