300.00	9.49999957811E-6
301.00	9.49999957811E-6
302.00	9.49999957811E-6
303.00	9.49999957811E-6
304.00	9.49999957811E-6
305.00	9.49999957811E-6
306.00	9.49999957811E-6
307.00	9.49999957811E-6
308.00	9.49999957811E-6
309.00	9.49999957811E-6
310.00	9.49999957811E-6
311.00	9.49999957811E-6
312.00	9.49999957811E-6
313.00	9.49999957811E-6
314.00	9.49999957811E-6
315.00	9.49999957811E-6
316.00	9.49999957811E-6
317.00	9.49999957811E-6
318.00	9.49999957811E-6
319.00	9.49999957811E-6
320.00	9.49999957811E-6
321.00	9.49999957811E-6
322.00	9.49999957811E-6
323.00	9.49999957811E-6
324.00	9.49999957811E-6
325.00	9.49999957811E-6
326.00	9.49999957811E-6
327.00	9.49999957811E-6
328.00	9.49999957811E-6
329.00	9.49999957811E-6
330.00	1.52471002366E-5
331.00	2.26909996854E-5
332.00	3.36195007549E-5
333.00	4.95360000059E-5
334.00	7.25161007722E-5
335.00	0.000105391998659
336.00	0.000151985994307
337.00	0.000217416003579
338.00	0.000308479997329
339.00	0.000434157991549
340.00	0.000606242974754
341.00	0.000732950982638
342.00	0.000881003972609
343.00	0.00105328997597
344.00	0.0012531200191
345.00	0.00148437998723
346.00	0.0017517299857
347.00	0.00206069997512
348.00	0.0024176100269
349.00	0.00282920990139
350.00	0.00330211990513
351.00	0.00384363997728
352.00	0.0044588400051
353.00	0.00515548000112
354.00	0.00594560988247
355.00	0.00684766005725
356.00	0.00788594037294
357.00	0.00908615998924
358.00	0.0104673001915
359.00	0.0120334997773
360.00	0.0137711996213
361.00	0.0166271999478
362.00	0.0198983997107
363.00	0.0239110998809
364.00	0.0291888006032
365.00	0.036092299968
366.00	0.0442559011281
367.00	0.0526525005698
368.00	0.0605446994305
369.00	0.0692398026586
370.00	0.0820463970304
371.00	0.0970373004675
372.00	0.119021996856
373.00	0.14417399466
374.00	0.161807999015
375.00	0.165621995926
376.00	0.160931006074
377.00	0.164878994226
378.00	0.183920994401
379.00	0.223290994763
380.00	0.285679996014
381.00	0.336937993765
382.00	0.351422011852
383.00	0.32235699892
384.00	0.288212001324
385.00	0.272771000862
386.00	0.280737996101
387.00	0.31272700429
388.00	0.369047999382
389.00	0.441605001688
390.00	0.500919997692
391.00	0.505222022533
392.00	0.473984003067
393.00	0.444323003292
394.00	0.436479002237
395.00	0.456463992596
396.00	0.504076004028
397.00	0.574638009071
398.00	0.647930979729
399.00	0.684876978397
400.00	0.664716005325
401.00	0.605105996132
402.00	0.553883016109
403.00	0.523714005947
404.00	0.514868974686
405.00	0.522769987583
406.00	0.539520025253
407.00	0.555347979069
408.00	0.561664998531
409.00	0.556479990482
410.00	0.545530974865
411.00	0.536306023598
412.00	0.536190986633
413.00	0.547896981239
414.00	0.570219993591
415.00	0.597114026546
416.00	0.616622984409
417.00	0.61839401722
418.00	0.599318027496
419.00	0.567299008369
420.00	0.534294009209
421.00	0.509503006935
422.00	0.497247010469
423.00	0.499354988337
424.00	0.515893995762
425.00	0.544973015785
426.00	0.580873012543
427.00	0.61396497488
428.00	0.631805002689
429.00	0.627098977566
430.00	0.603582978249
431.00	0.571713984013
432.00	0.541965007782
433.00	0.520379006863
434.00	0.509666979313
435.00	0.510448992252
436.00	0.521757006645
437.00	0.541332006454
438.00	0.565065979958
439.00	0.586992025375
440.00	0.60082000494
441.00	0.602891027927
442.00	0.594223022461
443.00	0.579126000404
444.00	0.562726020813
445.00	0.549042999744
446.00	0.540431976318
447.00	0.537620007992
448.00	0.540178000927
449.00	0.546692013741
450.00	0.55503898859
451.00	0.562790989876
452.00	0.568087995052
453.00	0.570043981075
454.00	0.569042980671
455.00	0.566420018673
456.00	0.56379699707
457.00	0.562484025955
458.00	0.56307798624
459.00	0.56529301405
460.00	0.568014025688
461.00	0.569594025612
462.00	0.568473994732
463.00	0.563732028008
464.00	0.555534005165
465.00	0.545153975487
466.00	0.534686982632
467.00	0.526362001896
468.00	0.522370994091
469.00	0.524527013302
470.00	0.534005999565
471.00	0.550725996494
472.00	0.573171019554
473.00	0.597100973129
474.00	0.615805983543
475.00	0.622595012188
476.00	0.614619016647
477.00	0.593973994255
478.00	0.564908027649
479.00	0.531794011593
480.00	0.498661011457
481.00	0.469161987305
482.00	0.446464985609
483.00	0.433117985725
484.00	0.431387990713
485.00	0.443751007318
486.00	0.472916990519
487.00	0.521256029606
488.00	0.585406005383
489.00	0.645909011364
490.00	0.670244991779
491.00	0.651823997498
492.00	0.61683601141
493.00	0.580761015415
494.00	0.54083698988
495.00	0.493375003338
496.00	0.441947996616
497.00	0.39335501194
498.00	0.353363007307
499.00	0.325125008821
500.00	0.310380011797
501.00	0.311352014542
502.00	0.333085000515
503.00	0.386840999126
504.00	0.489408999681
505.00	0.613421022892
506.00	0.604991018772
507.00	0.503627002239
508.00	0.457323998213
509.00	0.46498799324
510.00	0.490110993385
511.00	0.494495987892
512.00	0.456281006336
513.00	0.387369990349
514.00	0.315703004599
515.00	0.258682012558
516.00	0.2213640064
517.00	0.206405997276
518.00	0.22926799953
519.00	0.380805999041
520.00	0.467207014561
521.00	0.193345993757
522.00	0.142161995173
523.00	0.139504998922
524.00	0.157383993268
525.00	0.196941003203
526.00	0.269890010357
527.00	0.384005993605
528.00	0.458139002323
529.00	0.345456004143
530.00	0.191254004836
531.00	0.103467002511
532.00	0.0598668009043
533.00	0.0373012982309
534.00	0.0247598998249
535.00	0.0173102002591
536.00	0.0126296002418
537.00	0.00954890996218
538.00	0.00744184991345
539.00	0.00595371006057
540.00	0.00487395981327
541.00	0.00407525990158
542.00	0.00347002991475
543.00	0.00300402007997
544.00	0.00264043989591
545.00	0.00235376995988
546.00	0.00212593004107
547.00	0.00194393994752
548.00	0.00179829995614
549.00	0.00168201001361
550.00	0.00158986996394
551.00	0.00151910004206
552.00	0.00146526005119
553.00	0.00142628001049
554.00	0.00140065001324
555.00	0.0013873600401
556.00	0.0013857500162
557.00	0.0013955499744
558.00	0.00141676003113
559.00	0.00144973001443
560.00	0.00149509997573
561.00	0.00155312998686
562.00	0.00162571994588
563.00	0.00171460001729
564.00	0.00182202004362
565.00	0.00195079995319
566.00	0.00210451008752
567.00	0.00228761998005
568.00	0.00250573991798
569.00	0.00276594003662
570.00	0.00307713006623
571.00	0.00344776990823
572.00	0.00389411998913
573.00	0.00443436997011
574.00	0.005092009902
575.00	0.00589762022719
576.00	0.00689131999388
577.00	0.0081261601299
578.00	0.00967289041728
579.00	0.0116266999394
580.00	0.0141166001558
581.00	0.0172962006181
582.00	0.0214181002229
583.00	0.0268117003143
584.00	0.0339340008795
585.00	0.0434169992805
586.00	0.0561265014112
587.00	0.0732207968831
588.00	0.0961762964725
589.00	0.126699998975
590.00	0.16638199985
591.00	0.215568006039
592.00	0.273032993078
593.00	0.334239006042
594.00	0.392129987478
595.00	0.440050989389
596.00	0.475277006626
597.00	0.500190973282
598.00	0.520681977272
599.00	0.543756008148
600.00	0.575800001621
601.00	0.620636999607
602.00	0.678615987301
603.00	0.743771016598
604.00	0.805122971535
605.00	0.852482020855
606.00	0.882223010063
607.00	0.89728397131
608.00	0.903119027615
609.00	0.904419004917
610.00	0.904097020626
611.00	0.903568029404
612.00	0.903316020966
613.00	0.903355002403
614.00	0.903522014618
615.00	0.903634011745
616.00	0.903568029404
617.00	0.90328001976
618.00	0.902804970741
619.00	0.902235984802
620.00	0.90169698
621.00	0.901324987411
622.00	0.901224017143
623.00	0.901476025581
624.00	0.902126014233
625.00	0.903176009655
626.00	0.904591023922
627.00	0.906297981739
628.00	0.908203005791
629.00	0.91019397974
630.00	0.912151992321
631.00	0.913964986801
632.00	0.915533006191
633.00	0.916777014732
634.00	0.917641997337
635.00	0.918099999428
636.00	0.918150007725
637.00	0.917816996574
638.00	0.91714400053
639.00	0.916190981865
640.00	0.915028989315
641.00	0.913739025593
642.00	0.912387013435
643.00	0.91103798151
644.00	0.909752011299
645.00	0.908576011658
646.00	0.90754699707
647.00	0.906690001488
648.00	0.906018972397
649.00	0.905537009239
650.00	0.905237019062
651.00	0.905107975006
652.00	0.905130028725
653.00	0.905283987522
654.00	0.905544996262
655.00	0.905891001225
656.00	0.906301021576
657.00	0.906756997108
658.00	0.907242000103
659.00	0.907743990421
660.00	0.908254981041
661.00	0.908765017986
662.00	0.909274995327
663.00	0.909784018993
664.00	0.910292983055
665.00	0.910802006721
666.00	0.911311984062
667.00	0.911822021008
668.00	0.912329018116
669.00	0.912829995155
670.00	0.913318991661
671.00	0.913787007332
672.00	0.914225995541
673.00	0.914623022079
674.00	0.914965987206
675.00	0.915243029594
676.00	0.915440022945
677.00	0.915546000004
678.00	0.915548980236
679.00	0.91544097662
680.00	0.915215015411
681.00	0.914867997169
682.00	0.914399027824
683.00	0.913811028004
684.00	0.913109004498
685.00	0.912302970886
686.00	0.911403000355
687.00	0.910425007343
688.00	0.909385025501
689.00	0.908303022385
690.00	0.907198011875
691.00	0.906091988087
692.00	0.905007004738
693.00	0.903963029385
694.00	0.902980029583
695.00	0.902078986168
696.00	0.901277005672
697.00	0.900588989258
698.00	0.90002900362
699.00	0.899608016014
700.00	0.899334013462
701.00	0.899210989475
702.00	0.899242997169
703.00	0.89942997694
704.00	0.89976900816
705.00	0.900255024433
706.00	0.900880992413
707.00	0.901637017727
708.00	0.902511000633
709.00	0.903487980366
710.00	0.904551029205
711.00	0.905680000782
712.00	0.906856000423
713.00	0.908053994179
714.00	0.909250974655
715.00	0.910421013832
716.00	0.911536991596
717.00	0.912572026253
718.00	0.913498997688
719.00	0.91429400444
720.00	0.914929986
721.00	0.915383994579
722.00	0.91563898325
723.00	0.915678024292
724.00	0.915486991405
725.00	0.915058016777
726.00	0.914385020733
727.00	0.913466989994
728.00	0.912310004234
729.00	0.910921990871
730.00	0.909317970276
731.00	0.907514989376
732.00	0.905538022518
733.00	0.903410971165
734.00	0.901166021824
735.00	0.898836016655
736.00	0.89645498991
737.00	0.894060015678
738.00	0.891689002514
739.00	0.889380991459
740.00	0.887174010277
741.00	0.88510799408
742.00	0.883213996887
743.00	0.881525993347
744.00	0.880073010921
745.00	0.878884017467
746.00	0.877982020378
747.00	0.87738597393
748.00	0.877111017704
749.00	0.877165973186
750.00	0.877556979656
751.00	0.878283023834
752.00	0.879332005978
753.00	0.880693018436
754.00	0.882348001003
755.00	0.884271979332
756.00	0.886436998844
757.00	0.888808012009
758.00	0.891345024109
759.00	0.894005000591
760.00	0.896737992764
761.00	0.899483025074
762.00	0.902195990086
763.00	0.904819011688
764.00	0.907296001911
765.00	0.909570991993
766.00	0.911588013172
767.00	0.913293004036
768.00	0.914640009403
769.00	0.915584027767
770.00	0.916087985039
771.00	0.916122972965
772.00	0.915668010712
773.00	0.914710998535
774.00	0.913250029087
775.00	0.911292016506
776.00	0.908855021
777.00	0.905964970589
778.00	0.902656018734
779.00	0.898972988129
780.00	0.894963979721
781.00	0.890695989132
782.00	0.886219024658
783.00	0.881591975689
784.00	0.876879990101
785.00	0.872147023678
786.00	0.867453992367
787.00	0.862863004208
788.00	0.858434021473
789.00	0.854219973087
790.00	0.850274026394
791.00	0.846642017365
792.00	0.843366026878
793.00	0.840484976768
794.00	0.838030993938
795.00	0.836030006409
796.00	0.834505975246
797.00	0.833474993706
798.00	0.832948982716
799.00	0.832934975624
800.00	0.83343398571
801.00	0.834433972836
802.00	0.835932016373
803.00	0.837911009789
804.00	0.840353012085
805.00	0.843231022358
806.00	0.846516013145
807.00	0.85016900301
808.00	0.854147970676
809.00	0.858403980732
810.00	0.86288100481
811.00	0.867519021034
812.00	0.872250974178
813.00	0.87700599432
814.00	0.881707012653
815.00	0.886276006699
816.00	0.890628993511
817.00	0.894684016705
818.00	0.898356974125
819.00	0.901569008827
820.00	0.904242992401
821.00	0.906309008598
822.00	0.907702982426
823.00	0.908375024796
824.00	0.908282995224
825.00	0.907397985458
826.00	0.905707001686
827.00	0.903209984303
828.00	0.899919986725
829.00	0.89586597681
830.00	0.891088008881
831.00	0.885637998581
832.00	0.879580020905
833.00	0.872982025146
834.00	0.865921974182
835.00	0.858480989933
836.00	0.85074198246
837.00	0.842787981033
838.00	0.834704995155
839.00	0.82657200098
840.00	0.818468987942
841.00	0.810469985008
842.00	0.802646994591
843.00	0.795064985752
844.00	0.787784993649
845.00	0.78086400032
846.00	0.774353981018
847.00	0.768302977085
848.00	0.762753009796
849.00	0.757745027542
850.00	0.75331401825
851.00	0.749508023262
852.00	0.746334016323
853.00	0.743818998337
854.00	0.741985976696
855.00	0.74085599184
856.00	0.740447998047
857.00	0.740778028965
858.00	0.741858005524
859.00	0.743696987629
860.00	0.74630099535
861.00	0.749670028687
862.00	0.753798007965
863.00	0.758671998978
864.00	0.76427000761
865.00	0.770560026169
866.00	0.777496993542
867.00	0.785019993782
868.00	0.793053984642
869.00	0.801500022411
870.00	0.810241997242
871.00	0.819136977196
872.00	0.828023016453
873.00	0.836713016033
874.00	0.844999015331
875.00	0.852661013603
876.00	0.859470009804
877.00	0.865197002888
878.00	0.869625985622
879.00	0.872566998005
880.00	0.873866021633
881.00	0.873416006565
882.00	0.871164977551
883.00	0.867119014263
884.00	0.861340999603
885.00	0.853945016861
886.00	0.845085978508
887.00	0.834946990013
888.00	0.82372802496
889.00	0.811630010605
890.00	0.798849999905
891.00	0.785566985607
892.00	0.771942973137
893.00	0.758116006851
894.00	0.744203984737
895.00	0.730305016041
896.00	0.716499984264
897.00	0.702857971191
898.00	0.689438998699
899.00	0.676294982433
900.00	0.663478016853
901.00	0.651085972786
902.00	0.639117002487
903.00	0.627626001835
904.00	0.616670012474
905.00	0.606308996677
906.00	0.59661000967
907.00	0.58764398098
908.00	0.579491019249
909.00	0.572237014771
910.00	0.565976023674
911.00	0.56081700325
912.00	0.556877017021
913.00	0.554293990135
914.00	0.553224027157
915.00	0.553844988346
916.00	0.556361973286
917.00	0.561007976532
918.00	0.568041980267
919.00	0.577737987041
920.00	0.59036397934
921.00	0.60612899065
922.00	0.625087976456
923.00	0.646972000599
924.00	0.670929014683
925.00	0.695173978806
926.00	0.716664016247
927.00	0.731096029282
928.00	0.733667016029
929.00	0.720808982849
930.00	0.692176997662
931.00	0.651355028152
932.00	0.604438006878
933.00	0.557543992996
934.00	0.515029013157
935.00	0.479084998369
936.00	0.450246989727
937.00	0.428099006414
938.00	0.411828994751
939.00	0.400546014309
940.00	0.393429994583
941.00	0.389784008265
942.00	0.389034003019
943.00	0.390709996223
944.00	0.394416004419
945.00	0.399807006121
946.00	0.406556993723
947.00	0.414333999157
948.00	0.422782987356
949.00	0.431497991085
950.00	0.440012991428
951.00	0.447768002748
952.00	0.454198986292
953.00	0.458665013313
954.00	0.460521996021
955.00	0.459174007177
956.00	0.454142987728
957.00	0.445143014193
958.00	0.432134985924
959.00	0.415349990129
960.00	0.395274996758
961.00	0.372597008944
962.00	0.348122000694
963.00	0.32267999649
964.00	0.29704400897
965.00	0.271876007318
966.00	0.247693002224
967.00	0.224861994386
968.00	0.203612998128
969.00	0.184060007334
970.00	0.166227996349
971.00	0.15007700026
972.00	0.135525003076
973.00	0.122461996973
974.00	0.110766001046
975.00	0.100311003625
976.00	0.0909748002887
977.00	0.0826394036412
978.00	0.0751961022615
979.00	0.068545602262
980.00	0.0625981986523
981.00	0.0572734996676
982.00	0.0525001995265
983.00	0.0482150018215
984.00	0.0443621017039
985.00	0.0408923998475
986.00	0.0377626009285
987.00	0.0349345989525
988.00	0.0323751010001
989.00	0.0300546996295
990.00	0.0279473997653
991.00	0.0260304994881
992.00	0.0242839995772
993.00	0.0226901005954
994.00	0.0212331991643
995.00	0.0198993999511
996.00	0.0186764001846
997.00	0.0175535008311
998.00	0.016520800069
999.00	0.0155697995797
1,000.00	0.014692899771
1,001.00	0.0138847995549
1,002.00	0.0131374998018
1,003.00	0.0124455001205
1,004.00	0.0118038998917
1,005.00	0.0112084001303
1,006.00	0.010654900223
1,007.00	0.0101399999112
1,008.00	0.00966037996113
1,009.00	0.00921318959445
1,010.00	0.0087957996875
1,011.00	0.00840581953526
1,012.00	0.0080410996452
1,013.00	0.00769966980442
1,014.00	0.00737974978983
1,015.00	0.00707972003147
1,016.00	0.0067981001921
1,017.00	0.0065335300751
1,018.00	0.00628479011357
1,019.00	0.00605071987957
1,020.00	0.00583032006398
1,021.00	0.00562260998413
1,022.00	0.00542673002928
1,023.00	0.00524188019335
1,024.00	0.00506732985377
1,025.00	0.00490238005295
1,026.00	0.00474641984329
1,027.00	0.00459888018668
1,028.00	0.00445919996127
1,029.00	0.0043269097805
1,030.00	0.00420155003667
1,031.00	0.00408269977197
1,032.00	0.00396995991468
1,033.00	0.00386296003126
1,034.00	0.00376138999127
1,035.00	0.00366491009481
1,036.00	0.00357325002551
1,037.00	0.00348612992093
1,038.00	0.00340329995379
1,039.00	0.00332452007569
1,040.00	0.00324957002886
1,041.00	0.0031782600563
1,042.00	0.00311038992368
1,043.00	0.00304578989744
1,044.00	0.00298427999951
1,045.00	0.00292572006583
1,046.00	0.00286994990893
1,047.00	0.00281684007496
1,048.00	0.00276626995765
1,049.00	0.00271811010316
1,050.00	0.00267225992866
1,051.00	0.00262857996859
1,052.00	0.00258698989637
1,053.00	0.00254741008393
1,054.00	0.00250973994844
1,055.00	0.00247391010635
1,056.00	0.00243982998654
1,057.00	0.00240743998438
1,058.00	0.00237667001784
1,059.00	0.00234746001661
1,060.00	0.00231974991038
1,061.00	0.00229348009452
1,062.00	0.00226860004477
1,063.00	0.00224505993538
1,064.00	0.00222281995229
1,065.00	0.00220183003694
1,066.00	0.00218204990961
1,067.00	0.00216345000081
1,068.00	0.00214599003084
1,069.00	0.00212963996455
1,070.00	0.0021143599879
1,071.00	0.00210012006573
1,072.00	0.0020869099535
1,073.00	0.00207469007
1,074.00	0.00206343992613
1,075.00	0.00205313996412
1,076.00	0.0020437699277
1,077.00	0.00203531002626
1,078.00	0.00202774000354
1,079.00	0.00202105008066
1,080.00	0.00201522000134
1,081.00	0.00201024999842
1,082.00	0.00200611003675
1,083.00	0.00200280011632
1,084.00	0.00200030999258
1,085.00	0.00199862988666
1,086.00	0.00199775001965
1,087.00	0.00199766992591
1,088.00	0.00199839007109
1,089.00	0.0019998899661
1,090.00	0.00200218008831
1,091.00	0.00200525997207
1,092.00	0.00200912007131
1,093.00	0.00201376993209
1,094.00	0.00201921002008
1,095.00	0.00202543009073
1,096.00	0.00203244993463
1,097.00	0.00204026000574
1,098.00	0.00204888009466
1,099.00	0.00205829995684
1,100.00	0.00206854008138
1,101.00	0.00207960000262
1,102.00	0.00209147995338
1,103.00	0.0021041999571
1,104.00	0.00211777002551
1,105.00	0.00213218992576
1,106.00	0.00214748992585
1,107.00	0.00216368003748
1,108.00	0.00218077003956
1,109.00	0.00219877995551
1,110.00	0.00221773004159
1,111.00	0.00223764008842
1,112.00	0.0022585298866
1,113.00	0.00228041992523
1,114.00	0.0023033299949
1,115.00	0.00232728989795
1,116.00	0.00235231989063
1,117.00	0.00237846001983
1,118.00	0.00240573007613
1,119.00	0.00243415008299
1,120.00	0.00246377009898
1,121.00	0.00249461992644
1,122.00	0.00252672005445
1,123.00	0.00256013008766
1,124.00	0.00259488006122
1,125.00	0.0026310000103
1,126.00	0.00266855000518
1,127.00	0.00270757009275
1,128.00	0.00274810008705
1,129.00	0.00279020005837
1,130.00	0.00283392006531
1,131.00	0.00287930993363
1,132.00	0.00292643997818
1,133.00	0.00297536002472
1,134.00	0.00302612991072
1,135.00	0.00307882996276
1,136.00	0.00313353003003
1,137.00	0.00319028995
1,138.00	0.00324920006096
1,139.00	0.003310339991
1,140.00	0.00337379006669
1,141.00	0.00343963992782
1,142.00	0.0035079899244
1,143.00	0.00357893994078
1,144.00	0.00365258008242
1,145.00	0.00372903002426
1,146.00	0.00380840990692
1,147.00	0.00389083009213
1,148.00	0.00397640978917
1,149.00	0.00406531011686
1,150.00	0.00415764003992
1,151.00	0.00425308011472
1,152.00	0.00435221986845
1,153.00	0.00445523997769
1,154.00	0.00456230994314
1,155.00	0.00467358995229
1,156.00	0.00478929001838
1,157.00	0.00490958988667
1,158.00	0.00503470981494
1,159.00	0.00516487006098
1,160.00	0.00530028995126
1,161.00	0.00544122979045
1,162.00	0.00558792985976
1,163.00	0.00574067980051
1,164.00	0.0058997599408
1,165.00	0.0060654701665
1,166.00	0.00623814016581
1,167.00	0.00641810009256
1,168.00	0.00660572014749
1,169.00	0.00680135982111
1,170.00	0.00700544007123
1,171.00	0.0072183702141
1,172.00	0.00744060007855
1,173.00	0.00767262000591
1,174.00	0.0079149203375
1,175.00	0.00816803984344
1,176.00	0.00843254011124
1,177.00	0.00870903022587
1,178.00	0.00899813976139
1,179.00	0.00930055044591
1,180.00	0.00961698032916
1,181.00	0.00994819030166
1,182.00	0.0102949999273
1,183.00	0.0106581998989
1,184.00	0.011038900353
1,185.00	0.0114377997816
1,186.00	0.0118562001735
1,187.00	0.0122950999066
1,188.00	0.0127555998042
1,189.00	0.0132389999926
1,190.00	0.0137467999011
1,191.00	0.0142802000046
1,192.00	0.0148408003151
1,193.00	0.0154302995652
1,194.00	0.0160502996296
1,195.00	0.0167027991265
1,196.00	0.0173896998167
1,197.00	0.0181131009012
1,198.00	0.0188753996044
1,199.00	0.0196787994355
1,200.00	0.0205260999501
