380.00	1.43200E-02
381.00	1.39300E-02
382.00	1.16800E-02
383.00	1.06400E-02
384.00	9.63900E-03
385.00	1.00300E-02
386.00	1.21300E-02
387.00	1.55900E-02
388.00	2.26600E-02
389.00	3.19500E-02
390.00	3.92600E-02
391.00	3.74000E-02
392.00	2.90200E-02
393.00	1.98800E-02
394.00	1.33500E-02
395.00	1.01100E-02
396.00	8.14900E-03
397.00	6.89700E-03
398.00	6.32700E-03
399.00	6.06300E-03
400.00	6.23300E-03
401.00	6.39600E-03
402.00	7.20200E-03
403.00	8.30000E-03
404.00	9.99900E-03
405.00	1.19900E-02
406.00	1.47700E-02
407.00	1.78600E-02
408.00	2.02200E-02
409.00	2.10000E-02
410.00	1.96100E-02
411.00	1.73800E-02
412.00	1.44400E-02
413.00	1.20400E-02
414.00	1.00500E-02
415.00	8.93500E-03
416.00	8.28700E-03
417.00	7.99400E-03
418.00	8.10000E-03
419.00	8.25000E-03
420.00	8.89500E-03
421.00	9.66300E-03
422.00	1.03200E-02
423.00	1.08700E-02
424.00	1.08900E-02
425.00	1.04500E-02
426.00	9.87100E-03
427.00	8.86700E-03
428.00	8.04400E-03
429.00	7.36800E-03
430.00	6.89000E-03
431.00	6.71100E-03
432.00	6.59800E-03
433.00	6.77600E-03
434.00	7.25300E-03
435.00	7.85400E-03
436.00	8.85600E-03
437.00	9.54600E-03
438.00	1.03200E-02
439.00	1.06200E-02
440.00	1.04400E-02
441.00	9.80100E-03
442.00	8.69200E-03
443.00	7.69900E-03
444.00	6.79600E-03
445.00	6.03000E-03
446.00	5.64900E-03
447.00	5.34700E-03
448.00	5.27600E-03
449.00	5.44200E-03
450.00	5.80200E-03
451.00	6.46500E-03
452.00	7.29900E-03
453.00	8.54900E-03
454.00	1.01500E-02
455.00	1.18400E-02
456.00	1.29400E-02
457.00	1.35000E-02
458.00	1.29100E-02
459.00	1.15200E-02
460.00	9.74700E-03
461.00	8.30300E-03
462.00	6.94400E-03
463.00	6.02100E-03
464.00	5.28100E-03
465.00	4.77800E-03
466.00	4.56900E-03
467.00	4.48100E-03
468.00	4.61300E-03
469.00	5.05100E-03
470.00	5.64800E-03
471.00	6.63400E-03
472.00	7.77100E-03
473.00	9.61000E-03
474.00	1.14700E-02
475.00	1.43100E-02
476.00	1.74000E-02
477.00	1.94700E-02
478.00	1.93900E-02
479.00	1.75500E-02
480.00	1.41200E-02
481.00	1.11500E-02
482.00	8.74600E-03
483.00	6.98900E-03
484.00	5.84400E-03
485.00	5.10300E-03
486.00	4.58100E-03
487.00	4.30900E-03
488.00	4.31000E-03
489.00	4.66100E-03
490.00	5.14200E-03
491.00	5.63300E-03
492.00	6.14200E-03
493.00	6.81600E-03
494.00	8.00900E-03
495.00	1.04600E-02
496.00	1.50900E-02
497.00	2.15300E-02
498.00	2.85700E-02
499.00	3.19700E-02
500.00	2.89800E-02
501.00	2.17100E-02
502.00	1.45400E-02
503.00	9.28600E-03
504.00	6.58100E-03
505.00	4.59200E-03
506.00	3.38800E-03
507.00	2.71700E-03
508.00	2.14800E-03
509.00	1.83400E-03
510.00	1.58300E-03
511.00	1.37500E-03
512.00	1.23600E-03
513.00	1.10700E-03
514.00	1.04800E-03
515.00	9.80100E-04
516.00	9.59400E-04
517.00	9.25700E-04
518.00	9.22000E-04
519.00	9.19900E-04
520.00	9.17500E-04
521.00	9.51700E-04
522.00	9.79600E-04
523.00	1.01500E-03
524.00	1.08200E-03
525.00	1.15400E-03
526.00	1.26100E-03
527.00	1.34000E-03
528.00	1.45500E-03
529.00	1.61300E-03
530.00	1.78700E-03
531.00	1.99300E-03
532.00	2.22800E-03
533.00	2.51100E-03
534.00	2.79200E-03
535.00	3.15400E-03
536.00	3.57200E-03
537.00	4.00700E-03
538.00	4.45100E-03
539.00	4.94400E-03
540.00	5.44900E-03
541.00	5.90900E-03
542.00	6.35300E-03
543.00	6.74700E-03
544.00	7.11800E-03
545.00	7.45600E-03
546.00	7.79600E-03
547.00	8.13000E-03
548.00	8.42400E-03
549.00	8.69300E-03
550.00	9.03600E-03
551.00	9.40900E-03
552.00	9.81100E-03
553.00	1.03600E-02
554.00	1.08900E-02
555.00	1.15600E-02
556.00	1.23800E-02
557.00	1.33900E-02
558.00	1.45400E-02
559.00	1.60300E-02
560.00	1.77500E-02
561.00	1.94400E-02
562.00	2.18800E-02
563.00	2.47200E-02
564.00	2.77400E-02
565.00	3.17300E-02
566.00	3.67700E-02
567.00	4.19800E-02
568.00	4.90700E-02
569.00	5.73400E-02
570.00	6.71000E-02
571.00	7.97300E-02
572.00	9.47300E-02
573.00	1.11400E-01
574.00	1.31900E-01
575.00	1.57000E-01
576.00	1.83400E-01
577.00	2.13400E-01
578.00	2.43300E-01
579.00	2.74000E-01
580.00	3.04200E-01
581.00	3.35300E-01
582.00	3.64800E-01
583.00	3.91700E-01
584.00	4.17000E-01
585.00	4.38800E-01
586.00	4.65400E-01
587.00	4.90600E-01
588.00	5.16300E-01
589.00	5.44500E-01
590.00	5.72100E-01
591.00	6.01000E-01
592.00	6.31900E-01
593.00	6.58200E-01
594.00	6.90700E-01
595.00	7.16300E-01
596.00	7.42200E-01
597.00	7.69400E-01
598.00	7.92300E-01
599.00	8.15900E-01
600.00	8.37000E-01
601.00	8.56000E-01
602.00	8.76900E-01
603.00	8.90000E-01
604.00	9.04700E-01
605.00	9.16000E-01
606.00	9.28600E-01
607.00	9.33700E-01
608.00	9.38600E-01
609.00	9.44500E-01
610.00	9.43600E-01
611.00	9.45200E-01
612.00	9.45400E-01
613.00	9.43900E-01
614.00	9.47400E-01
615.00	9.43500E-01
616.00	9.48900E-01
617.00	9.46900E-01
618.00	9.52700E-01
619.00	9.56700E-01
620.00	9.55500E-01
621.00	9.53100E-01
622.00	9.54500E-01
623.00	9.50700E-01
624.00	9.52200E-01
625.00	9.49000E-01
626.00	9.50600E-01
627.00	9.51000E-01
628.00	9.47000E-01
629.00	9.31100E-01
630.00	9.43400E-01
631.00	9.40800E-01
632.00	9.33400E-01
633.00	9.29100E-01
634.00	9.29700E-01
635.00	9.24600E-01
636.00	9.17700E-01
637.00	9.18300E-01
638.00	9.21600E-01
639.00	9.19300E-01
640.00	9.18400E-01
641.00	9.14400E-01
642.00	9.15300E-01
643.00	9.23300E-01
644.00	9.24200E-01
645.00	9.22300E-01
646.00	9.24600E-01
647.00	9.21900E-01
648.00	9.23900E-01
649.00	9.21400E-01
650.00	9.27200E-01
651.00	9.22800E-01
652.00	9.18500E-01
653.00	9.22100E-01
654.00	9.29700E-01
655.00	9.19200E-01
656.00	9.22200E-01
657.00	9.17600E-01
658.00	9.10700E-01
659.00	9.07100E-01
660.00	9.06700E-01
661.00	9.05300E-01
662.00	9.01500E-01
663.00	8.99500E-01
664.00	9.00500E-01
665.00	8.97900E-01
666.00	8.90100E-01
667.00	8.92600E-01
668.00	8.96200E-01
669.00	8.92700E-01
670.00	8.90800E-01
671.00	8.90900E-01
672.00	8.92300E-01
673.00	8.94100E-01
674.00	8.90500E-01
675.00	9.02100E-01
676.00	8.96200E-01
677.00	8.98000E-01
678.00	9.00600E-01
679.00	9.03700E-01
680.00	9.02400E-01
681.00	9.08600E-01
682.00	9.12900E-01
683.00	9.16900E-01
684.00	9.22200E-01
685.00	9.20300E-01
686.00	9.25500E-01
687.00	9.27900E-01
688.00	9.26700E-01
689.00	9.32700E-01
690.00	9.39000E-01
691.00	9.37800E-01
692.00	9.38400E-01
693.00	9.36400E-01
694.00	9.39100E-01
695.00	9.38500E-01
696.00	9.44800E-01
697.00	9.42300E-01
698.00	9.48900E-01
699.00	9.40400E-01
700.00	9.41300E-01
701.00	9.39400E-01
702.00	9.46000E-01
703.00	9.42900E-01
704.00	9.45700E-01
705.00	9.44000E-01
706.00	9.41700E-01
707.00	9.45500E-01
708.00	9.43100E-01
709.00	9.48400E-01
710.00	9.42800E-01
711.00	9.44500E-01
712.00	9.36600E-01
713.00	9.44000E-01
714.00	9.43600E-01
715.00	9.41700E-01
716.00	9.39800E-01
717.00	9.40300E-01
718.00	9.38100E-01
719.00	9.32600E-01
720.00	9.33100E-01
721.00	9.34400E-01
722.00	9.31300E-01
723.00	9.30300E-01
724.00	9.33200E-01
725.00	9.30500E-01
726.00	9.22600E-01
727.00	9.31900E-01
728.00	9.23900E-01
729.00	9.21700E-01
730.00	9.19400E-01
731.00	9.17400E-01
732.00	9.17400E-01
733.00	9.13300E-01
734.00	9.14800E-01
735.00	9.12500E-01
736.00	9.19200E-01
737.00	9.14900E-01
738.00	9.21800E-01
739.00	9.13500E-01
740.00	9.14400E-01
741.00	9.19100E-01
742.00	9.15500E-01
743.00	9.13400E-01
744.00	9.09600E-01
745.00	9.08200E-01
746.00	9.08300E-01
747.00	9.02400E-01
748.00	9.00900E-01
749.00	9.00200E-01
750.00	8.85600E-01
