380.00	0.0817944034934
381.00	0.0985487028956
382.00	0.102833002806
383.00	0.108427003026
384.00	0.108649998903
385.00	0.115082003176
386.00	0.129712000489
387.00	0.126941993833
388.00	0.074971601367
389.00	0.0415460988879
390.00	0.0260728001595
391.00	0.0230225995183
392.00	0.0269735008478
393.00	0.0408113002777
394.00	0.0615748986602
395.00	0.0997207984328
396.00	0.119151003659
397.00	0.100013002753
398.00	0.0717329010367
399.00	0.0578141994774
400.00	0.0518015995622
401.00	0.0603027008474
402.00	0.0987007990479
403.00	0.250196993351
404.00	0.404251992702
405.00	0.204741001129
406.00	0.0935401022434
407.00	0.0601560994983
408.00	0.0536474995315
409.00	0.0631129965186
410.00	0.0935031995177
411.00	0.164929002523
412.00	0.226807996631
413.00	0.200277000666
414.00	0.121949002147
415.00	0.0925576016307
416.00	0.0947116017342
417.00	0.131650999188
418.00	0.240806996822
419.00	0.452719986439
420.00	0.526606023312
421.00	0.498706012964
422.00	0.613484025002
423.00	0.556888997555
424.00	0.2908860147
425.00	0.114979997277
426.00	0.0510444007814
427.00	0.0298795998096
428.00	0.0227003004402
429.00	0.0212440006435
430.00	0.0248217005283
431.00	0.0341879017651
432.00	0.0677217021585
433.00	0.226128995419
434.00	0.396299988031
435.00	0.206287994981
436.00	0.104419998825
437.00	0.0767522975802
438.00	0.0808982029557
439.00	0.117627002299
440.00	0.165371999145
441.00	0.161010995507
442.00	0.110491998494
443.00	0.07047829777
444.00	0.0487596988678
445.00	0.0409963987768
446.00	0.0399577990174
447.00	0.0431113988161
448.00	0.0491841994226
449.00	0.0547128990293
450.00	0.0565420016646
451.00	0.0555555000901
452.00	0.0544896014035
453.00	0.0574313998222
454.00	0.0680015981197
455.00	0.0954860001802
456.00	0.15793800354
457.00	0.306878000498
458.00	0.534255027771
459.00	0.542949020863
460.00	0.350078999996
461.00	0.265704005957
462.00	0.239848002791
463.00	0.265825003386
464.00	0.336804986
465.00	0.387528002262
466.00	0.336048007011
467.00	0.249686002731
468.00	0.189594998956
469.00	0.163655996323
470.00	0.165874004364
471.00	0.192277997732
472.00	0.279711991549
473.00	0.495801001787
474.00	0.626904010773
475.00	0.462377995253
476.00	0.283075988293
477.00	0.184263005853
478.00	0.138620004058
479.00	0.125387996435
480.00	0.130961000919
481.00	0.1676889956
482.00	0.261384010315
483.00	0.399910002947
484.00	0.367100000381
485.00	0.213135004044
486.00	0.113118998706
487.00	0.0640152990818
488.00	0.0427874997258
489.00	0.031516700983
490.00	0.026348400861
491.00	0.023793399334
492.00	0.0225833002478
493.00	0.0229809004813
494.00	0.0250023007393
495.00	0.0286781005561
496.00	0.0353396013379
497.00	0.0454695001245
498.00	0.0619761012495
499.00	0.0881905034184
500.00	0.120508000255
501.00	0.188798993826
502.00	0.279134988785
503.00	0.392295986414
504.00	0.523294985294
505.00	0.653998970985
506.00	0.745679020882
507.00	0.821823000908
508.00	0.851121008396
509.00	0.847078979015
510.00	0.829288005829
511.00	0.806043028831
512.00	0.783870995045
513.00	0.76580697298
514.00	0.753277003765
515.00	0.745908975601
516.00	0.74078899622
517.00	0.740671992302
518.00	0.742330014706
519.00	0.743691027164
520.00	0.74449300766
521.00	0.744136989117
522.00	0.742066979408
523.00	0.73851197958
524.00	0.739413976669
525.00	0.746654987335
526.00	0.765910983086
527.00	0.802924990654
528.00	0.855364024639
529.00	0.913730025291
530.00	0.936479985714
531.00	0.894174993038
532.00	0.768689990044
533.00	0.595215022564
534.00	0.468492001295
535.00	0.359513998032
536.00	0.276282012463
537.00	0.212308004498
538.00	0.1663479954
539.00	0.131835997105
540.00	0.109222002327
541.00	0.0923466980457
542.00	0.0811488032341
543.00	0.073106803
544.00	0.0683656036854
545.00	0.0657671019435
546.00	0.0655499994755
547.00	0.0672579035163
548.00	0.0711359977722
549.00	0.0777447000146
550.00	0.0876765996218
551.00	0.102365002036
552.00	0.123305998743
553.00	0.152340993285
554.00	0.195243999362
555.00	0.261096000671
556.00	0.34374499321
557.00	0.446548014879
558.00	0.571404993534
559.00	0.694275975227
560.00	0.803674995899
561.00	0.876487970352
562.00	0.915591001511
563.00	0.930140018463
564.00	0.937007009983
565.00	0.94332998991
566.00	0.949985027313
567.00	0.953985989094
568.00	0.946489989758
569.00	0.929328978062
570.00	0.898928999901
571.00	0.864250004292
572.00	0.832741975784
573.00	0.810139000416
574.00	0.799103021622
575.00	0.804741978645
576.00	0.828055977821
577.00	0.863238990307
578.00	0.901515007019
579.00	0.924163997173
580.00	0.903455972672
581.00	0.833279013634
582.00	0.724080979824
583.00	0.598825991154
584.00	0.479752987623
585.00	0.380620986223
586.00	0.303083986044
587.00	0.244228005409
588.00	0.202565997839
589.00	0.173080995679
590.00	0.150508999825
591.00	0.133341997862
592.00	0.121599003673
593.00	0.112979002297
594.00	0.10869000107
595.00	0.107089996338
596.00	0.107987999916
597.00	0.111399002373
598.00	0.117514997721
599.00	0.126187995076
600.00	0.139201998711
601.00	0.155572995543
602.00	0.178268998861
603.00	0.206699997187
604.00	0.241681993008
605.00	0.281008988619
606.00	0.335150003433
607.00	0.3960070014
608.00	0.481532007456
609.00	0.562758982182
610.00	0.645218014717
611.00	0.73423999548
612.00	0.814410984516
613.00	0.883184015751
614.00	0.920301020145
615.00	0.929569005966
616.00	0.917427003384
617.00	0.89426702261
618.00	0.873786985874
619.00	0.85728597641
620.00	0.848971009254
621.00	0.849340975285
622.00	0.854804992676
623.00	0.868058979511
624.00	0.883545994759
625.00	0.901612997055
626.00	0.916808009148
627.00	0.926651000977
628.00	0.930212020874
629.00	0.927004992962
630.00	0.91719597578
631.00	0.902254998684
632.00	0.885770976543
633.00	0.869674026966
634.00	0.856024026871
635.00	0.843623995781
636.00	0.836968004704
637.00	0.832822024822
638.00	0.831951975822
639.00	0.836104989052
640.00	0.842432975769
641.00	0.850277006626
642.00	0.860364973545
643.00	0.873304009438
644.00	0.886406004429
645.00	0.899311006069
646.00	0.911445021629
647.00	0.924926996231
648.00	0.934458971024
649.00	0.941578984261
650.00	0.947169005871
651.00	0.951489984989
652.00	0.955081999302
653.00	0.956852018833
654.00	0.958330988884
655.00	0.958925008774
656.00	0.958738982677
657.00	0.95663100481
658.00	0.953824996948
659.00	0.951538026333
660.00	0.949540019035
661.00	0.944841980934
662.00	0.941541016102
663.00	0.937225997448
664.00	0.933121979237
665.00	0.932070016861
666.00	0.930006027222
667.00	0.930312991142
668.00	0.932736992836
669.00	0.936291992664
670.00	0.93977701664
671.00	0.945425987244
672.00	0.950215995312
673.00	0.955106019974
674.00	0.961121976376
675.00	0.966746985912
676.00	0.967532992363
677.00	0.968752980232
678.00	0.968447029591
679.00	0.966929972172
680.00	0.963023006916
681.00	0.959347009659
682.00	0.953554987907
683.00	0.949468970299
684.00	0.944844007492
685.00	0.943551003933
686.00	0.940472006798
687.00	0.941722989082
688.00	0.942259013653
689.00	0.945285975933
690.00	0.949172019958
691.00	0.952179014683
692.00	0.958571970463
693.00	0.962945997715
694.00	0.966768980026
695.00	0.969117999077
696.00	0.972295999527
697.00	0.971846997738
698.00	0.972662985325
699.00	0.970677018166
700.00	0.96886998415
701.00	0.964074015617
702.00	0.960804998875
703.00	0.955949008465
704.00	0.952892005444
705.00	0.951277971268
706.00	0.9497590065
707.00	0.949935019016
708.00	0.951757013798
709.00	0.954723000526
710.00	0.958648979664
711.00	0.962348997593
712.00	0.96706199646
713.00	0.971989989281
714.00	0.976227998734
715.00	0.978280007839
716.00	0.977609992027
717.00	0.977800011635
718.00	0.974445998669
719.00	0.967068970203
720.00	0.95965898037
721.00	0.951627016068
722.00	0.941159009933
723.00	0.929269015789
724.00	0.916020989418
725.00	0.904282987118
726.00	0.893760025501
727.00	0.884536027908
728.00	0.875804007053
729.00	0.869095981121
730.00	0.864094018936
731.00	0.85969299078
732.00	0.858364999294
733.00	0.857433021069
734.00	0.857930004597
735.00	0.860211014748
736.00	0.864197015762
737.00	0.866981983185
738.00	0.87258797884
739.00	0.87761002779
740.00	0.88291400671
741.00	0.889509022236
742.00	0.895437002182
743.00	0.899601995945
744.00	0.904173970222
745.00	0.907811999321
746.00	0.910547018051
747.00	0.912805020809
748.00	0.912106990814
749.00	0.911868989468
750.00	0.910867989063
