300.00	9.9999999392253E-9
300.50	9.9999999392253E-9
301.00	9.9999999392253E-9
301.50	2.2373200181391E-7
302.00	2.4070599735637E-8
302.50	2.7274398917143E-7
303.00	9.9999999392253E-9
303.50	9.9999999392253E-9
304.00	5.4635501101075E-7
304.50	9.9999999392253E-9
305.00	9.9999999392253E-9
305.50	9.9999999392253E-9
306.00	9.9999999392253E-9
306.50	7.9980497957877E-7
307.00	1.1911100017414E-7
307.50	9.9999999392253E-9
308.00	9.9999999392253E-9
308.50	9.9999999392253E-9
309.00	4.798940267392E-7
309.50	4.7957598781068E-7
310.00	9.9999999392253E-9
310.50	9.9999999392253E-9
311.00	9.9999999392253E-9
311.50	9.9999999392253E-9
312.00	9.9999999392253E-9
312.50	7.6014000649494E-10
313.00	9.9999999392253E-9
313.50	9.9999999392253E-9
314.00	6.9407697367296E-8
314.50	1.8376799459929E-7
315.00	9.9999999392253E-9
315.50	4.6509700268871E-7
316.00	1.4039200380012E-7
316.50	3.0645000492768E-7
317.00	4.4415699562705E-7
317.50	2.102800067405E-7
318.00	9.9999999392253E-9
318.50	5.9597397239486E-7
319.00	9.9999999392253E-9
319.50	6.2045302229308E-7
320.00	2.4808699095047E-7
320.50	2.2540899635715E-7
321.00	2.4037299795054E-7
321.50	9.9999999392253E-9
322.00	2.4853500235622E-7
322.50	9.9999999392253E-9
323.00	6.3343799183713E-7
323.50	3.1805100775273E-7
324.00	3.4190900777276E-8
324.50	3.305929965336E-7
325.00	9.9999999392253E-9
325.50	4.6063200898061E-7
326.00	9.9999999392253E-9
326.50	3.2677999683983E-7
327.00	1.134589977525E-9
327.50	4.5468098619494E-7
328.00	3.6597199937205E-7
328.50	3.6998099517405E-7
329.00	5.3682001066591E-8
329.50	9.9999999392253E-9
330.00	6.3482502810075E-7
330.50	9.9999999392253E-9
331.00	4.5822199012946E-7
331.50	9.9999999392253E-9
332.00	3.6490300203695E-7
332.50	9.9999999392253E-9
333.00	4.1875701128902E-8
333.50	9.9999999392253E-9
334.00	9.9999999392253E-9
334.50	9.3583999216662E-8
335.00	3.2999601273787E-8
335.50	1.4455800112501E-7
336.00	1.0399300087727E-8
336.50	9.9999999392253E-9
337.00	9.9999999392253E-9
337.50	9.9999999392253E-9
338.00	9.9999999392253E-9
338.50	9.9999999392253E-9
339.00	4.2623599938452E-7
339.50	9.9999999392253E-9
340.00	9.9999999392253E-9
340.50	2.152920046683E-7
341.00	9.9999999392253E-9
341.50	9.9999999392253E-9
342.00	9.9999999392253E-9
342.50	4.1933299144148E-7
343.00	3.4458199138498E-7
343.50	9.9999999392253E-9
344.00	3.8279299729993E-8
344.50	3.1281200563171E-7
345.00	9.9999999392253E-9
345.50	2.3625599965271E-7
346.00	2.182180054433E-7
346.50	9.9999999392253E-9
347.00	9.9999999392253E-9
347.50	5.8331799834832E-8
348.00	3.4742100751828E-8
348.50	2.8525000139723E-9
349.00	9.592429961458E-9
349.50	9.9999999392253E-9
350.00	3.7397398955363E-7
350.50	9.9999999392253E-9
351.00	2.0036300441006E-7
351.50	9.9999999392253E-9
352.00	6.6481099736393E-8
352.50	3.502360073071E-7
353.00	9.9999999392253E-9
353.50	9.9999999392253E-9
354.00	9.9999999392253E-9
354.50	1.840260068775E-7
355.00	5.8705399652581E-8
355.50	5.088289753985E-7
356.00	4.4525100406645E-7
356.50	1.708179979687E-6
357.00	2.1506900793611E-6
357.50	2.7002799924958E-6
358.00	1.803159989322E-6
358.50	9.4634100378244E-7
359.00	1.5672999609251E-7
359.50	3.0310300758174E-7
360.00	2.1634100733081E-8
360.50	9.9999999392253E-9
361.00	9.9999999392253E-9
361.50	9.9999999392253E-9
362.00	7.8203701292523E-9
362.50	3.7819000908712E-7
363.00	1.2294600537643E-7
363.50	9.9999999392253E-9
364.00	9.9999999392253E-9
364.50	6.3371402347911E-8
365.00	9.9999999392253E-9
365.50	9.9999999392253E-9
366.00	9.9999999392253E-9
366.50	9.9999999392253E-9
367.00	3.3982300351454E-7
367.50	9.9999999392253E-9
368.00	8.6508102015159E-8
368.50	1.3099500506542E-7
369.00	1.1682799794244E-7
369.50	9.9999999392253E-9
370.00	2.2992800552402E-7
370.50	7.5399801957587E-9
371.00	9.9999999392253E-9
371.50	9.9999999392253E-9
372.00	1.800279960662E-7
372.50	8.1172700561183E-8
373.00	9.4107598158644E-8
373.50	8.0128501167565E-8
374.00	3.6433400740776E-10
374.50	7.925049771984E-8
375.00	2.2480699968241E-8
375.50	3.2672200944717E-8
376.00	1.4839800144273E-7
376.50	9.9999999392253E-9
377.00	1.8506099763727E-7
377.50	8.8353097282834E-8
378.00	7.2289600971942E-9
378.50	8.9802000502459E-8
379.00	9.9999999392253E-9
379.50	1.0421000240513E-7
380.00	1.2114699643462E-7
380.50	8.9506698941477E-8
381.00	9.9999999392253E-9
381.50	9.9999999392253E-9
382.00	1.7239500493815E-8
382.50	8.1621301717405E-8
383.00	1.8923300260099E-8
383.50	1.2544599314879E-7
384.00	9.9999999392253E-9
384.50	9.9999999392253E-9
385.00	7.8109202661381E-8
385.50	9.9999999392253E-9
386.00	9.9999999392253E-9
386.50	1.0663700322766E-7
387.00	1.8392300660253E-7
387.50	1.7284699538322E-7
388.00	6.0169798032916E-9
388.50	7.2115099669645E-8
389.00	6.3459999921633E-8
389.50	3.4058800224557E-7
390.00	3.6312499673841E-8
390.50	9.9999999392253E-9
391.00	6.4655402809422E-8
391.50	1.4184000463047E-7
392.00	8.3706702014297E-8
392.50	2.1215799961283E-7
393.00	5.2045599829853E-8
393.50	9.9999999392253E-9
394.00	1.0909199943399E-7
394.50	9.104439868679E-8
395.00	1.8333699358664E-7
395.50	9.9999999392253E-9
396.00	1.3825699340941E-7
396.50	1.6654600187849E-7
397.00	8.1060498757779E-8
397.50	1.0858600063557E-7
398.00	9.569849801494E-9
398.50	1.327429970388E-7
399.00	2.4073401050373E-7
399.50	8.4160902247277E-8
400.00	9.9999999392253E-9
400.50	9.9999999392253E-9
401.00	4.514589946325E-8
401.50	2.8415099606605E-8
402.00	1.5391199426062E-8
402.50	1.1381499831487E-7
403.00	9.9999999392253E-9
403.50	9.9999999392253E-9
404.00	9.9999999392253E-9
404.50	7.1868797135721E-8
405.00	1.5139999476332E-8
405.50	9.9999999392253E-9
406.00	4.1503401604359E-8
406.50	6.1853199895268E-8
407.00	1.1959799905981E-7
407.50	9.9999999392253E-9
408.00	9.9999999392253E-9
408.50	2.552980049586E-8
409.00	6.6604202153542E-9
409.50	1.2103599544844E-7
410.00	1.4644000145836E-7
410.50	7.3012600410038E-8
411.00	4.2159499002992E-8
411.50	9.9999999392253E-9
412.00	1.3401900389454E-7
412.50	4.5096101075615E-8
413.00	5.5326299985836E-8
413.50	1.1809500222171E-7
414.00	1.4396799485894E-7
414.50	8.2177898264035E-8
415.00	4.5827999173298E-8
415.50	5.1601700690185E-9
416.00	9.9999999392253E-9
416.50	6.4445899283783E-8
417.00	3.6332899355784E-8
417.50	7.3718197768358E-8
418.00	3.7099400884699E-8
418.50	1.7267699492507E-9
419.00	5.8569799676889E-8
419.50	1.0148600182447E-7
420.00	1.4609000231758E-8
420.50	9.9999999392253E-9
421.00	3.451170016433E-8
421.50	6.278939679305E-8
422.00	2.4334699588735E-8
422.50	6.7405302672796E-8
423.00	4.4965698720034E-8
423.50	9.9999999392253E-9
424.00	3.078050170302E-8
424.50	9.9999999392253E-9
425.00	9.6508898650427E-8
425.50	1.8346000274505E-8
426.00	5.6745200538444E-8
426.50	9.9999999392253E-9
427.00	6.0163301895955E-8
427.50	5.9927302231699E-8
428.00	9.9999999392253E-9
428.50	3.4837398743548E-8
429.00	1.0671099914816E-7
429.50	1.2490599665682E-8
430.00	6.58675034515E-8
430.50	1.0546200002182E-7
431.00	1.7292899556764E-8
431.50	9.9999999392253E-9
432.00	5.6802399228673E-8
432.50	4.2816100886967E-8
433.00	1.6838500016547E-7
433.50	5.1002899681407E-8
434.00	4.5356699729382E-8
434.50	2.7787100620458E-8
435.00	5.9566801269284E-8
435.50	2.8959099562798E-9
436.00	9.9999999392253E-9
436.50	9.9999999392253E-9
437.00	1.7236599925141E-9
437.50	6.2223897145941E-8
438.00	7.3794197419375E-8
438.50	6.3580798403962E-9
439.00	6.2225403496541E-8
439.50	9.9999999392253E-9
440.00	6.7644599255345E-8
440.50	9.9999999392253E-9
441.00	4.9735199070255E-8
441.50	2.8984700861656E-8
442.00	4.7901997923816E-9
442.50	1.0822200025018E-8
443.00	5.8716299378148E-8
443.50	4.195599956347E-8
444.00	9.9999999392253E-9
444.50	7.1528397427301E-8
445.00	9.9999999392253E-9
445.50	9.9999999392253E-9
446.00	4.2528800037189E-8
446.50	2.622929962115E-8
447.00	1.3264600084995E-8
447.50	2.6120700269416E-8
448.00	1.9065799605755E-8
448.50	1.9669599282679E-8
449.00	5.200690011975E-8
449.50	5.0507001247979E-8
450.00	3.1182498361204E-8
450.50	1.0482099810361E-7
451.00	9.9999999392253E-9
451.50	8.8710500278921E-8
452.00	6.4793299614507E-9
452.50	5.2855899213E-8
453.00	6.5360097778466E-8
453.50	7.8073398412926E-8
454.00	6.9537598790248E-8
454.50	6.9012401127111E-8
455.00	1.1278400080528E-7
455.50	9.8705896789397E-8
456.00	1.2720100528441E-7
456.50	3.7269899166859E-8
457.00	2.9851300098471E-8
457.50	9.9999999392253E-9
458.00	9.9999999392253E-9
458.50	5.9908302318945E-8
459.00	1.6137799985216E-9
459.50	7.2660697014726E-8
460.00	4.7331301544773E-8
460.50	3.0043299403815E-8
461.00	9.9999999392253E-9
461.50	9.9999999392253E-9
462.00	6.8103702233202E-8
462.50	4.5641900925375E-8
463.00	6.8431099009558E-8
463.50	1.4010799986863E-7
464.00	7.628420206629E-8
464.50	3.000009840548E-8
465.00	4.1690000784911E-8
465.50	2.0512199938594E-8
466.00	4.8722998968742E-8
466.50	3.8331499752076E-8
467.00	5.6532400094511E-8
467.50	7.146230274202E-8
468.00	5.7799798725E-8
468.50	2.1760300228379E-8
469.00	1.4493600097865E-8
469.50	8.2412199731152E-8
470.00	4.4897500828256E-8
470.50	1.0097600267045E-7
471.00	3.853169872059E-8
471.50	9.9999999392253E-9
472.00	1.904239965711E-8
472.50	9.9999999392253E-9
473.00	4.7564999050564E-8
473.50	2.4689999378325E-8
474.00	2.4675699705767E-8
474.50	7.3971300196263E-9
475.00	4.7856101303978E-8
475.50	1.4303799922288E-8
476.00	1.7242799188466E-8
476.50	2.5674399495301E-8
477.00	9.5247703058021E-9
477.50	1.2441899954752E-8
478.00	8.7233196666148E-8
478.50	9.9999999392253E-9
479.00	1.3306199697638E-8
479.50	4.4035100899009E-8
480.00	3.2824001294784E-8
480.50	7.9675999131723E-9
481.00	4.0803101342135E-8
481.50	1.8689300773644E-8
482.00	2.3248000857734E-8
482.50	3.5108101315018E-8
483.00	3.3219400563667E-8
483.50	2.1137200434396E-8
484.00	4.9177501182385E-8
484.50	2.0176999626642E-8
485.00	5.5867701576062E-8
485.50	8.6892404382866E-9
486.00	6.4813598044111E-8
486.50	1.4680099802433E-8
487.00	4.3222801338061E-8
487.50	9.8494696842977E-9
488.00	9.9999999392253E-9
488.50	7.8798599645324E-8
489.00	9.9999999392253E-9
489.50	3.1444798764824E-8
490.00	8.7324396602639E-9
490.50	1.1168100222392E-8
491.00	4.4786798270025E-8
491.50	2.2673201094392E-9
492.00	9.9999999392253E-9
492.50	2.3711400842785E-8
493.00	9.9999999392253E-9
493.50	9.9999999392253E-9
494.00	6.8263000807534E-10
494.50	5.1941999146266E-8
495.00	1.3008000010473E-8
495.50	9.9999999392253E-9
496.00	9.9999999392253E-9
496.50	2.852529945585E-8
497.00	8.0834098525884E-8
497.50	9.9999999392253E-9
498.00	2.1079799239487E-8
498.50	2.4495500738908E-8
499.00	4.4144201183371E-8
499.50	3.0356698488276E-8
500.00	9.9999999392253E-9
500.50	3.0072200729592E-8
501.00	9.9999999392253E-9
501.50	3.1522301213727E-8
502.00	1.6018699255937E-8
502.50	9.9999999392253E-9
503.00	6.932319962516E-8
503.50	2.2315999714806E-8
504.00	1.0520199822395E-8
504.50	3.7945500963588E-8
505.00	5.3734698468588E-8
505.50	7.0506096960798E-8
506.00	3.9926298711634E-8
506.50	9.9999999392253E-9
507.00	5.0603098600277E-8
507.50	1.272390015572E-8
508.00	7.0574898813902E-8
508.50	2.0154500290914E-8
509.00	5.8127200830427E-9
509.50	3.2315798925708E-9
510.00	9.9999999392253E-9
510.50	1.049060038838E-8
511.00	9.9999999392253E-9
511.50	1.4469200282363E-9
512.00	8.7342996835105E-8
512.50	1.5131499608856E-8
513.00	8.1864399703591E-9
513.50	2.1615999656888E-8
514.00	9.9999999392253E-9
514.50	4.1094001090869E-8
515.00	3.9463898815484E-8
515.50	4.3469000843288E-8
516.00	1.2543599492432E-9
516.50	5.4942699279081E-8
517.00	3.1126599964182E-8
517.50	3.605800102946E-8
518.00	9.9999999392253E-9
518.50	9.9999999392253E-9
519.00	2.5393099178928E-8
519.50	1.2959899819975E-8
520.00	1.228710022616E-8
520.50	4.0826900971069E-8
521.00	2.7741199559728E-8
521.50	2.1419099383024E-8
522.00	4.2213500250909E-8
522.50	9.9999999392253E-9
523.00	1.2721099729163E-8
523.50	9.9999999392253E-9
524.00	3.6273799963737E-8
524.50	5.6698699069102E-8
525.00	1.4313600082971E-8
525.50	8.5605300625957E-9
526.00	4.1856999644097E-8
526.50	2.0894999508414E-8
527.00	5.7498699135294E-8
527.50	2.6594899615873E-9
528.00	8.8708000944848E-9
528.50	2.9969299930599E-8
529.00	3.0111298343627E-8
529.50	9.9999999392253E-9
530.00	1.0911699988014E-8
530.50	9.9999999392253E-9
531.00	9.9999999392253E-9
531.50	5.972029981649E-8
532.00	4.5876600296424E-8
532.50	4.9879300689781E-9
533.00	4.8516998418791E-8
533.50	3.6194300889747E-9
534.00	1.2654000158818E-7
534.50	9.4410602002881E-8
535.00	2.1544200023982E-7
535.50	3.6975998796152E-7
536.00	8.6062601667436E-7
536.50	1.5567900391034E-6
537.00	3.5482200928527E-6
537.50	9.0722196546267E-6
538.00	2.6620000426192E-5
538.50	8.5049803601578E-5
539.00	0.0003010299988091
539.50	0.0012262800009921
540.00	0.0063561201095581
540.50	0.039918798953295
541.00	0.18618699908257
541.50	0.49315598607063
542.00	0.79569500684738
542.50	0.92932999134064
543.00	0.95537000894547
543.50	0.96265202760696
544.00	0.97017902135849
544.50	0.97109401226044
545.00	0.9679359793663
545.50	0.96605598926544
546.00	0.96769100427628
546.50	0.9694219827652
547.00	0.96925902366638
547.50	0.97118800878525
548.00	0.96986997127533
548.50	0.97105801105499
549.00	0.97153002023697
549.50	0.97062301635742
550.00	0.96872198581696
550.50	0.96493500471115
551.00	0.95379900932312
551.50	0.91894799470901
552.00	0.76692998409271
552.50	0.35904398560524
553.00	0.17284999787807
553.50	0.020287200808525
554.00	0.0068804300390184
554.50	0.0015045199543238
555.00	0.00039967300835997
555.50	0.00012340099783614
556.00	3.9686998206889E-5
556.50	1.4473300325335E-5
557.00	6.015220151312E-6
557.50	2.4427599782939E-6
558.00	1.2739400290229E-6
558.50	6.4161201862589E-7
559.00	3.1132398703448E-7
559.50	1.9561500153031E-7
560.00	8.5962902574011E-8
560.50	9.957219937462E-9
561.00	6.1326602462941E-8
561.50	6.3410602990643E-8
562.00	3.7471899361208E-8
562.50	1.0018600171691E-8
563.00	3.7288899079613E-8
563.50	9.9999999392253E-9
564.00	4.0858498806529E-8
564.50	6.7613998844251E-9
565.00	5.4105399271975E-8
565.50	5.6840498530164E-8
566.00	3.7262900320911E-8
566.50	1.2850800423791E-8
567.00	4.5148201621714E-8
567.50	4.4649500097194E-8
568.00	6.1180600141597E-8
568.50	1.2246900382706E-8
569.00	9.9999999392253E-9
569.50	2.6472600112015E-8
570.00	1.0236999692381E-8
570.50	8.6508098462446E-9
571.00	9.9999999392253E-9
571.50	9.9999999392253E-9
572.00	9.9999999392253E-9
572.50	1.2988800257574E-8
573.00	9.9999999392253E-9
573.50	8.7259799386175E-8
574.00	6.7282400095792E-8
574.50	1.0375200254487E-8
575.00	6.8319202739531E-8
575.50	9.099119679945E-9
576.00	9.4587797150325E-8
576.50	9.9999999392253E-9
577.00	9.9999999392253E-9
577.50	9.9999999392253E-9
578.00	9.9999999392253E-9
578.50	7.5074602534642E-8
579.00	2.721379921411E-8
579.50	1.1148499901026E-9
580.00	1.4717399743347E-8
580.50	2.680310018377E-8
581.00	7.4775403646754E-9
581.50	9.9999999392253E-9
582.00	9.9999999392253E-9
582.50	9.9999999392253E-9
583.00	9.9999999392253E-9
583.50	1.8358399245244E-8
584.00	2.1862499366421E-8
584.50	5.0861599376617E-9
585.00	9.9999999392253E-9
585.50	3.3300200374953E-9
586.00	2.3255900316599E-8
586.50	9.9999999392253E-9
587.00	9.0992102741438E-9
587.50	1.179089981207E-8
588.00	1.9799999861903E-8
588.50	1.1913500408411E-8
589.00	1.1971099667107E-8
589.50	4.3322598841655E-9
590.00	9.9999999392253E-9
590.50	3.395010139684E-8
591.00	2.4502400108872E-8
591.50	9.9999999392253E-9
592.00	9.9999999392253E-9
592.50	1.2120800363391E-8
593.00	9.9999999392253E-9
593.50	1.4420700189532E-8
594.00	1.1144299705279E-8
594.50	2.6753600224083E-8
595.00	1.0092500168923E-8
595.50	3.9929499706659E-8
596.00	9.9999999392253E-9
596.50	1.2071799559976E-8
597.00	9.9999999392253E-9
597.50	9.9999999392253E-9
598.00	9.9999999392253E-9
598.50	9.9999999392253E-9
599.00	5.9662397244864E-10
599.50	2.1083099710495E-8
600.00	9.9999999392253E-9
600.50	9.9999999392253E-9
601.00	9.9999999392253E-9
601.50	2.7298600713266E-8
602.00	1.2878600408328E-8
602.50	1.8204399765409E-8
603.00	1.3666100251442E-8
603.50	9.9999999392253E-9
604.00	9.9999999392253E-9
604.50	9.9999999392253E-9
605.00	9.9999999392253E-9
605.50	7.5879897920572E-9
606.00	9.9999999392253E-9
606.50	2.8730299916901E-8
607.00	1.3942299537106E-9
607.50	2.008339983206E-8
608.00	9.9999999392253E-9
608.50	2.4491299654983E-8
609.00	2.7734699870052E-8
609.50	5.2652499249461E-8
610.00	3.797579850584E-8
610.50	8.3393096872442E-9
611.00	4.0403801193634E-8
611.50	9.9999999392253E-9
612.00	9.9999999392253E-9
612.50	9.9999999392253E-9
613.00	9.9999999392253E-9
613.50	9.3812095869339E-9
614.00	4.7934101132796E-8
614.50	2.0321399674117E-8
615.00	1.2290199968845E-8
615.50	3.3892899153898E-8
616.00	5.5811599786182E-9
616.50	4.7885798437619E-8
617.00	5.1079599217019E-8
617.50	7.5505603547299E-8
618.00	2.4479799520805E-8
618.50	9.7854297109734E-8
619.00	7.0907599791781E-9
619.50	6.9583300899012E-8
620.00	2.2978799307793E-8
620.50	9.6054897369413E-9
621.00	2.0330299221882E-8
621.50	9.9999999392253E-9
622.00	9.9999999392253E-9
622.50	9.9999999392253E-9
623.00	9.9999999392253E-9
623.50	9.9999999392253E-9
624.00	9.9999999392253E-9
624.50	1.879119970738E-8
625.00	9.9999999392253E-9
625.50	6.9268000224554E-9
626.00	9.9999999392253E-9
626.50	9.9999999392253E-9
627.00	2.1680499617815E-9
627.50	9.9999999392253E-9
628.00	9.9999999392253E-9
628.50	3.6625699806336E-8
629.00	2.0140099366017E-8
629.50	3.6058500629821E-9
630.00	9.9999999392253E-9
630.50	9.9999999392253E-9
631.00	2.6875799363779E-8
631.50	9.9999999392253E-9
632.00	9.9999999392253E-9
632.50	9.9999999392253E-9
633.00	9.9999999392253E-9
633.50	9.9999999392253E-9
634.00	9.9999999392253E-9
634.50	3.5648499707719E-9
635.00	4.4697198831045E-8
635.50	7.6431199147464E-9
636.00	9.9999999392253E-9
636.50	9.9999999392253E-9
637.00	9.9999999392253E-9
637.50	9.9999999392253E-9
638.00	9.9999999392253E-9
638.50	9.9999999392253E-9
639.00	2.4896300576671E-9
639.50	9.9999999392253E-9
640.00	2.1595500498961E-8
640.50	9.9999999392253E-9
641.00	9.9999999392253E-9
641.50	2.4334800841075E-9
642.00	9.9999999392253E-9
642.50	9.9999999392253E-9
643.00	9.9999999392253E-9
643.50	9.9999999392253E-9
644.00	9.9999999392253E-9
644.50	9.9999999392253E-9
645.00	1.2141599725624E-8
645.50	2.6415499121413E-8
646.00	9.9999999392253E-9
646.50	9.9999999392253E-9
647.00	9.9999999392253E-9
647.50	2.3188999165313E-8
648.00	9.9999999392253E-9
648.50	9.9999999392253E-9
649.00	9.9999999392253E-9
649.50	9.9999999392253E-9
650.00	3.3386701403515E-8
650.50	3.5819098798129E-8
651.00	1.101370017409E-7
651.50	4.5213099042485E-8
652.00	9.9999999392253E-9
652.50	9.9999999392253E-9
653.00	9.9999999392253E-9
653.50	1.5553100141119E-8
654.00	1.9123000072341E-8
654.50	2.7626999354879E-8
655.00	1.1762399942938E-8
655.50	4.1176200227255E-9
656.00	1.4744699683433E-8
656.50	7.0128102436229E-8
657.00	1.7188600054396E-7
657.50	1.61962006473E-7
658.00	6.9522498868935E-9
658.50	3.5155199640258E-8
659.00	9.9999999392253E-9
659.50	9.9999999392253E-9
660.00	9.9999999392253E-9
660.50	2.1593900001449E-8
661.00	9.9999999392253E-9
661.50	9.9999999392253E-9
662.00	9.9999999392253E-9
662.50	9.9999999392253E-9
663.00	2.0502000097622E-9
663.50	8.7708800222686E-9
664.00	9.9999999392253E-9
664.50	9.9999999392253E-9
665.00	9.9999999392253E-9
665.50	3.2328099308643E-8
666.00	8.0595100371283E-8
666.50	1.5686100596213E-7
667.00	2.9907201337664E-7
667.50	2.0306599424202E-7
668.00	5.2926100835293E-8
668.50	1.262559976567E-7
669.00	1.8893599573744E-8
669.50	9.9999999392253E-9
670.00	3.3422999479171E-8
670.50	9.9999999392253E-9
671.00	3.0237099934993E-8
671.50	9.9999999392253E-9
672.00	3.5162099010222E-8
672.50	9.7331795956279E-9
673.00	5.8824500825949E-8
673.50	1.2018399608849E-8
674.00	4.8019000331578E-8
674.50	8.2229398401523E-8
675.00	1.5819300358544E-7
675.50	2.3005600269244E-7
676.00	4.85815007778E-7
676.50	7.8059701991151E-7
677.00	5.7920800600186E-7
677.50	2.4800800701996E-7
678.00	1.2408099792083E-7
678.50	1.6732199981107E-7
679.00	1.9771900383603E-7
679.50	2.6467799330021E-7
680.00	9.9999999392253E-9
680.50	9.9999999392253E-9
681.00	9.9999999392253E-9
681.50	9.9999999392253E-9
682.00	9.9999999392253E-9
682.50	9.9999999392253E-9
683.00	9.9999999392253E-9
683.50	9.9999999392253E-9
684.00	5.9637397953338E-7
684.50	3.4606898680067E-7
685.00	9.7061601422865E-8
685.50	9.9999999392253E-9
686.00	9.9999999392253E-9
686.50	9.9999999392253E-9
687.00	9.9999999392253E-9
687.50	9.9999999392253E-9
688.00	9.9999999392253E-9
688.50	9.9999999392253E-9
689.00	1.4773399925616E-6
689.50	8.3833901953767E-7
690.00	1.99016994884E-7
690.50	9.9999999392253E-9
691.00	9.9999999392253E-9
691.50	9.9999999392253E-9
692.00	9.9999999392253E-9
692.50	9.9999999392253E-9
693.00	7.3278999934701E-7
693.50	9.9999999392253E-9
694.00	9.9999999392253E-9
694.50	9.9999999392253E-9
695.00	9.9999999392253E-9
695.50	2.1704599362238E-7
696.00	5.0712799293251E-7
696.50	2.3671600501984E-7
697.00	9.9999999392253E-9
697.50	9.9999999392253E-9
698.00	9.9999999392253E-9
698.50	9.9999999392253E-9
699.00	9.9999999392253E-9
699.50	9.9999999392253E-9
700.00	9.9999999392253E-9
700.50	9.9999999392253E-9
701.00	9.9999999392253E-9
701.50	9.9999999392253E-9
702.00	9.9999999392253E-9
702.50	9.9999999392253E-9
703.00	9.9999999392253E-9
703.50	9.9999999392253E-9
704.00	9.9999999392253E-9
704.50	9.9999999392253E-9
705.00	2.7336699304215E-7
705.50	9.9999999392253E-9
706.00	9.9999999392253E-9
706.50	3.8227298659876E-7
707.00	1.563809973959E-6
707.50	1.023209961204E-6
708.00	4.8030102561825E-7
708.50	9.9999999392253E-9
709.00	9.9999999392253E-9
709.50	9.9999999392253E-9
710.00	9.9999999392253E-9
710.50	9.9999999392253E-9
711.00	9.9999999392253E-9
711.50	9.9999999392253E-9
712.00	9.9999999392253E-9
712.50	9.9999999392253E-9
713.00	9.9999999392253E-9
713.50	9.9999999392253E-9
714.00	9.9999999392253E-9
714.50	9.9999999392253E-9
715.00	9.9999999392253E-9
715.50	9.9999999392253E-9
716.00	9.9999999392253E-9
716.50	9.9999999392253E-9
717.00	1.8643899579729E-7
717.50	9.9999999392253E-9
718.00	9.9999999392253E-9
718.50	9.9999999392253E-9
719.00	9.9999999392253E-9
719.50	9.9999999392253E-9
720.00	9.9999999392253E-9
720.50	9.9999999392253E-9
721.00	9.9999999392253E-9
721.50	9.9999999392253E-9
722.00	9.9999999392253E-9
722.50	9.9999999392253E-9
723.00	9.9999999392253E-9
723.50	9.9999999392253E-9
724.00	9.9999999392253E-9
724.50	9.9999999392253E-9
725.00	9.9999999392253E-9
725.50	9.9999999392253E-9
726.00	9.9999999392253E-9
726.50	9.9999999392253E-9
727.00	9.9999999392253E-9
727.50	9.9999999392253E-9
728.00	9.9999999392253E-9
728.50	9.9999999392253E-9
729.00	2.3630499867977E-7
729.50	1.9243499593813E-7
730.00	1.481109990209E-7
730.50	9.9999999392253E-9
731.00	9.9999999392253E-9
731.50	9.9999999392253E-9
732.00	9.9999999392253E-9
732.50	9.9999999392253E-9
733.00	9.9999999392253E-9
733.50	9.9999999392253E-9
734.00	1.8622900199716E-7
734.50	9.9999999392253E-9
735.00	9.9999999392253E-9
735.50	9.9999999392253E-9
736.00	9.9999999392253E-9
736.50	9.9999999392253E-9
737.00	9.9999999392253E-9
737.50	9.9999999392253E-9
738.00	9.9999999392253E-9
738.50	9.9999999392253E-9
739.00	9.9999999392253E-9
739.50	2.3017399541914E-7
740.00	7.8868697528378E-7
740.50	4.1305600007036E-7
741.00	3.473540033383E-8
741.50	9.9999999392253E-9
742.00	9.9999999392253E-9
742.50	9.9999999392253E-9
743.00	9.9999999392253E-9
743.50	9.9999999392253E-9
744.00	1.1137100131009E-7
744.50	9.9999999392253E-9
745.00	9.9999999392253E-9
745.50	1.0466300182088E-7
746.00	1.3165999916964E-6
746.50	9.9999999392253E-9
747.00	9.9999999392253E-9
747.50	9.9999999392253E-9
748.00	9.9999999392253E-9
748.50	9.9999999392253E-9
749.00	1.8436300024405E-6
749.50	1.7443400111006E-6
750.00	1.6442400010419E-6
750.50	9.9999999392253E-9
751.00	9.9999999392253E-9
751.50	9.9999999392253E-9
752.00	9.9999999392253E-9
752.50	9.9999999392253E-9
753.00	9.9999999392253E-9
753.50	9.9999999392253E-9
754.00	9.9999999392253E-9
754.50	9.9999999392253E-9
755.00	1.1603799521254E-6
755.50	9.9999999392253E-9
756.00	9.9999999392253E-9
756.50	9.9999999392253E-9
757.00	9.9999999392253E-9
757.50	9.9999999392253E-9
758.00	9.9999999392253E-9
758.50	9.9999999392253E-9
759.00	9.9999999392253E-9
759.50	9.9999999392253E-9
760.00	9.9999999392253E-9
760.50	9.9999999392253E-9
761.00	9.9999999392253E-9
761.50	9.9999999392253E-9
762.00	9.9999999392253E-9
762.50	9.9999999392253E-9
763.00	8.4061099414612E-8
763.50	9.9999999392253E-9
764.00	9.9999999392253E-9
764.50	9.9999999392253E-9
765.00	9.9999999392253E-9
765.50	9.9999999392253E-9
766.00	9.9999999392253E-9
766.50	9.9999999392253E-9
767.00	9.9999999392253E-9
767.50	9.9999999392253E-9
768.00	9.9999999392253E-9
768.50	9.9999999392253E-9
769.00	9.9999999392253E-9
769.50	9.9999999392253E-9
770.00	9.9999999392253E-9
770.50	9.9999999392253E-9
771.00	9.9999999392253E-9
771.50	1.8485100383714E-7
772.00	5.1821200486302E-7
772.50	9.9999999392253E-9
773.00	9.9999999392253E-9
773.50	9.9999999392253E-9
774.00	9.9999999392253E-9
774.50	9.9999999392253E-9
775.00	9.9999999392253E-9
775.50	9.9999999392253E-9
776.00	9.9999999392253E-9
776.50	9.9999999392253E-9
777.00	9.9999999392253E-9
777.50	9.9999999392253E-9
778.00	9.9999999392253E-9
778.50	4.5310599716686E-7
779.00	1.8703700561673E-6
779.50	9.9999999392253E-9
780.00	9.9999999392253E-9
780.50	9.9999999392253E-9
781.00	9.9999999392253E-9
781.50	9.9999999392253E-9
782.00	9.9999999392253E-9
782.50	9.9999999392253E-9
783.00	9.9999999392253E-9
783.50	9.9999999392253E-9
784.00	9.9999999392253E-9
784.50	9.9999999392253E-9
785.00	9.9999999392253E-9
785.50	9.9999999392253E-9
786.00	9.9999999392253E-9
786.50	9.9999999392253E-9
787.00	9.9999999392253E-9
787.50	9.9999999392253E-9
788.00	9.9999999392253E-9
788.50	9.9999999392253E-9
789.00	9.9999999392253E-9
789.50	9.9999999392253E-9
790.00	6.018329941071E-7
790.50	9.9999999392253E-9
791.00	9.9999999392253E-9
791.50	9.9999999392253E-9
792.00	9.9999999392253E-9
792.50	9.9999999392253E-9
793.00	9.9999999392253E-9
793.50	9.9999999392253E-9
794.00	9.9999999392253E-9
794.50	9.9999999392253E-9
795.00	9.9999999392253E-9
795.50	9.9999999392253E-9
796.00	9.9999999392253E-9
796.50	9.9999999392253E-9
797.00	9.9999999392253E-9
797.50	9.9999999392253E-9
798.00	9.9999999392253E-9
798.50	9.9999999392253E-9
799.00	9.9999999392253E-9
799.50	9.9999999392253E-9
800.00	9.9999999392253E-9
800.50	9.9999999392253E-9
801.00	9.9999999392253E-9
801.50	9.9999999392253E-9
802.00	9.9999999392253E-9
802.50	9.9999999392253E-9
803.00	9.9999999392253E-9
803.50	9.9999999392253E-9
804.00	9.9999999392253E-9
804.50	9.9999999392253E-9
805.00	9.9999999392253E-9
805.50	9.9999999392253E-9
806.00	8.3145698681619E-7
806.50	9.9999999392253E-9
807.00	9.9999999392253E-9
807.50	9.9999999392253E-9
808.00	9.9999999392253E-9
808.50	9.9999999392253E-9
809.00	1.2973699767826E-6
809.50	9.9999999392253E-9
810.00	9.9999999392253E-9
810.50	9.9999999392253E-9
811.00	9.9999999392253E-9
811.50	7.710850127296E-7
812.00	1.8640599819264E-6
812.50	9.3317498794931E-7
813.00	1.73183001273E-9
813.50	9.9999999392253E-9
814.00	9.9999999392253E-9
814.50	9.9999999392253E-9
815.00	9.9999999392253E-9
815.50	2.4586199742771E-7
816.00	1.0704800388339E-6
816.50	9.9999999392253E-9
817.00	9.9999999392253E-9
817.50	9.9999999392253E-9
818.00	1.0193999742114E-6
818.50	1.2960100548298E-6
819.00	1.5718800341347E-6
819.50	2.1574099662303E-7
820.00	9.9999999392253E-9
820.50	9.9999999392253E-9
821.00	9.9999999392253E-9
821.50	9.9999999392253E-9
822.00	7.9877600001055E-7
822.50	3.7552700860033E-7
823.00	9.9999999392253E-9
823.50	9.0201700686521E-7
824.00	1.8519300510889E-6
824.50	1.2583899433594E-6
825.00	6.6457101866035E-7
825.50	8.9158601213057E-7
826.00	1.1176699672433E-6
826.50	1.5602199709974E-6
827.00	2.0062200292159E-6
827.50	1.7798699900595E-6
828.00	1.5525999970123E-6
828.50	1.3112500028001E-6
829.00	1.0706399962146E-6
829.50	1.396609945914E-6
830.00	1.723789978314E-6
830.50	9.9999999392253E-9
831.00	9.9999999392253E-9
831.50	9.9999999392253E-9
832.00	9.9999999392253E-9
832.50	1.4390199964964E-7
833.00	1.0405000239189E-6
833.50	9.9999999392253E-9
834.00	9.9999999392253E-9
834.50	9.9999999392253E-9
835.00	9.9999999392253E-9
835.50	9.9999999392253E-9
836.00	9.9999999392253E-9
836.50	9.9999999392253E-9
837.00	1.0536000445427E-6
837.50	1.0263900094287E-6
838.00	9.992189689001E-7
838.50	9.9999999392253E-9
839.00	9.9999999392253E-9
839.50	9.9999999392253E-9
840.00	9.9999999392253E-9
840.50	9.9999999392253E-9
841.00	9.9999999392253E-9
841.50	9.9999999392253E-9
842.00	8.1872798318727E-8
842.50	9.9999999392253E-9
843.00	9.9999999392253E-9
843.50	9.9999999392253E-9
844.00	9.9999999392253E-9
844.50	8.5594700749425E-7
845.00	2.0375700842123E-6
845.50	4.506609911914E-7
846.00	9.9999999392253E-9
846.50	9.9999999392253E-9
847.00	9.9999999392253E-9
847.50	9.9999999392253E-9
848.00	1.0562799843683E-6
848.50	9.9999999392253E-9
849.00	9.9999999392253E-9
849.50	9.9999999392253E-9
850.00	9.9999999392253E-9
850.50	9.9999999392253E-9
851.00	4.2996899196623E-7
851.50	9.9999999392253E-9
852.00	9.9999999392253E-9
852.50	9.9999999392253E-9
853.00	2.586529888049E-7
853.50	3.2607201205792E-7
854.00	3.9318300082414E-7
854.50	9.9999999392253E-9
855.00	9.9999999392253E-9
855.50	9.9999999392253E-9
856.00	5.6542802440163E-7
856.50	4.7083298682082E-7
857.00	3.7608998582073E-7
857.50	9.9999999392253E-9
858.00	9.9999999392253E-9
858.50	9.9999999392253E-9
859.00	9.9999999392253E-9
859.50	9.9999999392253E-9
860.00	9.9999999392253E-9
860.50	9.9999999392253E-9
861.00	5.0368902293485E-7
861.50	7.0037600607975E-7
862.00	8.9790802348944E-7
862.50	2.0553600279527E-6
863.00	3.2113300676428E-6
863.50	1.3930599607193E-6
864.00	9.9999999392253E-9
864.50	9.9999999392253E-9
865.00	9.9999999392253E-9
865.50	1.4115700253114E-7
866.00	1.420570015398E-6
866.50	2.3327599762979E-7
867.00	9.9999999392253E-9
867.50	9.6741700872371E-8
868.00	1.1508300303831E-6
868.50	8.479270263706E-7
869.00	5.4543198757528E-7
869.50	8.8389901975461E-7
870.00	1.2231699884069E-6
870.50	9.9999999392253E-9
871.00	9.9999999392253E-9
871.50	9.9999999392253E-9
872.00	1.0889300483541E-6
872.50	9.9999999392253E-9
873.00	9.9999999392253E-9
873.50	9.9999999392253E-9
874.00	9.9999999392253E-9
874.50	9.9999999392253E-9
875.00	9.9999999392253E-9
875.50	9.9999999392253E-9
876.00	9.9999999392253E-9
876.50	2.960929919027E-7
877.00	8.8316801338806E-7
877.50	9.9999999392253E-9
878.00	9.9999999392253E-9
878.50	9.9999999392253E-9
879.00	9.9999999392253E-9
879.50	9.9999999392253E-9
880.00	9.9999999392253E-9
880.50	4.532269883839E-7
881.00	1.51380004354E-6
881.50	1.0807799526447E-6
882.00	6.4861200144151E-7
882.50	9.9999999392253E-9
883.00	9.9999999392253E-9
883.50	9.9999999392253E-9
884.00	1.1853300065923E-6
884.50	1.2162099665147E-6
885.00	1.247020009032E-6
885.50	1.7555800013724E-6
886.00	2.2660199192615E-6
886.50	2.7990499802399E-6
887.00	3.3321200589853E-6
887.50	2.4924599983933E-6
888.00	1.6559399682592E-6
888.50	1.6968699583231E-6
889.00	1.7378799839207E-6
889.50	3.749289874122E-7
890.00	9.9999999392253E-9
890.50	2.6059899482789E-7
891.00	1.5091900422703E-6
891.50	9.9999999392253E-9
892.00	9.9999999392253E-9
892.50	9.9999999392253E-9
893.00	9.9999999392253E-9
893.50	9.9999999392253E-9
894.00	9.9999999392253E-9
894.50	9.9999999392253E-9
895.00	9.9999999392253E-9
895.50	9.9999999392253E-9
896.00	9.9999999392253E-9
896.50	9.9999999392253E-9
897.00	9.9999999392253E-9
897.50	9.9999999392253E-9
898.00	9.9999999392253E-9
898.50	9.9999999392253E-9
899.00	9.9999999392253E-9
899.50	9.9999999392253E-9
900.00	9.9999999392253E-9
900.50	9.9999999392253E-9
901.00	9.9999999392253E-9
901.50	1.0753700152577E-8
902.00	5.3335600114224E-7
902.50	9.9999999392253E-9
903.00	9.9999999392253E-9
903.50	8.1842399524135E-9
904.00	1.7651000234764E-6
904.50	8.1557999465076E-7
905.00	9.9999999392253E-9
905.50	9.9999999392253E-9
906.00	9.9999999392253E-9
906.50	9.9999999392253E-9
907.00	8.8176301460408E-7
907.50	1.2847799553128E-6
908.00	1.688919951448E-6
908.50	1.196100015477E-6
909.00	7.0145500785657E-7
909.50	7.7969201583983E-7
910.00	8.5807698724238E-7
910.50	5.3079401141076E-7
911.00	2.0360799624086E-7
911.50	3.5107299822812E-7
912.00	4.9834699211715E-7
912.50	6.0684499203489E-7
913.00	7.1522799771628E-7
913.50	7.7723899494231E-7
914.00	8.3946400764034E-7
914.50	9.9999999392253E-9
915.00	9.9999999392253E-9
915.50	9.9999999392253E-9
916.00	9.9999999392253E-9
916.50	9.9999999392253E-9
917.00	9.9999999392253E-9
917.50	9.9999999392253E-9
918.00	9.9999999392253E-9
918.50	9.9999999392253E-9
919.00	9.9999999392253E-9
919.50	1.2099100388241E-7
920.00	1.5754500282128E-6
920.50	9.6378403213748E-7
921.00	3.5247100527158E-7
921.50	9.9999999392253E-9
922.00	9.9999999392253E-9
922.50	9.9999999392253E-9
923.00	1.8600300677463E-7
923.50	9.9999999392253E-9
924.00	9.9999999392253E-9
924.50	9.9999999392253E-9
925.00	9.9999999392253E-9
925.50	9.9999999392253E-9
926.00	9.9999999392253E-9
926.50	9.9999999392253E-9
927.00	9.9999999392253E-9
927.50	9.9999999392253E-9
928.00	9.9999999392253E-9
928.50	3.3554101719346E-8
929.00	3.0854300803185E-7
929.50	9.9999999392253E-9
930.00	9.9999999392253E-9
930.50	9.9999999392253E-9
931.00	9.9999999392253E-9
931.50	9.9999999392253E-9
932.00	9.9999999392253E-9
932.50	9.9999999392253E-9
933.00	9.9999999392253E-9
933.50	9.9999999392253E-9
934.00	9.9999999392253E-9
934.50	9.9999999392253E-9
935.00	9.9999999392253E-9
935.50	5.2990901622252E-7
936.00	2.9689099392272E-6
936.50	1.5764900354043E-6
937.00	1.8725400252606E-7
937.50	9.9999999392253E-9
938.00	9.9999999392253E-9
938.50	9.9999999392253E-9
939.00	9.9999999392253E-9
939.50	9.9999999392253E-9
940.00	9.9999999392253E-9
940.50	9.9999999392253E-9
941.00	1.1157900416947E-6
941.50	9.6490600753896E-7
942.00	8.1307399568686E-7
942.50	9.9999999392253E-9
943.00	9.9999999392253E-9
943.50	9.9999999392253E-9
944.00	9.9999999392253E-9
944.50	9.9999999392253E-9
945.00	9.9999999392253E-9
945.50	9.9999999392253E-9
946.00	3.409380155972E-8
946.50	9.9999999392253E-9
947.00	9.9999999392253E-9
947.50	9.9999999392253E-9
948.00	4.103719959403E-7
948.50	5.3986798320693E-7
949.00	6.698550123474E-7
949.50	8.1918102523559E-7
950.00	9.6884105005302E-7
950.50	9.9999999392253E-9
951.00	9.9999999392253E-9
951.50	9.9999999392253E-9
952.00	9.9999999392253E-9
952.50	9.9999999392253E-9
953.00	9.9999999392253E-9
953.50	9.9999999392253E-9
954.00	9.9999999392253E-9
954.50	9.9999999392253E-9
955.00	9.9999999392253E-9
955.50	9.9999999392253E-9
956.00	9.9999999392253E-9
956.50	9.9999999392253E-9
957.00	9.9999999392253E-9
957.50	9.9999999392253E-9
958.00	4.3952500305977E-8
958.50	1.9908900128485E-7
959.00	3.5434800338408E-7
959.50	9.9999999392253E-9
960.00	9.9999999392253E-9
960.50	9.9999999392253E-9
961.00	9.9999999392253E-9
961.50	2.9131200562915E-8
962.00	3.4149300631725E-7
962.50	2.5989399432547E-7
963.00	1.7811200336837E-7
963.50	1.0355299764342E-6
964.00	1.8978099660671E-6
964.50	1.0355699942011E-7
965.00	9.9999999392253E-9
965.50	9.9999999392253E-9
966.00	9.9999999392253E-9
966.50	9.9999999392253E-9
967.00	9.9999999392253E-9
967.50	9.9999999392253E-9
968.00	9.9999999392253E-9
968.50	9.9999999392253E-9
969.00	9.9999999392253E-9
969.50	9.9999999392253E-9
970.00	9.9999999392253E-9
970.50	9.9999999392253E-9
971.00	6.5085401956821E-7
971.50	1.4291200223226E-8
972.00	9.9999999392253E-9
972.50	9.9999999392253E-9
973.00	1.6485799392285E-7
973.50	2.5570901129868E-7
974.00	3.4732599374365E-7
974.50	9.9999999392253E-9
975.00	9.9999999392253E-9
975.50	9.9999999392253E-9
976.00	9.9999999392253E-9
976.50	9.9999999392253E-9
977.00	9.9999999392253E-9
977.50	9.9999999392253E-9
978.00	9.9999999392253E-9
978.50	9.9999999392253E-9
979.00	9.9999999392253E-9
979.50	9.9999999392253E-9
980.00	9.9999999392253E-9
980.50	9.9999999392253E-9
981.00	9.9999999392253E-9
981.50	9.9999999392253E-9
982.00	1.2271999594304E-6
982.50	1.6280399677271E-6
983.00	2.0292300177971E-6
983.50	9.0792298124143E-7
984.00	9.9999999392253E-9
984.50	9.9999999392253E-9
985.00	9.9999999392253E-9
985.50	9.9999999392253E-9
986.00	9.9999999392253E-9
986.50	9.9999999392253E-9
987.00	9.9999999392253E-9
987.50	9.9999999392253E-9
988.00	3.5588999480751E-7
988.50	9.9999999392253E-9
989.00	9.9999999392253E-9
989.50	9.9999999392253E-9
990.00	9.9999999392253E-9
990.50	3.2362800084229E-7
991.00	1.0824500122908E-6
991.50	9.9999999392253E-9
992.00	9.9999999392253E-9
992.50	9.9999999392253E-9
993.00	9.9999999392253E-9
993.50	9.9999999392253E-9
994.00	9.9999999392253E-9
994.50	4.0209599205809E-7
995.00	2.6400700789964E-6
995.50	1.343350049865E-6
996.00	4.769360018031E-8
996.50	9.9999999392253E-9
997.00	9.9999999392253E-9
997.50	9.9999999392253E-9
998.00	6.0156702375025E-7
998.50	1.1908999653087E-7
999.00	9.9999999392253E-9
999.50	9.9999999392253E-9
1000.00	9.9999999392253E-9
1000.50	9.9999999392253E-9
1001.00	9.9999999392253E-9
1001.50	3.673200055232E-8
1002.00	1.5414700555993E-6
1002.50	6.125220153308E-8
1003.00	9.9999999392253E-9
1003.50	9.9999999392253E-9
1004.00	9.9999999392253E-9
1004.50	9.9999999392253E-9
1005.00	7.6150297445565E-7
1005.50	7.3587997917457E-8
1006.00	9.9999999392253E-9
1006.50	9.9999999392253E-9
1007.00	9.9999999392253E-9
1007.50	9.9999999392253E-9
1008.00	9.9999999392253E-9
1008.50	9.9999999392253E-9
1009.00	1.9286099472993E-7
1009.50	9.9999999392253E-9
1010.00	9.9999999392253E-9
1010.50	9.9999999392253E-9
1011.00	9.9999999392253E-9
1011.50	9.9999999392253E-9
1012.00	9.9999999392253E-9
1012.50	1.6139699710038E-7
1013.00	1.3719800335821E-6
1013.50	9.9999999392253E-9
1014.00	9.9999999392253E-9
1014.50	9.9999999392253E-9
1015.00	1.6604599295533E-7
1015.50	9.9999999392253E-9
1016.00	9.9999999392253E-9
1016.50	9.9999999392253E-9
1017.00	9.9999999392253E-9
1017.50	1.0401200256638E-7
1018.00	1.0212800134468E-6
1018.50	8.8384297214361E-7
1019.00	7.4603997290978E-7
1019.50	4.3196700971748E-7
1020.00	1.194249961145E-7
1020.50	9.9999999392253E-9
1021.00	9.9999999392253E-9
1021.50	9.9999999392253E-9
1022.00	9.9999999392253E-9
1022.50	9.9999999392253E-9
1023.00	9.9999999392253E-9
1023.50	9.9999999392253E-9
1024.00	9.9999999392253E-9
1024.50	9.9999999392253E-9
1025.00	9.9999999392253E-9
1025.50	9.9999999392253E-9
1026.00	9.9999999392253E-9
1026.50	9.9999999392253E-9
1027.00	9.9999999392253E-9
1027.50	9.9999999392253E-9
1028.00	9.9999999392253E-9
1028.50	9.9999999392253E-9
1029.00	9.9999999392253E-9
1029.50	9.9999999392253E-9
1030.00	9.9999999392253E-9
1030.50	9.9999999392253E-9
1031.00	9.9999999392253E-9
1031.50	9.9999999392253E-9
1032.00	3.4179601016149E-7
1032.50	9.9999999392253E-9
1033.00	9.9999999392253E-9
1033.50	9.9999999392253E-9
1034.00	9.9999999392253E-9
1034.50	9.9999999392253E-9
1035.00	9.9999999392253E-9
1035.50	9.9999999392253E-9
1036.00	9.9999999392253E-9
1036.50	9.9999999392253E-9
1037.00	9.9999999392253E-9
1037.50	2.4980900548144E-7
1038.00	1.2022300097669E-6
1038.50	8.3992898680663E-7
1039.00	4.8049702172648E-7
1039.50	9.9999999392253E-9
1040.00	9.9999999392253E-9
1040.50	9.9999999392253E-9
1041.00	1.0465699915585E-6
1041.50	1.5094900618351E-7
1042.00	9.9999999392253E-9
1042.50	9.9999999392253E-9
1043.00	9.9999999392253E-9
1043.50	9.9999999392253E-9
1044.00	9.9999999392253E-9
1044.50	9.9999999392253E-9
1045.00	9.9999999392253E-9
1045.50	9.9999999392253E-9
1046.00	9.9999999392253E-9
1046.50	9.9999999392253E-9
1047.00	9.9999999392253E-9
1047.50	9.9999999392253E-9
1048.00	9.9999999392253E-9
1048.50	9.9999999392253E-9
1049.00	9.9999999392253E-9
1049.50	5.1331801387278E-7
1050.00	1.2351099485386E-6
1050.50	9.9999999392253E-9
1051.00	9.9999999392253E-9
1051.50	9.9999999392253E-9
1052.00	9.9999999392253E-9
1052.50	9.9999999392253E-9
1053.00	9.9999999392253E-9
1053.50	4.6362299599423E-7
1054.00	1.293199943575E-6
1054.50	9.9999999392253E-9
1055.00	9.9999999392253E-9
1055.50	9.9999999392253E-9
1056.00	9.9999999392253E-9
1056.50	5.7508697182129E-7
1057.00	1.6555700312892E-6
1057.50	9.9999999392253E-9
1058.00	9.9999999392253E-9
1058.50	9.9999999392253E-9
1059.00	9.9999999392253E-9
1059.50	9.9999999392253E-9
1060.00	4.4413599908921E-8
1060.50	9.9999999392253E-9
1061.00	9.9999999392253E-9
1061.50	9.9999999392253E-9
1062.00	9.9999999392253E-9
1062.50	9.9999999392253E-9
1063.00	9.9999999392253E-9
1063.50	9.9999999392253E-9
1064.00	9.9999999392253E-9
1064.50	9.9999999392253E-9
1065.00	3.2145001114259E-6
1065.50	6.3560497665094E-7
1066.00	9.9999999392253E-9
1066.50	9.9999999392253E-9
1067.00	9.9999999392253E-9
1067.50	9.9999999392253E-9
1068.00	9.9999999392253E-9
1068.50	9.9999999392253E-9
1069.00	9.9999999392253E-9
1069.50	9.9999999392253E-9
1070.00	9.9999999392253E-9
1070.50	9.9999999392253E-9
1071.00	4.3130299332006E-7
1071.50	9.9999999392253E-9
1072.00	9.9999999392253E-9
1072.50	4.0897401021311E-8
1073.00	6.3972402131185E-7
1073.50	2.3150799677296E-7
1074.00	9.9999999392253E-9
1074.50	9.9999999392253E-9
1075.00	9.9999999392253E-9
1075.50	9.9999999392253E-9
1076.00	9.9999999392253E-9
1076.50	9.9999999392253E-9
1077.00	9.9999999392253E-9
1077.50	9.9999999392253E-9
1078.00	9.9999999392253E-9
1078.50	9.9999999392253E-9
1079.00	9.9999999392253E-9
1079.50	9.9999999392253E-9
1080.00	9.9999999392253E-9
1080.50	7.0030802135079E-7
1081.00	2.6148700271733E-6
1081.50	1.6977400036922E-6
1082.00	7.7129197961767E-7
1082.50	1.7394800124748E-6
1083.00	2.7087698981632E-6
1083.50	2.2007100142218E-6
1084.00	1.6989799860312E-6
1084.50	1.781710011528E-6
1085.00	1.8649800495041E-6
1085.50	2.1491400730156E-6
1086.00	2.4372300231335E-6
1086.50	2.7827099984279E-6
1087.00	3.1247600418283E-6
1087.50	3.7432400858961E-6
1088.00	4.3598001866485E-6
1088.50	3.1434099128091E-6
1089.00	1.9108899778075E-6
1089.50	2.1995599581714E-6
1090.00	2.486450057404E-6
1090.50	1.8280900349055E-6
1091.00	1.1762299436668E-6
1091.50	3.2975898989207E-7
1092.00	9.9999999392253E-9
1092.50	9.4631201363882E-7
1093.00	2.4057098926278E-6
1093.50	8.2309600202279E-7
1094.00	9.9999999392253E-9
1094.50	9.9999999392253E-9
1095.00	1.5479000126106E-7
1095.50	9.9999999392253E-9
1096.00	9.9999999392253E-9
1096.50	8.4770300645687E-7
1097.00	2.3578299988003E-6
1097.50	8.6086100736793E-7
1098.00	9.9999999392253E-9
1098.50	1.1922400062758E-6
1099.00	3.0049000088184E-6
1099.50	2.3945599423314E-6
1100.00	1.7723799601299E-6
1100.50	1.587990027474E-6
1101.00	1.4069700000618E-6
1101.50	1.4941399513191E-6
1102.00	1.5826800563445E-6
1102.50	1.0962600072162E-7
1103.00	9.9999999392253E-9
1103.50	9.9999999392253E-9
1104.00	1.2144299716965E-6
1104.50	1.5524100263065E-6
1105.00	1.891100055218E-6
1105.50	8.8012697574413E-8
1106.00	9.9999999392253E-9
1106.50	9.9999999392253E-9
1107.00	9.9999999392253E-9
1107.50	9.9999999392253E-9
1108.00	9.9999999392253E-9
1108.50	5.9193399692958E-7
1109.00	1.4126500218481E-6
1109.50	1.2499400554589E-6
1110.00	1.0903700058407E-6
1110.50	3.3443399161115E-7
1111.00	9.9999999392253E-9
1111.50	1.4921499769116E-6
1112.00	3.3909100238816E-6
1112.50	2.4049099920376E-6
1113.00	1.3971699672766E-6
1113.50	3.1050399229571E-6
1114.00	4.7814000936341E-6
1114.50	4.1404500734643E-6
1115.00	3.4895699627668E-6
1115.50	2.8816000394727E-6
1116.00	2.2822200662631E-6
1116.50	1.8526000076236E-6
1117.00	1.4153099527903E-6
1117.50	2.2463200366474E-6
1118.00	3.0656099170301E-6
1118.50	2.7381900054024E-6
1119.00	2.4063299406407E-6
1119.50	4.6345799091796E-6
1120.00	6.8243798523326E-6
1120.50	5.5976001931413E-6
1121.00	4.348120000941E-6
1121.50	4.010570137325E-6
1122.00	3.6768399240827E-6
1122.50	5.0625599214982E-6
1123.00	6.4696801018727E-6
1123.50	5.3689500418841E-6
1124.00	4.2807700992853E-6
1124.50	4.5400802264339E-6
1125.00	4.8029801291705E-6
1125.50	5.4959400586085E-6
1126.00	6.1805299083062E-6
1126.50	5.5911700655997E-6
1127.00	4.9977597882389E-6
1127.50	6.7195501287642E-6
1128.00	8.4465800682665E-6
1128.50	8.2659698819043E-6
1129.00	8.0876798165264E-6
1129.50	6.9746502049384E-6
1130.00	5.8422701840755E-6
1130.50	7.0120499913173E-6
1131.00	8.1675098044798E-6
1131.50	8.337049621332E-6
1132.00	8.5070296336198E-6
1132.50	8.9443901742925E-6
1133.00	9.3876597020426E-6
1133.50	9.2625696197501E-6
1134.00	9.1395104391268E-6
1134.50	1.1407400052121E-5
1135.00	1.3720299648412E-5
1135.50	1.3392400433077E-5
1136.00	1.3066400242678E-5
1136.50	1.3872199815523E-5
1137.00	1.4667600225948E-5
1137.50	1.5266099580913E-5
1138.00	1.5879499187577E-5
1138.50	1.7128799299826E-5
1139.00	1.8363200069871E-5
1139.50	1.8952599930344E-5
1140.00	1.9538900232874E-5
1140.50	2.2495200028061E-5
1141.00	2.549979944888E-5
1141.50	2.579760075605E-5
1142.00	2.6094799977727E-5
1142.50	2.8805900001316E-5
1143.00	3.1474999559578E-5
1143.50	3.5919998481404E-5
1144.00	4.0463401091984E-5
1144.50	4.42741002189E-5
1145.00	4.8079800762935E-5
1145.50	5.2105398935964E-5
1146.00	5.6066699471558E-5
1146.50	6.3172497902997E-5
1147.00	7.0356698415708E-5
1147.50	7.8578399552498E-5
1148.00	8.6887601355556E-5
1148.50	9.4488503236789E-5
1149.00	0.0001019470000756
1149.50	0.0001118329964811
1150.00	0.00012173200229881
1150.50	0.00013417999434751
1151.00	0.00014685299538542
1151.50	0.00015917299606372
1152.00	0.00017151799693238
1152.50	0.00018087099306285
1153.00	0.00019005899957847
1153.50	0.00020124900038354
1154.00	0.00021252100123093
1154.50	0.00022141600493342
1155.00	0.00023042000248097
1155.50	0.00022961599461269
1156.00	0.00022881900076754
1156.50	0.0002259269967908
1157.00	0.00022305900347419
1157.50	0.0002222180046374
1158.00	0.0002213749976363
1158.50	0.00021765999554191
1159.00	0.00021387900051195
1159.50	0.00020808599947486
1160.00	0.00020229599613231
1160.50	0.00019732299551833
1161.00	0.0001924130046973
1161.50	0.00018734199693426
1162.00	0.00018229099805467
1162.50	0.00017909299640451
1163.00	0.000175852997927
1163.50	0.00017594300152268
1164.00	0.00017603300511837
1164.50	0.00017351600399707
1165.00	0.0001710170035949
1165.50	0.00016829199739732
1166.00	0.00016560799849685
1166.50	0.00016671400226187
1167.00	0.00016782000602689
1167.50	0.00016897000023164
1168.00	0.00017013199976645
1168.50	0.00017199000285473
1169.00	0.00017387300613336
1169.50	0.00017673100228421
1170.00	0.00017958199896384
1170.50	0.00018331299361307
1171.00	0.00018699800421018
1171.50	0.00018973600526806
1172.00	0.00019246200099587
1172.50	0.00020013100584038
1173.00	0.00020786200184375
1173.50	0.00021583300258499
1174.00	0.00022382999304682
1174.50	0.00023238599533215
1175.00	0.00024108099751174
1175.50	0.00025254799402319
1176.00	0.00026395299937576
1176.50	0.00027536100242287
1177.00	0.00028669901075773
1177.50	0.00029949299641885
1178.00	0.00031212600879371
1178.50	0.00033056800020859
1179.00	0.00034900801256299
1179.50	0.00037149499985389
1180.00	0.00039400599780492
1180.50	0.00042007598676719
1181.00	0.00044636501115747
1181.50	0.00048195899580605
1182.00	0.00051798700587824
1182.50	0.00056086602853611
1183.00	0.00060403498355299
1183.50	0.00065313902450725
1184.00	0.00070217100437731
1184.50	0.00076533597894013
1185.00	0.00082828901940957
1185.50	0.00090565998107195
1186.00	0.00098322203848511
1186.50	0.0010764800244942
1187.00	0.0011691099498421
1187.50	0.0012916499981657
1188.00	0.0014129800256342
1188.50	0.0015672199660912
1189.00	0.0017215400002897
1189.50	0.0019268300384283
1190.00	0.0021323401015252
1190.50	0.002393479924649
1191.00	0.0026541899424046
1191.50	0.0030049600172788
1192.00	0.0033565100748092
1192.50	0.003816660027951
1193.00	0.0042774798348546
1193.50	0.0048663699999452
1194.00	0.0054557300172746
1194.50	0.0062801497988403
1195.00	0.0071107698604465
1195.50	0.0081635201349854
1196.00	0.0092178797349334
1196.50	0.01056329999119
1197.00	0.011908800341189
1197.50	0.01375349983573
1198.00	0.01561180036515
1198.50	0.017826600000262
1199.00	0.020047299563885
1199.50	0.022884100675583
1200.00	0.025749800726771
