400.000	0.000
401.000	0.000
402.000	0.000
403.000	0.000
404.000	0.000
405.000	0.000
406.000	0.000
407.000	0.000
408.000	0.000
409.000	0.000
410.000	0.000
411.000	0.004
412.000	0.026
413.000	0.054
414.000	0.112
415.000	0.196
416.000	0.264
417.000	0.358
418.000	0.483
419.000	0.542
420.000	0.559
421.000	0.566
422.000	0.557
423.000	0.566
424.000	0.586
425.000	0.674
426.000	0.695
427.000	0.704
428.000	0.675
429.000	0.647
430.000	0.646
431.000	0.677
432.000	0.706
433.000	0.726
434.000	0.718
435.000	0.692
436.000	0.502
437.000	0.355
438.000	0.210
439.000	0.170
440.000	0.147
441.000	0.136
442.000	0.139
443.000	0.147
444.000	0.158
445.000	0.192
446.000	0.251
447.000	0.367
448.000	0.521
449.000	0.671
450.000	0.806
451.000	0.828
452.000	0.830
453.000	0.822
454.000	0.813
455.000	0.804
456.000	0.801
457.000	0.804
458.000	0.852
459.000	0.871
460.000	0.877
461.000	0.871
462.000	0.856
463.000	0.816
464.000	0.802
465.000	0.798
466.000	0.804
467.000	0.855
468.000	0.871
469.000	0.862
470.000	0.753
471.000	0.643
472.000	0.641
473.000	0.655
474.000	0.717
475.000	0.753
476.000	0.747
477.000	0.739
478.000	0.589
479.000	0.466
480.000	0.332
481.000	0.175
482.000	0.068
483.000	0.037
484.000	0.023
485.000	0.014
486.000	0.007
487.000	0.000
488.000	0.000
489.000	0.000
490.000	0.000
491.000	0.000
492.000	0.000
493.000	0.000
494.000	0.000
495.000	0.000
496.000	0.000
497.000	0.000
498.000	0.000
499.000	0.000
500.000	0.000
501.000	0.000
502.000	0.000
503.000	0.000
504.000	0.001
505.000	0.005
506.000	0.009
507.000	0.013
508.000	0.052
509.000	0.176
510.000	0.324
511.000	0.470
512.000	0.585
513.000	0.697
514.000	0.789
515.000	0.812
516.000	0.813
517.000	0.807
518.000	0.778
519.000	0.747
520.000	0.738
521.000	0.756
522.000	0.821
523.000	0.873
524.000	0.910
525.000	0.918
526.000	0.918
527.000	0.914
528.000	0.908
529.000	0.909
530.000	0.911
531.000	0.914
532.000	0.916
533.000	0.919
534.000	0.922
535.000	0.923
536.000	0.923
537.000	0.923
538.000	0.923
539.000	0.922
540.000	0.916
541.000	0.911
542.000	0.907
543.000	0.905
544.000	0.903
545.000	0.907
546.000	0.913
547.000	0.919
548.000	0.922
549.000	0.916
550.000	0.904
551.000	0.884
552.000	0.775
553.000	0.664
554.000	0.567
555.000	0.459
556.000	0.350
557.000	0.243
558.000	0.143
559.000	0.089
560.000	0.081
561.000	0.073
562.000	0.067
563.000	0.061
564.000	0.056
565.000	0.053
566.000	0.051
567.000	0.051
568.000	0.051
569.000	0.051
570.000	0.051
571.000	0.051
572.000	0.054
573.000	0.057
574.000	0.060
575.000	0.064
576.000	0.069
577.000	0.075
578.000	0.081
579.000	0.093
580.000	0.106
581.000	0.134
582.000	0.272
583.000	0.369
584.000	0.466
585.000	0.556
586.000	0.639
587.000	0.712
588.000	0.781
589.000	0.847
590.000	0.868
591.000	0.875
592.000	0.870
593.000	0.861
594.000	0.843
595.000	0.821
596.000	0.799
597.000	0.778
598.000	0.759
599.000	0.756
600.000	0.756
601.000	0.765
602.000	0.781
603.000	0.804
604.000	0.828
605.000	0.853
606.000	0.877
607.000	0.895
608.000	0.912
609.000	0.924
610.000	0.927
611.000	0.925
612.000	0.919
613.000	0.914
614.000	0.908
615.000	0.902
616.000	0.896
617.000	0.890
618.000	0.883
619.000	0.875
620.000	0.873
621.000	0.875
622.000	0.878
623.000	0.880
624.000	0.883
625.000	0.891
626.000	0.898
627.000	0.905
628.000	0.911
629.000	0.916
630.000	0.922
631.000	0.923
632.000	0.923
633.000	0.923
634.000	0.923
635.000	0.923
636.000	0.923
637.000	0.923
638.000	0.921
639.000	0.918
640.000	0.915
641.000	0.913
642.000	0.910
643.000	0.907
644.000	0.904
645.000	0.898
646.000	0.890
647.000	0.882
648.000	0.874
649.000	0.866
650.000	0.842
651.000	0.817
652.000	0.793
653.000	0.769
654.000	0.746
655.000	0.723
656.000	0.700
657.000	0.677
658.000	0.654
659.000	0.625
660.000	0.597
661.000	0.570
662.000	0.546
663.000	0.522
664.000	0.498
665.000	0.474
666.000	0.451
667.000	0.435
668.000	0.419
669.000	0.403
670.000	0.387
671.000	0.376
672.000	0.371
673.000	0.365
674.000	0.362
675.000	0.361
676.000	0.359
677.000	0.362
678.000	0.364
679.000	0.366
680.000	0.369
681.000	0.376
682.000	0.385
683.000	0.394
684.000	0.403
685.000	0.418
686.000	0.450
687.000	0.482
688.000	0.519
689.000	0.559
690.000	0.599
691.000	0.646
692.000	0.694
693.000	0.742
694.000	0.790
695.000	0.828
696.000	0.849
697.000	0.870
698.000	0.886
699.000	0.899
700.000	0.913
701.000	0.000
702.000	0.000
703.000	0.000
704.000	0.000
705.000	0.000
706.000	0.000
707.000	0.000
708.000	0.000
709.000	0.000
710.000	0.000
711.000	0.000
712.000	0.000
713.000	0.000
714.000	0.000
715.000	0.000
716.000	0.000
717.000	0.000
718.000	0.000
719.000	0.000
720.000	0.000
721.000	0.000
722.000	0.000
723.000	0.000
724.000	0.000
725.000	0.000
726.000	0.000
727.000	0.000
728.000	0.000
729.000	0.000
730.000	0.000
731.000	0.000
732.000	0.000
733.000	0.000
734.000	0.000
735.000	0.000
736.000	0.000
737.000	0.000
738.000	0.000
739.000	0.000
740.000	0.000
741.000	0.000
742.000	0.000
743.000	0.000
744.000	0.000
745.000	0.000
746.000	0.000
747.000	0.000
748.000	0.000
749.000	0.000
750.000	0.000
751.000	0.000
752.000	0.000
753.000	0.000
754.000	0.000
755.000	0.000
756.000	0.000
757.000	0.000
758.000	0.000
759.000	0.000
760.000	0.000
761.000	0.000
762.000	0.000
763.000	0.000
764.000	0.000
765.000	0.000
766.000	0.000
767.000	0.000
768.000	0.000
769.000	0.000
770.000	0.000
771.000	0.000
772.000	0.000
773.000	0.000
774.000	0.000
775.000	0.000
776.000	0.000
777.000	0.000
778.000	0.000
779.000	0.000
780.000	0.000
781.000	0.000
782.000	0.000
783.000	0.000
784.000	0.000
785.000	0.000
786.000	0.000
787.000	0.000
788.000	0.000
789.000	0.000
790.000	0.000
791.000	0.000
792.000	0.000
793.000	0.000
794.000	0.000
795.000	0.000
796.000	0.000
797.000	0.000
798.000	0.000
799.000	0.000
800.000	0.000
