Typical Measured Spectrum of Semrock FF505/606-Di01 Optical Filter	
For wavelengths between 320 and 1120 nm, values near or below 3e-7 (Optical Density 6.5) are measurement noise limited.
For wavelengths < 320 nm and > 1120 nm, values near or below 3e-6 (Optical Density 5.5) are measurement noise limited. 
Data format:  Wavelength (nm) <tab> Transmission (0 to 1)
270.0	0.00497
270.2	0.00501
270.4	0.00505
270.6	0.0051
270.8	0.00514
271.0	0.00518
271.2	0.00522
271.4	0.00527
271.6	0.00531
271.8	0.00536
272.0	0.0054
272.2	0.00545
272.4	0.00549
272.6	0.00554
272.8	0.00558
273.0	0.00546
273.2	0.00533
273.4	0.00521
273.6	0.00509
273.8	0.00498
274.0	0.00487
274.2	0.00476
274.4	0.00465
274.6	0.00454
274.8	0.00444
275.0	0.00434
275.2	0.00418
275.4	0.00403
275.6	0.00389
275.8	0.00374
276.0	0.00361
276.2	0.00348
276.4	0.00335
276.6	0.00323
276.8	0.00312
277.0	0.00317
277.2	0.00322
277.4	0.00327
277.6	0.00332
277.8	0.00338
278.0	0.00343
278.2	0.00348
278.4	0.00354
278.6	0.0036
278.8	0.00365
279.0	0.00371
279.2	0.00377
279.4	0.00383
279.6	0.00389
279.8	0.00395
280.0	0.00397
280.2	0.00399
280.4	0.00401
280.6	0.00403
280.8	0.00405
281.0	0.00408
281.2	0.0041
281.4	0.00412
281.6	0.00414
281.8	0.00416
282.0	0.00418
282.2	0.00421
282.4	0.00423
282.6	0.00425
282.8	0.00428
283.0	0.00431
283.2	0.00435
283.4	0.00439
283.6	0.00443
283.8	0.00447
284.0	0.0045
284.2	0.00454
284.4	0.00458
284.6	0.00462
284.8	0.00466
285.0	0.0047
285.2	0.00474
285.4	0.00478
285.6	0.00482
285.8	0.00488
286.0	0.00494
286.2	0.00501
286.4	0.00507
286.6	0.00514
286.8	0.00521
287.0	0.00528
287.2	0.00535
287.4	0.00542
287.6	0.00549
287.8	0.00556
288.0	0.00564
288.2	0.00571
288.4	0.00579
288.6	0.00587
288.8	0.00594
289.0	0.00601
289.2	0.00609
289.4	0.00616
289.6	0.00624
289.8	0.00632
290.0	0.00639
290.2	0.00647
290.4	0.00655
290.6	0.00664
290.8	0.00672
291.0	0.0068
291.2	0.00688
291.4	0.00697
291.6	0.00706
291.8	0.00706
292.0	0.00704
292.2	0.00701
292.4	0.00699
292.6	0.00697
292.8	0.00695
293.0	0.00693
293.2	0.00691
293.4	0.00689
293.6	0.00687
293.8	0.00685
294.0	0.00682
294.2	0.0068
294.4	0.00678
294.6	0.00676
294.8	0.00674
295.0	0.00672
295.2	0.00645
295.4	0.00596
295.6	0.00562
295.8	0.00533
296.0	0.00514
296.2	0.00512
296.4	0.0051
296.6	0.00507
296.8	0.00508
297.0	0.00513
297.2	0.00532
297.4	0.00544
297.6	0.00552
297.8	0.00551
298.0	0.00573
298.2	0.00594
298.4	0.00656
298.6	0.00717
298.8	0.00789
299.0	0.00836
299.2	0.00867
299.4	0.00875
299.6	0.00843
299.8	0.00817
300.0	0.00791
300.2	0.00771
300.4	0.00768
300.6	0.00742
300.8	0.00782
301.0	0.00805
301.2	0.00845
301.4	0.00902
301.6	0.00998
301.8	0.01137
302.0	0.01337
302.2	0.0159
302.4	0.01818
302.6	0.01965
302.8	0.02098
303.0	0.02152
303.2	0.02189
303.4	0.023
303.6	0.02557
303.8	0.03037
304.0	0.03868
304.2	0.05141
304.4	0.06859
304.6	0.08884
304.8	0.10678
305.0	0.10092
305.2	0.09905
305.4	0.11431
305.6	0.12433
305.8	0.1322
306.0	0.14113
306.2	0.15064
306.4	0.15755
306.6	0.1551
306.8	0.14075
307.0	0.11562
307.2	0.08321
307.4	0.0535
307.6	0.0326
307.8	0.02105
308.0	0.01506
308.2	0.01241
308.4	0.011
308.6	0.01023
308.8	0.01005
309.0	0.00969
309.2	0.01008
309.4	0.01001
309.6	0.01039
309.8	0.01096
310.0	0.01151
310.2	0.01211
310.4	0.01331
310.6	0.01494
310.8	0.01663
311.0	0.01878
311.2	0.02181
311.4	0.02778
311.6	0.03644
311.8	0.04807
312.0	0.06114
312.2	0.07149
312.4	0.07554
312.6	0.07105
312.8	0.06115
313.0	0.04788
313.2	0.03619
313.4	0.02823
313.6	0.02384
313.8	0.02201
314.0	0.02087
314.2	0.02056
314.4	0.02092
314.6	0.02191
314.8	0.02459
315.0	0.02974
315.2	0.03811
315.4	0.04843
315.6	0.05677
315.8	0.06125
316.0	0.06214
316.2	0.05853
316.4	0.04978
316.6	0.03953
316.8	0.03064
317.0	0.02486
317.2	0.02106
317.4	0.01912
317.6	0.01828
317.8	0.01797
318.0	0.018
318.2	0.01832
318.4	0.0189
318.6	0.02009
318.8	0.02229
319.0	0.02572
319.2	0.0307
319.4	0.03851
319.6	0.04745
319.8	0.05573
320.0	0.0619
320.2	0.06596
320.4	0.06683
320.6	0.06496
320.8	0.06196
321.0	0.05956
321.2	0.05991
321.4	0.06439
321.6	0.07504
321.8	0.09199
322.0	0.1155
322.2	0.14022
322.4	0.16229
322.6	0.18222
322.8	0.19879
323.0	0.21182
323.2	0.21891
323.4	0.22054
323.6	0.22059
323.8	0.22496
324.0	0.23824
324.2	0.26089
324.4	0.29627
324.6	0.34093
324.8	0.38199
325.0	0.4022
325.2	0.40087
325.4	0.37771
325.6	0.33422
325.8	0.27638
326.0	0.21721
326.2	0.17153
326.4	0.14326
326.6	0.13109
326.8	0.12913
327.0	0.13595
327.2	0.15289
327.4	0.17938
327.6	0.21616
327.8	0.26412
328.0	0.32198
328.2	0.3833
328.4	0.44185
328.6	0.49139
328.8	0.52417
329.0	0.53887
329.2	0.53164
329.4	0.50749
329.6	0.47246
329.8	0.43201
330.0	0.38951
330.2	0.34799
330.4	0.30859
330.6	0.27353
330.8	0.24108
331.0	0.21241
331.2	0.18847
331.4	0.16953
331.6	0.1563
331.8	0.14791
332.0	0.1448
332.2	0.14706
332.4	0.15514
332.6	0.16967
332.8	0.19277
333.0	0.22364
333.2	0.2632
333.4	0.30775
333.6	0.35253
333.8	0.39082
334.0	0.41651
334.2	0.42631
334.4	0.41959
334.6	0.39832
334.8	0.36449
335.0	0.3258
335.2	0.28807
335.4	0.25614
335.6	0.23112
335.8	0.21347
336.0	0.20306
336.2	0.19785
336.4	0.19772
336.6	0.20349
336.8	0.2161
337.0	0.23784
337.2	0.27263
337.4	0.32165
337.6	0.38024
337.8	0.43805
338.0	0.48179
338.2	0.5023
338.4	0.4994
338.6	0.47305
338.8	0.42517
339.0	0.35844
339.2	0.28523
339.4	0.21932
339.6	0.16966
339.8	0.13497
340.0	0.1119
340.2	0.09716
340.4	0.08851
340.6	0.08389
340.8	0.08215
341.0	0.08257
341.2	0.08488
341.4	0.08828
341.6	0.09305
341.8	0.09728
342.0	0.10117
342.2	0.10387
342.4	0.10518
342.6	0.10462
342.8	0.10269
343.0	0.09987
343.2	0.09651
343.4	0.0933
343.6	0.09066
343.8	0.09049
344.0	0.09222
344.2	0.09729
344.4	0.10617
344.6	0.12084
344.8	0.14181
345.0	0.1678
345.2	0.19466
345.4	0.21884
345.6	0.23514
345.8	0.24323
346.0	0.24022
346.2	0.22714
346.4	0.20445
346.6	0.17576
346.8	0.14543
347.0	0.11968
347.2	0.09944
347.4	0.08528
347.6	0.07584
347.8	0.06978
348.0	0.06624
348.2	0.06519
348.4	0.06562
348.6	0.06792
348.8	0.07203
349.0	0.07835
349.2	0.08698
349.4	0.09916
349.6	0.11599
349.8	0.1386
350.0	0.16903
350.2	0.2082
350.4	0.25707
350.6	0.31057
350.8	0.3646
351.0	0.41359
351.2	0.45082
351.4	0.46932
351.6	0.4731
351.8	0.46003
352.0	0.43099
352.2	0.39293
352.4	0.35083
352.6	0.31152
352.8	0.27826
353.0	0.25086
353.2	0.22876
353.4	0.21199
353.6	0.19973
353.8	0.19128
354.0	0.1862
354.2	0.18455
354.4	0.18658
354.6	0.19252
354.8	0.20287
355.0	0.21968
355.2	0.2433
355.4	0.27653
355.6	0.31943
355.8	0.37444
356.0	0.43641
356.2	0.49944
356.4	0.55456
356.6	0.59596
356.8	0.61651
357.0	0.61633
357.2	0.59591
357.4	0.55695
357.6	0.50343
357.8	0.44098
358.0	0.38131
358.2	0.32972
358.4	0.2882
358.6	0.25675
358.8	0.23412
359.0	0.21975
359.2	0.21167
359.4	0.20854
359.6	0.21072
359.8	0.21751
360.0	0.22936
360.2	0.24606
360.4	0.26877
360.6	0.29656
360.8	0.32907
361.0	0.36173
361.2	0.39194
361.4	0.41649
361.6	0.43313
361.8	0.44149
362.0	0.4376
362.2	0.42375
362.4	0.40272
362.6	0.37652
362.8	0.35038
363.0	0.3255
363.2	0.30404
363.4	0.2882
363.6	0.27794
363.8	0.27209
364.0	0.2706
364.2	0.27472
364.4	0.28416
364.6	0.29807
364.8	0.31846
365.0	0.34422
365.2	0.37689
365.4	0.41592
365.6	0.45862
365.8	0.50657
366.0	0.55749
366.2	0.6054
366.4	0.65196
366.6	0.69574
366.8	0.73151
367.0	0.76226
367.2	0.78305
367.4	0.80054
367.6	0.8127
367.8	0.81903
368.0	0.8233
368.2	0.8244
368.4	0.82473
368.6	0.82515
368.8	0.82627
369.0	0.82386
369.2	0.82203
369.4	0.82012
369.6	0.81823
369.8	0.81491
370.0	0.81451
370.2	0.81559
370.4	0.81884
370.6	0.82218
370.8	0.8305
371.0	0.83993
371.2	0.8477
371.4	0.85665
371.6	0.86655
371.8	0.87489
372.0	0.88077
372.2	0.88433
372.4	0.88554
372.6	0.8846
372.8	0.88106
373.0	0.87572
373.2	0.86949
373.4	0.86284
373.6	0.85634
373.8	0.85113
374.0	0.84927
374.2	0.84603
374.4	0.8472
374.6	0.84856
374.8	0.8496
375.0	0.85178
375.2	0.85295
375.4	0.8529
375.6	0.85111
375.8	0.8448
376.0	0.83421
376.2	0.82057
376.4	0.80098
376.6	0.77685
376.8	0.74994
377.0	0.72086
377.2	0.68777
377.4	0.65247
377.6	0.61606
377.8	0.58132
378.0	0.54742
378.2	0.51282
378.4	0.48158
378.6	0.45244
378.8	0.42598
379.0	0.40132
379.2	0.38035
379.4	0.36131
379.6	0.34545
379.8	0.32988
380.0	0.31928
380.2	0.31018
380.4	0.30336
380.6	0.29885
380.8	0.29627
381.0	0.29502
381.2	0.29552
381.4	0.29756
381.6	0.29902
381.8	0.29923
382.0	0.30051
382.2	0.29917
382.4	0.29689
382.6	0.29228
382.8	0.28568
383.0	0.27681
383.2	0.26674
383.4	0.25529
383.6	0.24249
383.8	0.22961
384.0	0.21751
384.2	0.20622
384.4	0.19646
384.6	0.18788
384.8	0.18117
385.0	0.17622
385.2	0.17284
385.4	0.17107
385.6	0.172
385.8	0.17536
386.0	0.18016
386.2	0.18824
386.4	0.19999
386.6	0.21583
386.8	0.23654
387.0	0.26367
387.2	0.29926
387.4	0.34483
387.6	0.39797
387.8	0.45409
388.0	0.51247
388.2	0.56519
388.4	0.61128
388.6	0.6454
388.8	0.66441
389.0	0.67257
389.2	0.66417
389.4	0.64393
389.6	0.61122
389.8	0.57284
390.0	0.53236
390.2	0.4944
390.4	0.46136
390.6	0.432
390.8	0.41095
391.0	0.39471
391.2	0.38347
391.4	0.37653
391.6	0.37486
391.8	0.37672
392.0	0.38303
392.2	0.39271
392.4	0.40473
392.6	0.42063
392.8	0.43916
393.0	0.45861
393.2	0.47814
393.4	0.49963
393.6	0.51795
393.8	0.53548
394.0	0.55045
394.2	0.56321
394.4	0.57068
394.6	0.57577
394.8	0.57634
395.0	0.57387
395.2	0.56663
395.4	0.55614
395.6	0.54181
395.8	0.52641
396.0	0.50742
396.2	0.48782
396.4	0.46797
396.6	0.44667
396.8	0.42636
397.0	0.40599
397.2	0.38792
397.4	0.37032
397.6	0.35454
397.8	0.34111
398.0	0.33081
398.2	0.32212
398.4	0.31597
398.6	0.31421
398.8	0.31435
399.0	0.31805
399.2	0.32665
399.4	0.33863
399.6	0.35683
399.8	0.3803
400.0	0.40948
400.2	0.44601
400.4	0.48799
400.6	0.53486
400.8	0.58285
401.0	0.62976
401.2	0.67174
401.4	0.70742
401.6	0.73471
401.8	0.75271
402.0	0.76004
402.2	0.75713
402.4	0.74183
402.6	0.71804
402.8	0.68822
403.0	0.65456
403.2	0.61765
403.4	0.58292
403.6	0.54891
403.8	0.51734
404.0	0.49014
404.2	0.46497
404.4	0.44234
404.6	0.42481
404.8	0.40924
405.0	0.39694
405.2	0.38609
405.4	0.37873
405.6	0.37433
405.8	0.37108
406.0	0.36959
406.2	0.37116
406.4	0.37484
406.6	0.38232
406.8	0.39311
407.0	0.40936
407.2	0.43234
407.4	0.4606
407.6	0.49315
407.8	0.52744
408.0	0.56152
408.2	0.59058
408.4	0.61556
408.6	0.6352
408.8	0.6458
409.0	0.65
409.2	0.64421
409.4	0.62959
409.6	0.607
409.8	0.57893
410.0	0.54701
410.2	0.51163
410.4	0.47587
410.6	0.43981
410.8	0.40544
411.0	0.37127
411.2	0.33679
411.4	0.30394
411.6	0.27397
411.8	0.24685
412.0	0.22291
412.2	0.20251
412.4	0.18588
412.6	0.17235
412.8	0.16204
413.0	0.1542
413.2	0.14935
413.4	0.14751
413.6	0.1475
413.8	0.15057
414.0	0.15676
414.2	0.16622
414.4	0.18028
414.6	0.19842
414.8	0.22035
415.0	0.25615
415.2	0.28455
415.4	0.31212
415.6	0.33853
415.8	0.36286
416.0	0.38291
416.2	0.39903
416.4	0.41075
416.6	0.41841
416.8	0.42075
417.0	0.42066
417.2	0.41739
417.4	0.41444
417.6	0.41427
417.8	0.41563
418.0	0.4229
418.2	0.43412
418.4	0.45041
418.6	0.47095
418.8	0.49301
419.0	0.51379
419.2	0.53266
419.4	0.54892
419.6	0.56255
419.8	0.57297
420.0	0.57812
420.2	0.57884
420.4	0.57482
420.6	0.56556
420.8	0.55283
421.0	0.53843
421.2	0.52362
421.4	0.50597
421.6	0.48958
421.8	0.47205
422.0	0.45313
422.2	0.43326
422.4	0.41403
422.6	0.39478
422.8	0.37926
423.0	0.3673
423.2	0.36119
423.4	0.36216
423.6	0.37033
423.8	0.38492
424.0	0.4036
424.2	0.42363
424.4	0.44372
424.6	0.46232
424.8	0.47747
425.0	0.49873
425.2	0.51477
425.4	0.51917
425.6	0.52068
425.8	0.51819
426.0	0.514
426.2	0.50986
426.4	0.5055
426.6	0.50233
426.8	0.49881
427.0	0.49278
427.2	0.4846
427.4	0.47596
427.6	0.46337
427.8	0.44695
428.0	0.43026
428.2	0.41181
428.4	0.39373
428.6	0.37509
428.8	0.35833
429.0	0.3418
429.2	0.3269
429.4	0.31447
429.6	0.30349
429.8	0.29365
430.0	0.28461
430.2	0.27808
430.4	0.27056
430.6	0.26508
430.8	0.26016
431.0	0.25754
431.2	0.25887
431.4	0.26565
431.6	0.27498
431.8	0.28589
432.0	0.29392
432.2	0.29897
432.4	0.30053
432.6	0.29967
432.8	0.29691
433.0	0.29159
433.2	0.28552
433.4	0.27853
433.6	0.26963
433.8	0.26135
434.0	0.28075
434.2	0.27276
434.4	0.265
434.6	0.25627
434.8	0.24668
435.0	0.23746
435.2	0.23014
435.4	0.22305
435.6	0.21697
435.8	0.21183
436.0	0.20682
436.2	0.19999
436.4	0.19339
436.6	0.18467
436.8	0.17413
437.0	0.1642
437.2	0.14965
437.4	0.1364
437.6	0.12347
437.8	0.111
438.0	0.09979
438.2	0.09405
438.4	0.08863
438.6	0.08706
438.8	0.08913
439.0	0.09126
439.2	0.09706
439.4	0.10323
439.6	0.10889
439.8	0.11392
440.0	0.11918
440.2	0.12111
440.4	0.12307
440.6	0.12356
440.8	0.12255
441.0	0.12154
441.2	0.11909
441.4	0.11669
441.6	0.1149
441.8	0.11371
442.0	0.11252
442.2	0.11221
442.4	0.1119
442.6	0.11146
442.8	0.1109
443.0	0.11035
443.2	0.10836
443.4	0.1064
443.6	0.10245
443.8	0.09671
444.0	0.0913
444.2	0.08103
444.4	0.07191
444.6	0.063
444.8	0.05448
445.0	0.04711
445.2	0.04554
445.4	0.04401
445.6	0.04527
445.8	0.04956
446.0	0.05425
446.2	0.05963
446.4	0.06554
446.6	0.07033
446.8	0.07368
447.0	0.07718
447.2	0.07743
447.4	0.07768
447.6	0.07732
447.8	0.07636
448.0	0.07541
448.2	0.0749
448.4	0.07439
448.6	0.07404
448.8	0.07384
449.0	0.07365
449.2	0.07336
449.4	0.07307
449.6	0.07277
449.8	0.07247
450.0	0.07217
450.2	0.07066
450.4	0.06917
450.6	0.06568
450.8	0.06049
451.0	0.0557
451.2	0.04589
451.4	0.0378
451.6	0.02994
451.8	0.0228
452.0	0.01736
452.2	0.01436
452.4	0.01188
452.6	0.0105
452.8	0.00991
453.0	0.00935
453.2	0.00925
453.4	0.00916
453.6	0.00908
453.8	0.00902
454.0	0.00895
454.2	0.00883
454.4	0.0087
454.6	0.00858
454.8	0.00844
455.0	0.00831
455.2	0.00814
455.4	0.00797
455.6	0.0078
455.8	0.00762
456.0	0.00745
456.2	0.00725
456.4	0.00706
456.6	0.00683
456.8	0.00654
457.0	0.00627
457.2	0.00592
457.4	0.00559
457.6	0.00522
457.8	0.00483
458.0	0.00447
458.2	0.00406
458.4	0.00369
458.6	0.00334
458.8	0.003
459.0	0.0027
459.2	0.00264
459.4	0.00259
459.6	0.00262
459.8	0.00275
460.0	0.00288
460.2	0.00313
460.4	0.0034
460.6	0.0037
460.8	0.00405
461.0	0.00444
461.2	0.00478
461.4	0.00515
461.6	0.00549
461.8	0.00582
462.0	0.00617
462.2	0.00636
462.4	0.00656
462.6	0.00669
462.8	0.00676
463.0	0.00683
463.2	0.00688
463.4	0.00694
463.6	0.00699
463.8	0.00705
464.0	0.00711
464.2	0.00713
464.4	0.00715
464.6	0.00713
464.8	0.00708
465.0	0.00703
465.2	0.00692
465.4	0.00681
465.6	0.00667
465.8	0.00652
466.0	0.00636
466.2	0.00608
466.4	0.00581
466.6	0.00553
466.8	0.00525
467.0	0.00498
467.2	0.00482
467.4	0.00467
467.6	0.00461
467.8	0.00464
468.0	0.00466
468.2	0.00482
468.4	0.00499
468.6	0.00513
468.8	0.00526
469.0	0.00538
469.2	0.00547
469.4	0.00555
469.6	0.00561
469.8	0.00563
470.0	0.00566
470.2	0.00562
470.4	0.00558
470.6	0.00554
470.8	0.0055
471.0	0.00546
471.2	0.0054
471.4	0.00535
471.6	0.00528
471.8	0.0052
472.0	0.00512
472.2	0.005
472.4	0.00487
472.6	0.00471
472.8	0.00451
473.0	0.00432
473.2	0.00403
473.4	0.00376
473.6	0.00346
473.8	0.00315
474.0	0.00287
474.2	0.00265
474.4	0.00245
474.6	0.00231
474.8	0.00221
475.0	0.00212
475.2	0.00219
475.4	0.00227
475.6	0.00243
475.8	0.00268
476.0	0.00296
476.2	0.00327
476.4	0.00361
476.6	0.00393
476.8	0.00423
477.0	0.00454
477.2	0.0047
477.4	0.00487
477.6	0.00497
477.8	0.00501
478.0	0.00504
478.2	0.00509
478.4	0.00513
478.6	0.00514
478.8	0.00512
479.0	0.0051
479.2	0.00508
479.4	0.00505
479.6	0.00502
479.8	0.00498
480.0	0.00494
480.2	0.00486
480.4	0.00479
480.6	0.00471
480.8	0.00461
481.0	0.00452
481.2	0.00428
481.4	0.00405
481.6	0.00374
481.8	0.00335
482.0	0.00301
482.2	0.00249
482.4	0.00207
482.6	0.00168
482.8	0.00135
483.0	0.00108
483.2	9.4177e-04
483.4	8.2452e-04
483.6	7.2754e-04
483.8	6.47e-04
484.0	5.7538e-04
484.2	5.5571e-04
484.4	5.3671e-04
484.6	5.2625e-04
484.8	5.2385e-04
485.0	5.2145e-04
485.2	5.2187e-04
485.4	5.2229e-04
485.6	5.4e-04
485.8	5.7677e-04
486.0	6.1605e-04
486.2	6.4916e-04
486.4	6.8404e-04
486.6	7.4568e-04
486.8	8.4094e-04
487.0	9.4836e-04
487.2	0.00106
487.4	0.00118
487.6	0.00134
487.8	0.00156
488.0	0.00181
488.2	0.00215
488.4	0.00256
488.6	0.00294
488.8	0.00325
489.0	0.0036
489.2	0.0039
489.4	0.00423
489.6	0.0046
489.8	0.00501
490.0	0.00545
490.2	0.00572
490.4	0.00601
490.6	0.00626
490.8	0.00646
491.0	0.00667
491.2	0.00682
491.4	0.00699
491.6	0.00713
491.8	0.00724
492.0	0.00736
492.2	0.00744
492.4	0.00752
492.6	0.00762
492.8	0.00774
493.0	0.00787
493.2	0.00802
493.4	0.00818
493.6	0.00827
493.8	0.00829
494.0	0.00832
494.2	0.00842
494.4	0.00852
494.6	0.00852
494.8	0.00839
495.0	0.00827
495.2	0.0081
495.4	0.00794
495.6	0.00777
495.8	0.00761
496.0	0.00746
496.2	0.00741
496.4	0.00737
496.6	0.00742
496.8	0.00757
497.0	0.00771
497.2	0.00805
497.4	0.0084
497.6	0.00885
497.8	0.00943
498.0	0.01004
498.2	0.01102
498.4	0.01209
498.6	0.01337
498.8	0.0149
499.0	0.01661
499.2	0.01868
499.4	0.02101
499.6	0.02378
499.8	0.02709
500.0	0.03086
500.2	0.03525
500.4	0.04027
500.6	0.04596
500.8	0.05243
501.0	0.05981
501.2	0.06795
501.4	0.07719
501.6	0.08719
501.8	0.09792
502.0	0.10996
502.2	0.12205
502.4	0.13547
502.6	0.15
502.8	0.16567
503.0	0.18298
503.2	0.20084
503.4	0.22045
503.6	0.24125
503.8	0.26322
504.0	0.28718
504.2	0.31151
504.4	0.3379
504.6	0.3643
504.8	0.39039
505.0	0.41834
505.2	0.44405
505.4	0.47134
505.6	0.49806
505.8	0.52392
506.0	0.55112
506.2	0.57598
506.4	0.60197
506.6	0.62692
506.8	0.65062
507.0	0.67521
507.2	0.69724
507.4	0.71999
507.6	0.7412
507.8	0.76068
508.0	0.78068
508.2	0.79764
508.4	0.81497
508.6	0.83103
508.8	0.84573
509.0	0.86069
509.2	0.87288
509.4	0.88525
509.6	0.89596
509.8	0.90497
510.0	0.91407
510.2	0.91862
510.4	0.9232
510.6	0.92624
510.8	0.92774
511.0	0.92924
511.2	0.92975
511.4	0.93026
511.6	0.93084
511.8	0.93148
512.0	0.93211
512.2	0.93244
512.4	0.93277
512.6	0.93283
512.8	0.93261
513.0	0.93239
513.2	0.93286
513.4	0.93334
513.6	0.93342
513.8	0.93311
514.0	0.9328
514.2	0.9326
514.4	0.93239
514.6	0.93249
514.8	0.93289
515.0	0.93329
515.2	0.93849
515.4	0.9391
515.6	0.93917
515.8	0.93836
516.0	0.93807
516.2	0.93788
516.4	0.93426
516.6	0.93441
516.8	0.93464
517.0	0.93558
517.2	0.93559
517.4	0.93519
517.6	0.93307
517.8	0.93305
518.0	0.93399
518.2	0.93447
518.4	0.93483
518.6	0.93595
518.8	0.93666
519.0	0.93741
519.2	0.93861
519.4	0.9404
519.6	0.94208
519.8	0.94396
520.0	0.94413
520.2	0.94473
520.4	0.94599
520.6	0.94605
520.8	0.94557
521.0	0.9454
521.2	0.94581
521.4	0.94415
521.6	0.94426
521.8	0.9418
522.0	0.94033
522.2	0.94
522.4	0.93991
522.6	0.94084
522.8	0.93994
523.0	0.93985
523.2	0.93866
523.4	0.93735
523.6	0.93773
523.8	0.93712
524.0	0.93811
524.2	0.93844
524.4	0.93567
524.6	0.93647
524.8	0.93858
525.0	0.94184
525.2	0.9414
525.4	0.94093
525.6	0.941
525.8	0.93987
526.0	0.94127
526.2	0.94184
526.4	0.942
526.6	0.94142
526.8	0.9399
527.0	0.93989
527.2	0.94057
527.4	0.93672
527.6	0.93666
527.8	0.93731
528.0	0.93616
528.2	0.93569
528.4	0.93503
528.6	0.93752
528.8	0.93815
529.0	0.93982
529.2	0.93911
529.4	0.93829
529.6	0.93847
529.8	0.93768
530.0	0.93857
530.2	0.93817
530.4	0.93914
530.6	0.94174
530.8	0.94367
531.0	0.94407
531.2	0.94365
531.4	0.94343
531.6	0.94534
531.8	0.94648
532.0	0.94656
532.2	0.94548
532.4	0.94638
532.6	0.94482
532.8	0.94434
533.0	0.94397
533.2	0.94197
533.4	0.93934
533.6	0.93892
533.8	0.93947
534.0	0.93655
534.2	0.93721
534.4	0.93549
534.6	0.93712
534.8	0.93502
535.0	0.93536
535.2	0.93491
535.4	0.93198
535.6	0.93135
535.8	0.93091
536.0	0.93293
536.2	0.93381
536.4	0.93425
536.6	0.93307
536.8	0.93465
537.0	0.93606
537.2	0.93601
537.4	0.93818
537.6	0.93908
537.8	0.9401
538.0	0.93956
538.2	0.94022
538.4	0.94059
538.6	0.9423
538.8	0.9426
539.0	0.9426
539.2	0.94223
539.4	0.94504
539.6	0.94511
539.8	0.94566
540.0	0.944
540.2	0.94286
540.4	0.94342
540.6	0.9403
540.8	0.94079
541.0	0.94248
541.2	0.94292
541.4	0.9436
541.6	0.94471
541.8	0.94405
542.0	0.94369
542.2	0.94419
542.4	0.94193
542.6	0.94201
542.8	0.9434
543.0	0.94176
543.2	0.94121
543.4	0.94175
543.6	0.9405
543.8	0.94257
544.0	0.9422
544.2	0.94276
544.4	0.94384
544.6	0.94199
544.8	0.94196
545.0	0.94139
545.2	0.94157
545.4	0.93983
545.6	0.93904
545.8	0.94001
546.0	0.93935
546.2	0.93808
546.4	0.93704
546.6	0.93392
546.8	0.93322
547.0	0.93223
547.2	0.93223
547.4	0.93051
547.6	0.93106
547.8	0.93037
548.0	0.92996
548.2	0.92952
548.4	0.92871
548.6	0.92756
548.8	0.92617
549.0	0.92492
549.2	0.92396
549.4	0.92058
549.6	0.91723
549.8	0.91488
550.0	0.91105
550.2	0.90343
550.4	0.89837
550.6	0.89092
550.8	0.88279
551.0	0.87666
551.2	0.86877
551.4	0.86189
551.6	0.85544
551.8	0.84879
552.0	0.84218
552.2	0.83884
552.4	0.83338
552.6	0.82572
552.8	0.81737
553.0	0.80852
553.2	0.79781
553.4	0.7849
553.6	0.76957
553.8	0.75176
554.0	0.73198
554.2	0.71025
554.4	0.68105
554.6	0.65341
554.8	0.62356
555.0	0.59465
555.2	0.56292
555.4	0.52957
555.6	0.49884
555.8	0.47275
556.0	0.44322
556.2	0.41476
556.4	0.38834
556.6	0.36266
556.8	0.34084
557.0	0.32152
557.2	0.31034
557.4	0.29625
557.6	0.28309
557.8	0.27297
558.0	0.26634
558.2	0.26073
558.4	0.25652
558.6	0.25316
558.8	0.25222
559.0	0.2519
559.2	0.25309
559.4	0.25465
559.6	0.25668
559.8	0.26021
560.0	0.26208
560.2	0.26668
560.4	0.27151
560.6	0.27785
560.8	0.28189
561.0	0.28466
561.2	0.28691
561.4	0.28587
561.6	0.28402
561.8	0.28047
562.0	0.27391
562.2	0.26509
562.4	0.25353
562.6	0.24083
562.8	0.22885
563.0	0.21302
563.2	0.19618
563.4	0.17896
563.6	0.16134
563.8	0.14399
564.0	0.12771
564.2	0.11593
564.4	0.10125
564.6	0.08781
564.8	0.07624
565.0	0.06597
565.2	0.057
565.4	0.04959
565.6	0.04462
565.8	0.03893
566.0	0.03409
566.2	0.03006
566.4	0.02656
566.6	0.0236
566.8	0.02106
567.0	0.01882
567.2	0.01705
567.4	0.01544
567.6	0.014
567.8	0.01273
568.0	0.01167
568.2	0.01079
568.4	0.00948
568.6	0.00919
568.8	0.00869
569.0	0.00809
569.2	0.00759
569.4	0.00731
569.6	0.00714
569.8	0.00656
570.0	0.00649
570.2	0.00655
570.4	0.00636
570.6	0.00635
570.8	0.00631
571.0	0.00599
571.2	0.00564
571.4	0.0053
571.6	0.00507
571.8	0.00493
572.0	0.00478
572.2	0.00465
572.4	0.00452
572.6	0.00441
572.8	0.0043
573.0	0.0042
573.2	0.00425
573.4	0.0043
573.6	0.00433
573.8	0.00433
574.0	0.00433
574.2	0.00441
574.4	0.0045
574.6	0.00464
574.8	0.00485
575.0	0.00506
575.2	0.00524
575.4	0.00543
575.6	0.00566
575.8	0.00592
576.0	0.0062
576.2	0.00659
576.4	0.007
576.6	0.00738
576.8	0.00772
577.0	0.00808
577.2	0.0084
577.4	0.00872
577.6	0.00902
577.8	0.0093
578.0	0.00959
578.2	0.00974
578.4	0.00989
578.6	0.01
578.8	0.01007
579.0	0.01013
579.2	0.01018
579.4	0.01022
579.6	0.01028
579.8	0.01036
580.0	0.01043
580.2	0.01037
580.4	0.01031
580.6	0.01021
580.8	0.01009
581.0	0.00997
581.2	0.00988
581.4	0.00979
581.6	0.00965
581.8	0.00946
582.0	0.00928
582.2	0.00915
582.4	0.00903
582.6	0.00886
582.8	0.00864
583.0	0.00843
583.2	0.00817
583.4	0.00792
583.6	0.00765
583.8	0.00737
584.0	0.0071
584.2	0.00675
584.4	0.00643
584.6	0.00613
584.8	0.00585
585.0	0.00558
585.2	0.00517
585.4	0.00479
585.6	0.0044
585.8	0.004
586.0	0.00363
586.2	0.00339
586.4	0.00316
586.6	0.00294
586.8	0.00272
587.0	0.00252
587.2	0.00237
587.4	0.00222
587.6	0.0021
587.8	0.00198
588.0	0.00188
588.2	0.0018
588.4	0.00173
588.6	0.00166
588.8	0.00161
589.0	0.00156
589.2	0.0015
589.4	0.00144
589.6	0.00142
589.8	0.00144
590.0	0.00146
590.2	0.00147
590.4	0.00147
590.6	0.00144
590.8	0.00139
591.0	0.00133
591.2	0.0013
591.4	0.00126
591.6	0.00127
591.8	0.00133
592.0	0.00138
592.2	0.00144
592.4	0.00151
592.6	0.00156
592.8	0.00158
593.0	0.00161
593.2	0.0016
593.4	0.0016
593.6	0.00163
593.8	0.00172
594.0	0.00182
594.2	0.00184
594.4	0.00186
594.6	0.00186
594.8	0.00186
595.0	0.00213
595.2	0.00211
595.4	0.00211
595.6	0.00211
595.8	0.00212
596.0	0.00214
596.2	0.00216
596.4	0.00224
596.6	0.00232
596.8	0.00241
597.0	0.00251
597.2	0.00262
597.4	0.00275
597.6	0.00288
597.8	0.00307
598.0	0.00327
598.2	0.00346
598.4	0.00364
598.6	0.00386
598.8	0.00412
599.0	0.0044
599.2	0.00469
599.4	0.00506
599.6	0.00534
599.8	0.00575
600.0	0.00618
600.2	0.0067
600.4	0.00723
600.6	0.00782
600.8	0.00823
601.0	0.00893
601.2	0.00979
601.4	0.0107
601.6	0.01171
601.8	0.01287
602.0	0.01408
602.2	0.01591
602.4	0.01739
602.6	0.01933
602.8	0.02168
603.0	0.02416
603.2	0.02691
603.4	0.03013
603.6	0.03369
603.8	0.03789
604.0	0.04288
604.2	0.04821
604.4	0.05454
604.6	0.06154
604.8	0.07005
605.0	0.07834
605.2	0.08773
605.4	0.09936
605.6	0.11265
605.8	0.12851
606.0	0.14499
606.2	0.16318
606.4	0.1823
606.6	0.20212
606.8	0.22593
607.0	0.25186
607.2	0.27989
607.4	0.30896
607.6	0.34071
607.8	0.37232
608.0	0.40433
608.2	0.44097
608.4	0.47886
608.6	0.51803
608.8	0.55806
609.0	0.5964
609.2	0.63494
609.4	0.67257
609.6	0.70655
609.8	0.74057
610.0	0.77226
610.2	0.8011
610.4	0.82663
610.6	0.84714
610.8	0.86779
611.0	0.88644
611.2	0.89868
611.4	0.90767
611.6	0.91598
611.8	0.92153
612.0	0.9243
612.2	0.9237
612.4	0.92598
612.6	0.92732
612.8	0.92738
613.0	0.92751
613.2	0.92997
613.4	0.93041
613.6	0.93118
613.8	0.93368
614.0	0.93646
614.2	0.93641
614.4	0.93644
614.6	0.93671
614.8	0.93624
615.0	0.93721
615.2	0.93904
615.4	0.93757
615.6	0.93792
615.8	0.93857
616.0	0.93723
616.2	0.93913
616.4	0.93828
616.6	0.94111
616.8	0.94313
617.0	0.94165
617.2	0.94328
617.4	0.94296
617.6	0.94194
617.8	0.94175
618.0	0.94222
618.2	0.94199
618.4	0.94606
618.6	0.94523
618.8	0.9436
619.0	0.94323
619.2	0.94358
619.4	0.94403
619.6	0.94574
619.8	0.94685
620.0	0.94707
620.2	0.94561
620.4	0.94597
620.6	0.94468
620.8	0.9421
621.0	0.94178
621.2	0.93996
621.4	0.93778
621.6	0.93771
621.8	0.93661
622.0	0.93573
622.2	0.93417
622.4	0.93501
622.6	0.93606
622.8	0.93535
623.0	0.93346
623.2	0.9357
623.4	0.93594
623.6	0.9353
623.8	0.93483
624.0	0.93128
624.2	0.93313
624.4	0.93374
624.6	0.93422
624.8	0.93637
625.0	0.93496
625.2	0.93426
625.4	0.93576
625.6	0.93704
625.8	0.93538
626.0	0.93607
626.2	0.93534
626.4	0.93555
626.6	0.9348
626.8	0.93674
627.0	0.93883
627.2	0.93933
627.4	0.93976
627.6	0.94099
627.8	0.94235
628.0	0.9416
628.2	0.93909
628.4	0.93964
628.6	0.94301
628.8	0.94167
629.0	0.94041
629.2	0.93971
629.4	0.93847
629.6	0.93752
629.8	0.93715
630.0	0.93856
630.2	0.9383
630.4	0.93677
630.6	0.93673
630.8	0.9368
631.0	0.9356
631.2	0.93675
631.4	0.93755
631.6	0.93699
631.8	0.93989
632.0	0.93624
632.2	0.93493
632.4	0.93636
632.6	0.93631
632.8	0.93752
633.0	0.93808
633.2	0.93714
633.4	0.93986
633.6	0.94059
633.8	0.93958
634.0	0.9399
634.2	0.93931
634.4	0.93998
634.6	0.94261
634.8	0.94518
635.0	0.94344
635.2	0.94356
635.4	0.94269
635.6	0.94036
635.8	0.93915
636.0	0.93811
636.2	0.9392
636.4	0.94181
636.6	0.9404
636.8	0.93784
637.0	0.94015
637.2	0.9401
637.4	0.9406
637.6	0.94185
637.8	0.94232
638.0	0.94224
638.2	0.93976
638.4	0.94057
638.6	0.93996
638.8	0.93838
639.0	0.93507
639.2	0.93523
639.4	0.9367
639.6	0.93637
639.8	0.9359
640.0	0.93798
640.2	0.93807
640.4	0.93925
640.6	0.94202
640.8	0.94123
641.0	0.93793
641.2	0.93677
641.4	0.93911
641.6	0.94097
641.8	0.94257
642.0	0.94323
642.2	0.94375
642.4	0.94297
642.6	0.94403
642.8	0.94129
643.0	0.94106
643.2	0.94198
643.4	0.94203
643.6	0.94254
643.8	0.94353
644.0	0.94091
644.2	0.93791
644.4	0.93688
644.6	0.93885
644.8	0.93671
645.0	0.9347
645.2	0.93286
645.4	0.93285
645.6	0.93311
645.8	0.93438
646.0	0.93438
646.2	0.93282
646.4	0.93227
646.6	0.93129
646.8	0.93294
647.0	0.93295
647.2	0.93134
647.4	0.93123
647.6	0.93308
647.8	0.93226
648.0	0.9331
648.2	0.93317
648.4	0.93246
648.6	0.93064
648.8	0.93038
649.0	0.93013
649.2	0.93181
649.4	0.93417
649.6	0.93316
649.8	0.93505
650.0	0.93557
650.2	0.93525
650.4	0.93567
650.6	0.93864
650.8	0.93951
651.0	0.9363
651.2	0.93892
651.4	0.93831
651.6	0.94145
651.8	0.94239
652.0	0.94204
652.2	0.94159
652.4	0.94024
652.6	0.93925
652.8	0.93815
653.0	0.9414
653.2	0.94182
653.4	0.94191
653.6	0.94249
653.8	0.94212
654.0	0.94287
654.2	0.94237
654.4	0.94056
654.6	0.93919
654.8	0.93812
655.0	0.93703
655.2	0.93301
655.4	0.92718
655.6	0.91846
655.8	0.91114
656.0	0.90266
656.2	0.89049
656.4	0.8818
656.6	0.87002
656.8	0.85854
657.0	0.84338
657.2	0.8263
657.4	0.80854
657.6	0.79122
657.8	0.7743
658.0	0.75577
658.2	0.73712
658.4	0.71964
658.6	0.70132
658.8	0.68211
659.0	0.66261
659.2	0.64465
659.4	0.62668
659.6	0.61277
659.8	0.59564
660.0	0.57979
660.2	0.5673
660.4	0.55362
660.6	0.54284
660.8	0.53142
661.0	0.52134
661.2	0.51208
661.4	0.50354
661.6	0.49819
661.8	0.49237
662.0	0.48663
662.2	0.48392
662.4	0.47984
662.6	0.47754
662.8	0.47446
663.0	0.47235
663.2	0.46922
663.4	0.46682
663.6	0.46443
663.8	0.4634
664.0	0.46317
664.2	0.4628
664.4	0.46255
664.6	0.46239
664.8	0.46088
665.0	0.45977
665.2	0.46044
665.4	0.45869
665.6	0.45818
665.8	0.45678
666.0	0.45699
666.2	0.45525
666.4	0.45382
666.6	0.45247
666.8	0.45025
667.0	0.44779
667.2	0.4444
667.4	0.44186
667.6	0.43841
667.8	0.43331
668.0	0.42916
668.2	0.42363
668.4	0.41615
668.6	0.40926
668.8	0.40069
669.0	0.39301
669.2	0.38453
669.4	0.37535
669.6	0.36598
669.8	0.3566
670.0	0.34589
670.2	0.33444
670.4	0.32165
670.6	0.30965
670.8	0.29832
671.0	0.28505
671.2	0.27226
671.4	0.26042
671.6	0.24915
671.8	0.23817
672.0	0.22682
672.2	0.21597
672.4	0.2048
672.6	0.19462
672.8	0.18549
673.0	0.16259
673.2	0.14748
673.4	0.13929
673.6	0.13168
673.8	0.12495
674.0	0.11853
674.2	0.11226
674.4	0.10629
674.6	0.1005
674.8	0.09561
675.0	0.0913
675.2	0.08691
675.4	0.0826
675.6	0.07845
675.8	0.07463
676.0	0.07129
676.2	0.06808
676.4	0.06487
676.6	0.06209
676.8	0.05914
677.0	0.05637
677.2	0.05409
677.4	0.05191
677.6	0.04976
677.8	0.04765
678.0	0.04562
678.2	0.04378
678.4	0.04196
678.6	0.04045
678.8	0.03909
679.0	0.03769
679.2	0.03632
679.4	0.03501
679.6	0.03392
679.8	0.03302
680.0	0.03229
680.2	0.03162
680.4	0.03106
680.6	0.0308
680.8	0.03109
681.0	0.03218
681.2	0.03424
681.4	0.03696
681.6	0.04047
681.8	0.04495
682.0	0.05
682.2	0.05494
682.4	0.05938
682.6	0.06343
682.8	0.06689
683.0	0.07006
683.2	0.0728
683.4	0.0749
683.6	0.07669
683.8	0.07855
684.0	0.0802
684.2	0.08097
684.4	0.08166
684.6	0.08148
684.8	0.08094
685.0	0.08002
685.2	0.07877
685.4	0.07694
685.6	0.07466
685.8	0.07157
686.0	0.06805
686.2	0.06393
686.4	0.05885
686.6	0.05324
686.8	0.0472
687.0	0.04124
687.2	0.03619
687.4	0.0321
687.6	0.02908
687.8	0.02652
688.0	0.02456
688.2	0.02293
688.4	0.02164
688.6	0.02069
688.8	0.01989
689.0	0.01918
689.2	0.0186
689.4	0.01811
689.6	0.01762
689.8	0.01733
690.0	0.01699
690.2	0.01683
690.4	0.01678
690.6	0.01684
690.8	0.01703
691.0	0.01731
691.2	0.01769
691.4	0.0182
691.6	0.01881
691.8	0.01959
692.0	0.02048
692.2	0.02139
692.4	0.02266
692.6	0.02392
692.8	0.02531
693.0	0.02692
693.2	0.02899
693.4	0.03133
693.6	0.03417
693.8	0.03726
694.0	0.04093
694.2	0.04512
694.4	0.05009
694.6	0.05609
694.8	0.06311
695.0	0.07172
695.2	0.08155
695.4	0.09336
695.6	0.10724
695.8	0.12252
696.0	0.13909
696.2	0.15656
696.4	0.17508
696.6	0.19325
696.8	0.21144
697.0	0.22928
697.2	0.2459
697.4	0.2599
697.6	0.27296
697.8	0.28384
698.0	0.29316
698.2	0.29992
698.4	0.30393
698.6	0.30531
698.8	0.30432
699.0	0.30034
699.2	0.29498
699.4	0.28693
699.6	0.27708
699.8	0.26487
700.0	0.25184
700.2	0.23777
700.4	0.22302
700.6	0.2091
700.8	0.19535
701.0	0.18234
701.2	0.16954
701.4	0.15743
701.6	0.14623
701.8	0.135
702.0	0.12445
702.2	0.11477
702.4	0.105
702.6	0.0957
702.8	0.08617
703.0	0.07733
703.2	0.06876
703.4	0.06091
703.6	0.05344
703.8	0.0463
704.0	0.03972
704.2	0.03361
704.4	0.02843
704.6	0.02384
704.8	0.01989
705.0	0.01635
705.2	0.01336
705.4	0.01095
705.6	0.00903
705.8	0.00745
706.0	0.00617
706.2	0.00513
706.4	0.00433
706.6	0.00362
706.8	0.00306
707.0	0.00264
707.2	0.00226
707.4	0.00197
707.6	0.0017
707.8	0.0015
708.0	0.00134
708.2	0.00118
708.4	0.00105
708.6	9.6048e-04
708.8	8.6796e-04
709.0	7.9892e-04
709.2	7.3618e-04
709.4	6.9751e-04
709.6	6.3107e-04
709.8	6.0213e-04
710.0	0.00137
710.2	0.00115
710.4	9.7245e-04
710.6	8.2381e-04
710.8	7.0157e-04
711.0	6.023e-04
711.2	5.1846e-04
711.4	4.4822e-04
711.6	3.8938e-04
711.8	3.3974e-04
712.0	2.9723e-04
712.2	2.5926e-04
712.4	2.2752e-04
712.6	2.0219e-04
712.8	1.8115e-04
713.0	1.612e-04
713.2	1.4337e-04
713.4	1.2875e-04
713.6	1.1489e-04
713.8	1.0179e-04
714.0	9.0826e-05
714.2	8.0859e-05
714.4	7.4285e-05
714.6	6.7497e-05
714.8	6.0497e-05
715.0	5.5518e-05
715.2	4.9721e-05
715.4	4.5589e-05
715.6	4.2157e-05
715.8	3.9129e-05
716.0	3.6653e-05
716.2	3.3758e-05
716.4	3.1354e-05
716.6	2.753e-05
716.8	2.4048e-05
717.0	2.4691e-05
717.2	2.2556e-05
717.4	2.069e-05
717.6	1.8906e-05
717.8	1.7093e-05
718.0	1.5196e-05
718.2	1.3528e-05
718.4	1.349e-05
718.6	1.2696e-05
718.8	1.1476e-05
719.0	1.2241e-05
719.2	1.0477e-05
719.4	9.3594e-06
719.6	8.8033e-06
719.8	8.6062e-06
720.0	8.4462e-06
720.2	7.0453e-06
720.4	6.1902e-06
720.6	5.4869e-06
720.8	5.0502e-06
721.0	5.3391e-06
721.2	5.7949e-06
721.4	6.1183e-06
721.6	5.6627e-06
721.8	5.0539e-06
722.0	5.8402e-06
722.2	5.039e-06
722.4	4.8589e-06
722.6	4.2181e-06
722.8	3.0465e-06
723.0	1.9407e-06
723.2	2.4283e-06
723.4	3.2978e-06
723.6	4.0305e-06
723.8	3.882e-06
724.0	2.7248e-06
724.2	2.2373e-06
724.4	2.4579e-06
724.6	2.2537e-06
724.8	1.7653e-06
725.0	1.9828e-06
725.2	2.5945e-06
725.4	2.1211e-06
725.6	1.5889e-06
725.8	1.2618e-06
726.0	9.6982e-07
726.2	1.5719e-06
726.4	1.2347e-06
726.6	1.1536e-06
726.8	9.888e-07
727.0	1.8841e-07
727.2	1.2626e-06
727.4	1.4502e-06
727.6	4.348e-07
727.8	1.9224e-07
728.0	2.6252e-06
728.2	2.2282e-06
728.4	1.5333e-06
728.6	7.5721e-07
728.8	3.9812e-07
729.0	5.5404e-07
729.2	7.7374e-07
729.4	1.4145e-06
729.6	1.5862e-06
729.8	6.9089e-07
730.0	1.0e-07
730.2	2.1966e-07
730.4	8.3439e-07
730.6	1.4415e-06
730.8	9.6009e-07
731.0	6.7362e-07
731.2	1.7341e-06
731.4	1.2687e-06
731.6	6.757e-07
731.8	4.4441e-07
732.0	4.0567e-07
732.2	1.3232e-07
732.4	4.5243e-07
732.6	4.5243e-07
732.8	1.0e-07
733.0	1.0e-07
733.2	3.767e-07
733.4	2.8337e-07
733.6	4.0035e-07
733.8	1.3449e-06
734.0	1.8311e-06
734.2	1.4314e-06
734.4	9.036e-07
734.6	3.1942e-07
734.8	1.3168e-07
735.0	3.9585e-07
735.2	3.3108e-07
735.4	1.5857e-07
735.6	1.0e-07
735.8	1.4891e-07
736.0	7.322e-07
736.2	8.6343e-07
736.4	5.247e-07
736.6	7.3904e-07
736.8	2.0228e-06
737.0	1.6815e-06
737.2	5.073e-07
737.4	1.6985e-07
737.6	2.2759e-07
737.8	9.4643e-07
738.0	2.0364e-06
738.2	2.6371e-07
738.4	1.2014e-07
738.6	1.9552e-07
738.8	6.7781e-07
739.0	1.7522e-06
739.2	7.1732e-07
739.4	2.0114e-07
739.6	3.055e-07
739.8	1.6212e-06
740.0	1.5818e-06
740.2	8.265e-08
740.4	2.6431e-07
740.6	1.4017e-06
740.8	2.413e-06
741.0	1.9079e-06
741.2	1.8035e-07
741.4	1.0e-07
741.6	2.689e-07
741.8	1.2743e-06
742.0	1.7e-06
742.2	8.748e-07
742.4	2.228e-07
742.6	1.0e-07
742.8	1.0e-07
743.0	1.0e-07
743.2	1.0e-07
743.4	4.4081e-07
743.6	7.3219e-07
743.8	2.7589e-07
744.0	1.0e-07
744.2	1.0e-07
744.4	1.0e-07
744.6	1.7495e-07
744.8	3.0608e-07
745.0	1.0e-07
745.2	1.0e-07
745.4	3.4296e-07
745.6	7.7195e-07
745.8	5.0664e-07
746.0	1.0e-07
746.2	1.0e-07
746.4	4.6891e-07
746.6	1.0932e-06
746.8	5.4353e-07
747.0	1.0e-07
747.2	1.0e-07
747.4	1.0e-07
747.6	1.0e-07
747.8	1.0e-07
748.0	1.0e-07
748.2	1.0e-07
748.4	1.8017e-07
748.6	1.8017e-07
748.8	1.4849e-07
749.0	7.2185e-07
749.2	1.478e-06
749.4	2.1906e-06
749.6	2.2616e-06
749.8	1.0609e-06
750.0	1.0e-07
750.2	1.5122e-07
750.4	1.2297e-07
750.6	1.0e-07
750.8	1.7381e-07
751.0	1.5863e-06
751.2	2.0521e-06
751.4	1.6536e-06
751.6	4.8124e-07
751.8	7.8385e-08
752.0	2.959e-08
752.2	8.1402e-07
752.4	1.5372e-06
752.6	8.3436e-07
752.8	3.0595e-07
753.0	1.0e-07
753.2	1.0e-07
753.4	1.0e-07
753.6	1.0e-07
753.8	1.0e-07
754.0	1.0e-07
754.2	7.6993e-07
754.4	1.1014e-06
754.6	6.7313e-07
754.8	4.0756e-07
755.0	5.7193e-07
755.2	1.1576e-06
755.4	4.2961e-07
755.6	1.5032e-07
755.8	1.0e-07
756.0	1.0e-07
756.2	1.0e-07
756.4	2.4126e-07
756.6	4.78e-07
756.8	5.8727e-07
757.0	7.4965e-07
757.2	1.1722e-06
757.4	1.3159e-06
757.6	4.7012e-07
757.8	1.4877e-07
758.0	7.2865e-07
758.2	1.4877e-07
758.4	1.0e-07
758.6	2.9131e-07
758.8	1.6169e-06
759.0	2.5113e-06
759.2	7.4662e-07
759.4	1.9795e-07
759.6	1.3628e-07
759.8	2.7549e-07
760.0	7.1841e-07
760.2	2.0286e-07
760.4	5.1489e-07
760.6	1.3851e-06
760.8	9.8957e-07
761.0	1.0e-07
761.2	6.278e-07
761.4	4.7007e-07
761.6	4.0367e-07
761.8	4.6297e-07
762.0	1.0e-07
762.2	1.2928e-07
762.4	5.1494e-07
762.6	4.5289e-07
762.8	1.0e-07
763.0	1.0e-07
763.2	1.0e-07
763.4	1.0e-07
763.6	1.0e-07
763.8	1.0e-07
764.0	1.0e-07
764.2	1.4386e-07
764.4	4.8145e-07
764.6	8.8825e-07
764.8	7.3055e-07
765.0	7.3924e-07
765.2	1.1334e-06
765.4	2.1334e-06
765.6	3.5779e-06
765.8	3.9802e-06
766.0	2.2434e-06
766.2	1.8629e-07
766.4	2.874e-07
766.6	1.3845e-06
766.8	4.9334e-06
767.0	4.3421e-06
767.2	1.8684e-06
767.4	1.4485e-06
767.6	4.8861e-07
767.8	1.0e-07
768.0	1.0e-07
768.2	5.7277e-07
768.4	2.3682e-06
768.6	2.8719e-06
768.8	8.4234e-07
769.0	1.0e-07
769.2	1.8419e-06
769.4	4.2917e-07
769.6	2.831e-07
769.8	8.0145e-07
770.0	1.0e-07
770.2	1.0e-07
770.4	8.2881e-07
770.6	2.387e-06
770.8	1.1218e-06
771.0	4.5248e-07
771.2	1.1089e-06
771.4	2.8635e-07
771.6	2.6838e-07
771.8	1.5674e-06
772.0	4.88e-06
772.2	3.4107e-06
772.4	4.349e-06
772.6	4.5075e-06
772.8	3.36e-06
773.0	3.1647e-06
773.2	1.9956e-07
773.4	3.5784e-07
773.6	1.5011e-06
773.8	3.6043e-06
774.0	3.6038e-06
774.2	5.4335e-06
774.4	5.3873e-06
774.6	5.438e-06
774.8	6.3666e-06
775.0	7.2482e-06
775.2	5.3111e-06
775.4	5.1855e-06
775.6	4.2282e-06
775.8	3.2695e-06
776.0	4.933e-06
776.2	5.4534e-06
776.4	3.978e-06
776.6	4.1366e-06
776.8	6.2e-06
777.0	6.3377e-06
777.2	5.8189e-06
777.4	6.6803e-06
777.6	8.6517e-06
777.8	1.158e-05
778.0	1.4902e-05
778.2	8.8976e-06
778.4	7.3124e-06
778.6	7.5471e-06
778.8	9.2034e-06
779.0	1.2867e-05
779.2	1.3884e-05
779.4	1.4106e-05
779.6	1.3655e-05
779.8	1.3159e-05
780.0	1.3616e-05
780.2	1.4582e-05
780.4	1.5596e-05
780.6	1.7241e-05
780.8	1.9364e-05
781.0	2.0624e-05
781.2	2.2491e-05
781.4	2.3492e-05
781.6	2.4317e-05
781.8	2.5661e-05
782.0	2.8231e-05
782.2	2.9939e-05
782.4	3.2736e-05
782.6	3.4907e-05
782.8	3.7139e-05
783.0	4.3633e-05
783.2	4.3663e-05
783.4	4.517e-05
783.6	4.9422e-05
783.8	5.5673e-05
784.0	5.982e-05
784.2	6.3189e-05
784.4	6.6866e-05
784.6	7.312e-05
784.8	8.1122e-05
785.0	8.5312e-05
785.2	9.4785e-05
785.4	1.0773e-04
785.6	1.2134e-04
785.8	1.337e-04
786.0	1.4495e-04
786.2	1.64e-04
786.4	1.7571e-04
786.6	1.9227e-04
786.8	2.1696e-04
787.0	2.3865e-04
787.2	2.6274e-04
787.4	2.9165e-04
787.6	3.2437e-04
787.8	3.6241e-04
788.0	4.114e-04
788.2	4.6492e-04
788.4	5.2289e-04
788.6	5.8717e-04
788.8	6.6073e-04
789.0	7.4807e-04
789.2	8.5654e-04
789.4	9.8533e-04
789.6	0.00113
789.8	0.00131
790.0	0.0015
790.2	4.5418e-04
790.4	4.8163e-04
790.6	5.2299e-04
790.8	5.6461e-04
791.0	6.1247e-04
791.2	6.5749e-04
791.4	7.1206e-04
791.6	8.0176e-04
791.8	8.6473e-04
792.0	9.515e-04
792.2	0.00106
792.4	0.00116
792.6	0.00132
792.8	0.00147
793.0	0.00164
793.2	0.00185
793.4	0.00209
793.6	0.00236
793.8	0.0027
794.0	0.00309
794.2	0.00356
794.4	0.00406
794.6	0.00471
794.8	0.00549
795.0	0.00697
795.2	0.0081
795.4	0.0095
795.6	0.0112
795.8	0.01316
796.0	0.01559
796.2	0.01837
796.4	0.02167
796.6	0.02539
796.8	0.02958
797.0	0.03402
797.2	0.0388
797.4	0.04432
797.6	0.05011
797.8	0.05621
798.0	0.06279
798.2	0.06934
798.4	0.07639
798.6	0.08323
798.8	0.08945
799.0	0.09659
799.2	0.1036
799.4	0.11051
799.6	0.11706
799.8	0.12348
800.0	0.1298
800.2	0.13636
800.4	0.14304
800.6	0.14814
800.8	0.15336
801.0	0.15853
801.2	0.16347
801.4	0.16683
801.6	0.17046
801.8	0.17387
802.0	0.17715
802.2	0.17972
802.4	0.18172
802.6	0.18289
802.8	0.18312
803.0	0.18259
803.2	0.18243
803.4	0.18259
803.6	0.18228
803.8	0.18203
804.0	0.18164
804.2	0.18036
804.4	0.17838
804.6	0.17656
804.8	0.17364
805.0	0.17096
805.2	0.16847
805.4	0.16472
805.6	0.1606
805.8	0.15664
806.0	0.15231
806.2	0.14834
806.4	0.1441
806.6	0.13938
806.8	0.13455
807.0	0.12951
807.2	0.12458
807.4	0.11957
807.6	0.11454
807.8	0.10981
808.0	0.10537
808.2	0.10061
808.4	0.09555
808.6	0.0907
808.8	0.08647
809.0	0.08213
809.2	0.07752
809.4	0.07303
809.6	0.06862
809.8	0.06478
810.0	0.06144
810.2	0.05857
810.4	0.05541
810.6	0.05241
810.8	0.04983
811.0	0.04762
811.2	0.04519
811.4	0.04307
811.6	0.04126
811.8	0.03956
812.0	0.03779
812.2	0.03643
812.4	0.03518
812.6	0.03402
812.8	0.03281
813.0	0.0318
813.2	0.03074
813.4	0.02994
813.6	0.0292
813.8	0.0285
814.0	0.02777
814.2	0.02718
814.4	0.02659
814.6	0.02609
814.8	0.02571
815.0	0.02529
815.2	0.02497
815.4	0.02461
815.6	0.02431
815.8	0.02416
816.0	0.02394
816.2	0.02379
816.4	0.02369
816.6	0.02357
816.8	0.02354
817.0	0.02355
817.2	0.0235
817.4	0.02341
817.6	0.02341
817.8	0.0235
818.0	0.02354
818.2	0.02364
818.4	0.02381
818.6	0.02408
818.8	0.02416
819.0	0.0244
819.2	0.02461
819.4	0.02488
819.6	0.02522
819.8	0.02568
820.0	0.02607
820.2	0.02651
820.4	0.02699
820.6	0.02754
820.8	0.02802
821.0	0.02834
821.2	0.02877
821.4	0.02947
821.6	0.03016
821.8	0.0309
822.0	0.0317
822.2	0.03245
822.4	0.0333
822.6	0.03413
822.8	0.03512
823.0	0.03622
823.2	0.037
823.4	0.03808
823.6	0.03901
823.8	0.04004
824.0	0.04139
824.2	0.04257
824.4	0.04388
824.6	0.04511
824.8	0.04642
825.0	0.04798
825.2	0.04967
825.4	0.0516
825.6	0.05357
825.8	0.05578
826.0	0.05792
826.2	0.06038
826.4	0.06334
826.6	0.06654
826.8	0.07003
827.0	0.07449
827.2	0.08018
827.4	0.08785
827.6	0.09728
827.8	0.10888
828.0	0.12174
828.2	0.13597
828.4	0.1509
828.6	0.16563
828.8	0.17923
829.0	0.19114
829.2	0.20188
829.4	0.21051
829.6	0.21808
829.8	0.22429
830.0	0.22811
830.2	0.23161
830.4	0.23249
830.6	0.23219
830.8	0.2299
831.0	0.2262
831.2	0.22128
831.4	0.21433
831.6	0.20564
831.8	0.1963
832.0	0.18705
832.2	0.17737
832.4	0.16959
832.6	0.16266
832.8	0.15759
833.0	0.15475
833.2	0.1529
833.4	0.15129
833.6	0.15086
833.8	0.1518
834.0	0.1523
834.2	0.15298
834.4	0.15426
834.6	0.15591
834.8	0.15657
835.0	0.1579
835.2	0.15998
835.4	0.16168
835.6	0.16317
835.8	0.16417
836.0	0.16518
836.2	0.16709
836.4	0.16836
836.6	0.16962
836.8	0.17103
837.0	0.1732
837.2	0.17516
837.4	0.1774
837.6	0.1788
837.8	0.17951
838.0	0.18034
838.2	0.18235
838.4	0.18376
838.6	0.18537
838.8	0.18713
839.0	0.18829
839.2	0.18931
839.4	0.1913
839.6	0.19296
839.8	0.19414
840.0	0.19569
840.2	0.19694
840.4	0.19904
840.6	0.20108
840.8	0.20271
841.0	0.20457
841.2	0.20647
841.4	0.2076
841.6	0.20886
841.8	0.20936
842.0	0.21157
842.2	0.21401
842.4	0.21636
842.6	0.21791
842.8	0.2203
843.0	0.22334
843.2	0.22575
843.4	0.22746
843.6	0.22885
843.8	0.23003
844.0	0.23213
844.2	0.23443
844.4	0.23799
844.6	0.24
844.8	0.2434
845.0	0.24553
845.2	0.24798
845.4	0.25131
845.6	0.25496
845.8	0.25711
846.0	0.25936
846.2	0.26194
846.4	0.26483
846.6	0.26789
846.8	0.27043
847.0	0.27339
847.2	0.27594
847.4	0.28027
847.6	0.28308
847.8	0.28536
848.0	0.28888
848.2	0.29234
848.4	0.29423
848.6	0.29584
848.8	0.29706
849.0	0.30011
849.2	0.30472
849.4	0.30749
849.6	0.31151
849.8	0.31402
850.0	0.31534
850.2	0.31823
850.4	0.31949
850.6	0.32088
850.8	0.32425
851.0	0.32547
851.2	0.32612
851.4	0.32721
851.6	0.32875
851.8	0.33042
852.0	0.32991
852.2	0.32901
852.4	0.32867
852.6	0.32771
852.8	0.32583
853.0	0.32457
853.2	0.32242
853.4	0.31954
853.6	0.31806
853.8	0.3157
854.0	0.31319
854.2	0.31056
854.4	0.30833
854.6	0.30439
854.8	0.30032
855.0	0.29643
855.2	0.2923
855.4	0.28838
855.6	0.28595
855.8	0.28112
856.0	0.27611
856.2	0.2703
856.4	0.26436
856.6	0.25895
856.8	0.25417
857.0	0.24907
857.2	0.24287
857.4	0.23771
857.6	0.23302
857.8	0.22845
858.0	0.22416
858.2	0.21846
858.4	0.21263
858.6	0.20797
858.8	0.20432
859.0	0.20085
859.2	0.19618
859.4	0.1918
859.6	0.18792
859.8	0.18419
860.0	0.17956
860.2	0.17554
860.4	0.17129
860.6	0.16728
860.8	0.16455
861.0	0.16171
861.2	0.15813
861.4	0.15501
861.6	0.15177
861.8	0.14884
862.0	0.14608
862.2	0.14404
862.4	0.14233
862.6	0.13988
862.8	0.1375
863.0	0.13578
863.2	0.134
863.4	0.13264
863.6	0.13159
863.8	0.1306
864.0	0.12944
864.2	0.12808
864.4	0.12686
864.6	0.12589
864.8	0.12474
865.0	0.12425
865.2	0.12332
865.4	0.12282
865.6	0.1231
865.8	0.12354
866.0	0.12364
866.2	0.12358
866.4	0.12354
866.6	0.12384
866.8	0.12454
867.0	0.12572
867.2	0.12703
867.4	0.12834
867.6	0.12981
867.8	0.13138
868.0	0.13351
868.2	0.13692
868.4	0.13913
868.6	0.14129
868.8	0.1442
869.0	0.14759
869.2	0.15135
869.4	0.15484
869.6	0.15898
869.8	0.16336
870.0	0.16717
870.2	0.17091
870.4	0.17511
870.6	0.17883
870.8	0.18232
871.0	0.18567
871.2	0.18953
871.4	0.19311
871.6	0.19631
871.8	0.19922
872.0	0.20267
872.2	0.20555
872.4	0.20827
872.6	0.21047
872.8	0.21233
873.0	0.21395
873.2	0.21531
873.4	0.21655
873.6	0.21739
873.8	0.21847
874.0	0.21984
874.2	0.2212
874.4	0.2216
874.6	0.22191
874.8	0.22246
875.0	0.2231
875.2	0.22493
875.4	0.2262
875.6	0.22803
875.8	0.23008
876.0	0.23179
876.2	0.23434
876.4	0.23624
876.6	0.23877
876.8	0.24279
877.0	0.24688
877.2	0.25045
877.4	0.253
877.6	0.25655
877.8	0.26113
878.0	0.26673
878.2	0.27173
878.4	0.27622
878.6	0.28098
878.8	0.28693
879.0	0.29158
879.2	0.29551
879.4	0.30032
879.6	0.30388
879.8	0.30694
880.0	0.31061
880.2	0.31511
880.4	0.31836
880.6	0.32277
880.8	0.32727
881.0	0.3317
881.2	0.33398
881.4	0.33551
881.6	0.33742
881.8	0.33768
882.0	0.33758
882.2	0.33743
882.4	0.3376
882.6	0.33793
882.8	0.3356
883.0	0.33292
883.2	0.33096
883.4	0.32866
883.6	0.32616
883.8	0.32265
884.0	0.31874
884.2	0.31557
884.4	0.31117
884.6	0.30607
884.8	0.30124
885.0	0.29653
885.2	0.29018
885.4	0.28426
885.6	0.27955
885.8	0.27554
886.0	0.27107
886.2	0.26559
886.4	0.2604
886.6	0.25441
886.8	0.24837
887.0	0.24291
887.2	0.23802
887.4	0.2323
887.6	0.22701
887.8	0.22258
888.0	0.21829
888.2	0.21411
888.4	0.20987
888.6	0.20547
888.8	0.20145
889.0	0.19791
889.2	0.19433
889.4	0.19061
889.6	0.18765
889.8	0.18489
890.0	0.18268
890.2	0.17999
890.4	0.17724
890.6	0.17449
890.8	0.17198
891.0	0.17027
891.2	0.16849
891.4	0.16708
891.6	0.16548
891.8	0.16386
892.0	0.16248
892.2	0.16144
892.4	0.16004
892.6	0.15915
892.8	0.15842
893.0	0.15786
893.2	0.15742
893.4	0.15666
893.6	0.15666
893.8	0.15781
894.0	0.15911
894.2	0.16036
894.4	0.16125
894.6	0.16203
894.8	0.16351
895.0	0.16475
895.2	0.16657
895.4	0.16896
895.6	0.17094
895.8	0.17316
896.0	0.17606
896.2	0.17933
896.4	0.18324
896.6	0.18737
896.8	0.19222
897.0	0.1967
897.2	0.20211
897.4	0.20743
897.6	0.2123
897.8	0.21821
898.0	0.22464
898.2	0.23106
898.4	0.23781
898.6	0.24493
898.8	0.25243
899.0	0.25982
899.2	0.2672
899.4	0.27363
899.6	0.28029
899.8	0.28681
900.0	0.29295
900.2	0.29812
900.4	0.30312
900.6	0.30682
900.8	0.30944
901.0	0.31121
901.2	0.31298
901.4	0.31473
901.6	0.31497
901.8	0.31346
902.0	0.31159
902.2	0.31036
902.4	0.30808
902.6	0.30487
902.8	0.30124
903.0	0.29627
903.2	0.29186
903.4	0.28706
903.6	0.2812
903.8	0.27597
904.0	0.27
904.2	0.26373
904.4	0.25715
904.6	0.25104
904.8	0.24612
905.0	0.24128
905.2	0.23653
905.4	0.23186
905.6	0.22724
905.8	0.2228
906.0	0.21809
906.2	0.21322
906.4	0.2087
906.6	0.20468
906.8	0.20098
907.0	0.19716
907.2	0.19353
907.4	0.18975
907.6	0.18628
907.8	0.18265
908.0	0.17922
908.2	0.17622
908.4	0.17384
908.6	0.17135
908.8	0.16898
909.0	0.16582
909.2	0.16286
909.4	0.15987
909.6	0.15733
909.8	0.15488
910.0	0.15209
910.2	0.14968
910.4	0.14743
910.6	0.14505
910.8	0.1433
911.0	0.14098
911.2	0.13887
911.4	0.1368
911.6	0.13443
911.8	0.13271
912.0	0.13116
912.2	0.12927
912.4	0.12678
912.6	0.12484
912.8	0.12325
913.0	0.12216
913.2	0.12092
913.4	0.11915
913.6	0.11746
913.8	0.11635
914.0	0.11589
914.2	0.11528
914.4	0.11394
914.6	0.11254
914.8	0.11162
915.0	0.11085
915.2	0.11008
915.4	0.10943
915.6	0.1087
915.8	0.10775
916.0	0.1071
916.2	0.10688
916.4	0.1066
916.6	0.10612
916.8	0.10588
917.0	0.10563
917.2	0.10501
917.4	0.10456
917.6	0.10431
917.8	0.10419
918.0	0.10419
918.2	0.1038
918.4	0.10334
918.6	0.10321
918.8	0.10316
919.0	0.10326
919.2	0.10326
919.4	0.10314
919.6	0.10311
919.8	0.10284
920.0	0.10293
920.2	0.1031
920.4	0.10313
920.6	0.10311
920.8	0.10335
921.0	0.1038
921.2	0.10382
921.4	0.1038
921.6	0.10399
921.8	0.10434
922.0	0.10467
922.2	0.1052
922.4	0.10536
922.6	0.10534
922.8	0.10545
923.0	0.10543
923.2	0.10579
923.4	0.10643
923.6	0.10689
923.8	0.10703
924.0	0.10751
924.2	0.10801
924.4	0.10894
924.6	0.10968
924.8	0.11059
925.0	0.11162
925.2	0.11228
925.4	0.11304
925.6	0.11383
925.8	0.11513
926.0	0.11648
926.2	0.11795
926.4	0.11918
926.6	0.12024
926.8	0.12165
927.0	0.1235
927.2	0.125
927.4	0.12707
927.6	0.12946
927.8	0.13183
928.0	0.13428
928.2	0.13641
928.4	0.13916
928.6	0.14229
928.8	0.1457
929.0	0.14921
929.2	0.15291
929.4	0.15654
929.6	0.16043
929.8	0.16469
930.0	0.16915
930.2	0.1739
930.4	0.17891
930.6	0.18354
930.8	0.18882
931.0	0.19453
931.2	0.20014
931.4	0.20514
931.6	0.21089
931.8	0.21822
932.0	0.22834
932.2	0.23787
932.4	0.24606
932.6	0.25394
932.8	0.26118
933.0	0.26619
933.2	0.27164
933.4	0.27861
933.6	0.28521
933.8	0.29169
934.0	0.2968
934.2	0.30177
934.4	0.3056
934.6	0.31008
934.8	0.31408
935.0	0.31776
935.2	0.32252
935.4	0.32716
935.6	0.32936
935.8	0.3314
936.0	0.33132
936.2	0.33123
936.4	0.33021
936.6	0.32927
936.8	0.32855
937.0	0.32651
937.2	0.32417
937.4	0.32312
937.6	0.32085
937.8	0.31572
938.0	0.31093
938.2	0.30572
938.4	0.30133
938.6	0.29516
938.8	0.28672
939.0	0.27899
939.2	0.27234
939.4	0.26724
939.6	0.26061
939.8	0.25406
940.0	0.24858
940.2	0.24202
940.4	0.23436
940.6	0.22779
940.8	0.22125
941.0	0.21525
941.2	0.20945
941.4	0.20306
941.6	0.19806
941.8	0.19314
942.0	0.18841
942.2	0.18322
942.4	0.17839
942.6	0.17421
942.8	0.17021
943.0	0.16661
943.2	0.16336
943.4	0.16001
943.6	0.15666
943.8	0.15343
944.0	0.15057
944.2	0.14834
944.4	0.14636
944.6	0.14415
944.8	0.14252
945.0	0.14117
945.2	0.14
945.4	0.13918
945.6	0.13911
945.8	0.13909
946.0	0.13929
946.2	0.14017
946.4	0.14152
946.6	0.1421
946.8	0.1431
947.0	0.14512
947.2	0.14824
947.4	0.15179
947.6	0.15553
947.8	0.15925
948.0	0.16383
948.2	0.16894
948.4	0.17507
948.6	0.18189
948.8	0.18846
949.0	0.19615
949.2	0.20478
949.4	0.21268
949.6	0.22008
949.8	0.2284
950.0	0.23754
950.2	0.2453
950.4	0.25335
950.6	0.2609
950.8	0.26719
951.0	0.27252
951.2	0.277
951.4	0.28025
951.6	0.2825
951.8	0.28333
952.0	0.284
952.2	0.28501
952.4	0.28498
952.6	0.28308
952.8	0.28067
953.0	0.27611
953.2	0.27092
953.4	0.2657
953.6	0.25914
953.8	0.25193
954.0	0.24454
954.2	0.23625
954.4	0.22823
954.6	0.21962
954.8	0.21121
955.0	0.20338
955.2	0.19602
955.4	0.18888
955.6	0.18187
955.8	0.17479
956.0	0.1686
956.2	0.16369
956.4	0.15882
956.6	0.15431
956.8	0.15031
957.0	0.14699
957.2	0.14371
957.4	0.14134
957.6	0.1394
957.8	0.13818
958.0	0.13709
958.2	0.13607
958.4	0.13543
958.6	0.13501
958.8	0.13488
959.0	0.13519
959.2	0.13554
959.4	0.13579
959.6	0.1368
959.8	0.13776
960.0	0.139
960.2	0.14067
960.4	0.14261
960.6	0.14525
960.8	0.14758
961.0	0.15011
961.2	0.1521
961.4	0.1543
961.6	0.15703
961.8	0.16038
962.0	0.16408
962.2	0.16804
962.4	0.17137
962.6	0.17492
962.8	0.17846
963.0	0.18262
963.2	0.18716
963.4	0.19179
963.6	0.19688
963.8	0.20265
964.0	0.20926
964.2	0.21598
964.4	0.22255
964.6	0.22838
964.8	0.23407
965.0	0.23952
965.2	0.24605
965.4	0.25372
965.6	0.2622
965.8	0.27127
966.0	0.27973
966.2	0.28768
966.4	0.29567
966.6	0.30401
966.8	0.31222
967.0	0.31994
967.2	0.32845
967.4	0.33702
967.6	0.34483
967.8	0.3526
968.0	0.35981
968.2	0.36711
968.4	0.37403
968.6	0.38
968.8	0.38643
969.0	0.39406
969.2	0.40084
969.4	0.40709
969.6	0.41266
969.8	0.41834
970.0	0.42511
970.2	0.43017
970.4	0.43476
970.6	0.43943
970.8	0.44239
971.0	0.44488
971.2	0.4469
971.4	0.44871
971.6	0.45113
971.8	0.45114
972.0	0.45039
972.2	0.45011
972.4	0.45023
972.6	0.45125
972.8	0.44884
973.0	0.4468
973.2	0.44551
973.4	0.44364
973.6	0.44292
973.8	0.44265
974.0	0.44098
974.2	0.43832
974.4	0.43654
974.6	0.43541
974.8	0.43401
975.0	0.4302
975.2	0.42625
975.4	0.42211
975.6	0.41933
975.8	0.41594
976.0	0.41346
976.2	0.41105
976.4	0.40923
976.6	0.40654
976.8	0.40295
977.0	0.39964
977.2	0.39796
977.4	0.39698
977.6	0.39581
977.8	0.39466
978.0	0.3931
978.2	0.39324
978.4	0.39444
978.6	0.39704
978.8	0.39935
979.0	0.40233
979.2	0.40524
979.4	0.40783
979.6	0.41222
979.8	0.41765
980.0	0.42388
980.2	0.43103
980.4	0.43904
980.6	0.44939
980.8	0.45884
981.0	0.46842
981.2	0.47965
981.4	0.491
981.6	0.50168
981.8	0.51337
982.0	0.52693
982.2	0.54117
982.4	0.55526
982.6	0.56991
982.8	0.58373
983.0	0.59422
983.2	0.60368
983.4	0.61338
983.6	0.62234
983.8	0.63089
984.0	0.63717
984.2	0.64401
984.4	0.64679
984.6	0.64748
984.8	0.64743
985.0	0.64582
985.2	0.64237
985.4	0.63689
985.6	0.63076
985.8	0.62405
986.0	0.61419
986.2	0.60304
986.4	0.59141
986.6	0.5788
986.8	0.56569
987.0	0.55084
987.2	0.53391
987.4	0.51762
987.6	0.5023
987.8	0.48684
988.0	0.471
988.2	0.45602
988.4	0.44137
988.6	0.42693
988.8	0.413
989.0	0.39895
989.2	0.38564
989.4	0.37306
989.6	0.36037
989.8	0.34951
990.0	0.33821
990.2	0.32741
990.4	0.31672
990.6	0.30561
990.8	0.29552
991.0	0.28587
991.2	0.27664
991.4	0.26862
991.6	0.26061
991.8	0.25324
992.0	0.24606
992.2	0.23802
992.4	0.23087
992.6	0.22503
992.8	0.21947
993.0	0.21447
993.2	0.20952
993.4	0.20472
993.6	0.20011
993.8	0.1955
994.0	0.19163
994.2	0.18813
994.4	0.18422
994.6	0.18059
994.8	0.17749
995.0	0.17442
995.2	0.17173
995.4	0.1689
995.6	0.166
995.8	0.16377
996.0	0.16186
996.2	0.15979
996.4	0.15778
996.6	0.15557
996.8	0.15305
997.0	0.15072
997.2	0.14832
997.4	0.1457
997.6	0.14333
997.8	0.14063
998.0	0.138
998.2	0.13492
998.4	0.13173
998.6	0.12855
998.8	0.12611
999.0	0.12327
999.2	0.12033
999.4	0.11741
999.6	0.1137
999.8	0.11008
1000.0	0.11071
1000.2	0.11504
1000.4	0.11083
1000.6	0.10675
1000.8	0.10272
1001.0	0.09878
1001.2	0.09471
1001.4	0.09106
1001.6	0.08726
1001.8	0.08372
1002.0	0.08003
1002.2	0.07642
1002.4	0.07286
1002.6	0.06916
1002.8	0.06591
1003.0	0.06275
1003.2	0.05962
1003.4	0.05637
1003.6	0.05364
1003.8	0.05114
1004.0	0.04852
1004.2	0.04605
1004.4	0.04367
1004.6	0.04158
1004.8	0.03957
1005.0	0.03776
1005.2	0.03591
1005.4	0.03412
1005.6	0.03276
1005.8	0.03132
1006.0	0.02996
1006.2	0.02879
1006.4	0.02744
1006.6	0.02634
1006.8	0.02529
1007.0	0.02418
1007.2	0.02316
1007.4	0.02236
1007.6	0.02152
1007.8	0.02077
1008.0	0.02012
1008.2	0.01955
1008.4	0.01904
1008.6	0.01853
1008.8	0.01797
1009.0	0.01758
1009.2	0.01714
1009.4	0.01671
1009.6	0.01634
1009.8	0.0159
1010.0	0.01554
1010.2	0.01512
1010.4	0.0149
1010.6	0.01457
1010.8	0.01434
1011.0	0.01391
1011.2	0.01372
1011.4	0.01339
1011.6	0.01306
1011.8	0.01283
1012.0	0.01254
1012.2	0.01234
1012.4	0.01214
1012.6	0.01197
1012.8	0.01174
1013.0	0.01153
1013.2	0.01129
1013.4	0.01113
1013.6	0.01092
1013.8	0.01077
1014.0	0.01066
1014.2	0.01047
1014.4	0.01035
1014.6	0.01011
1014.8	0.00991
1015.0	0.00974
1015.2	0.00964
1015.4	0.0095
1015.6	0.00938
1015.8	0.00922
1016.0	0.00911
1016.2	0.00896
1016.4	0.00885
1016.6	0.00876
1016.8	0.00874
1017.0	0.00865
1017.2	0.00856
1017.4	0.00842
1017.6	0.00833
1017.8	0.00828
1018.0	0.00822
1018.2	0.00814
1018.4	0.00804
1018.6	0.00798
1018.8	0.00791
1019.0	0.0078
1019.2	0.0077
1019.4	0.00767
1019.6	0.00762
1019.8	0.00749
1020.0	0.00741
1020.2	0.00737
1020.4	0.00733
1020.6	0.00719
1020.8	0.00719
1021.0	0.00716
1021.2	0.00714
1021.4	0.00705
1021.6	0.00697
1021.8	0.00697
1022.0	0.00696
1022.2	0.00703
1022.4	0.007
1022.6	0.00696
1022.8	0.00692
1023.0	0.00692
1023.2	0.00689
1023.4	0.00692
1023.6	0.0069
1023.8	0.00689
1024.0	0.00685
1024.2	0.00689
1024.4	0.00685
1024.6	0.0069
1024.8	0.00695
1025.0	0.00729
1025.2	0.00776
1025.4	0.00768
1025.6	0.0077
1025.8	0.00774
1026.0	0.0078
1026.2	0.00783
1026.4	0.00779
1026.6	0.00786
1026.8	0.0079
1027.0	0.00791
1027.2	0.00793
1027.4	0.00793
1027.6	0.00798
1027.8	0.00799
1028.0	0.00794
1028.2	0.00805
1028.4	0.00803
1028.6	0.00803
1028.8	0.0081
1029.0	0.00815
1029.2	0.00817
1029.4	0.00816
1029.6	0.00821
1029.8	0.00826
1030.0	0.0083
1030.2	0.00839
1030.4	0.00844
1030.6	0.00844
1030.8	0.00848
1031.0	0.00853
1031.2	0.00863
1031.4	0.00881
1031.6	0.00891
1031.8	0.00893
1032.0	0.00895
1032.2	0.00899
1032.4	0.00906
1032.6	0.00918
1032.8	0.00931
1033.0	0.00939
1033.2	0.00952
1033.4	0.00962
1033.6	0.0097
1033.8	0.00993
1034.0	0.01006
1034.2	0.01016
1034.4	0.01019
1034.6	0.01032
1034.8	0.01042
1035.0	0.01058
1035.2	0.01066
1035.4	0.01085
1035.6	0.011
1035.8	0.01121
1036.0	0.01137
1036.2	0.01156
1036.4	0.01168
1036.6	0.01193
1036.8	0.01208
1037.0	0.01226
1037.2	0.01236
1037.4	0.01271
1037.6	0.01291
1037.8	0.01303
1038.0	0.01317
1038.2	0.01355
1038.4	0.01367
1038.6	0.01392
1038.8	0.01431
1039.0	0.01462
1039.2	0.01492
1039.4	0.01516
1039.6	0.01566
1039.8	0.01594
1040.0	0.01636
1040.2	0.01655
1040.4	0.01697
1040.6	0.01738
1040.8	0.01782
1041.0	0.0183
1041.2	0.01867
1041.4	0.01896
1041.6	0.0194
1041.8	0.02002
1042.0	0.02045
1042.2	0.02109
1042.4	0.02157
1042.6	0.02221
1042.8	0.02285
1043.0	0.02358
1043.2	0.02439
1043.4	0.02519
1043.6	0.02596
1043.8	0.02675
1044.0	0.0275
1044.2	0.02846
1044.4	0.02943
1044.6	0.03045
1044.8	0.03148
1045.0	0.03379
1045.2	0.03616
1045.4	0.03736
1045.6	0.03854
1045.8	0.03987
1046.0	0.04144
1046.2	0.04293
1046.4	0.04471
1046.6	0.0467
1046.8	0.04837
1047.0	0.05047
1047.2	0.05239
1047.4	0.05456
1047.6	0.05715
1047.8	0.05977
1048.0	0.06272
1048.2	0.06568
1048.4	0.06834
1048.6	0.07153
1048.8	0.07546
1049.0	0.07855
1049.2	0.0824
1049.4	0.08639
1049.6	0.09061
1049.8	0.09504
1050.0	0.09972
1050.2	0.10478
1050.4	0.10992
1050.6	0.11565
1050.8	0.12105
1051.0	0.12774
1051.2	0.13488
1051.4	0.14275
1051.6	0.1506
1051.8	0.15869
1052.0	0.16705
1052.2	0.17568
1052.4	0.18371
1052.6	0.19302
1052.8	0.20297
1053.0	0.21282
1053.2	0.22181
1053.4	0.23147
1053.6	0.24256
1053.8	0.25418
1054.0	0.26391
1054.2	0.27392
1054.4	0.28482
1054.6	0.29675
1054.8	0.30563
1055.0	0.31472
1055.2	0.32404
1055.4	0.33194
1055.6	0.33939
1055.8	0.34733
1056.0	0.35413
1056.2	0.36014
1056.4	0.36613
1056.6	0.3721
1056.8	0.37923
1057.0	0.38395
1057.2	0.38727
1057.4	0.39014
1057.6	0.39383
1057.8	0.39636
1058.0	0.39609
1058.2	0.39419
1058.4	0.39361
1058.6	0.39022
1058.8	0.38684
1059.0	0.38295
1059.2	0.3788
1059.4	0.37339
1059.6	0.36799
1059.8	0.36165
1060.0	0.35501
1060.2	0.3481
1060.4	0.33995
1060.6	0.33391
1060.8	0.32752
1061.0	0.32176
1061.2	0.31428
1061.4	0.30602
1061.6	0.29945
1061.8	0.29157
1062.0	0.28328
1062.2	0.27446
1062.4	0.267
1062.6	0.25789
1062.8	0.24946
1063.0	0.24224
1063.2	0.2347
1063.4	0.22802
1063.6	0.22076
1063.8	0.21483
1064.0	0.20946
1064.2	0.20307
1064.4	0.19768
1064.6	0.19287
1064.8	0.1871
1065.0	0.18309
1065.2	0.17898
1065.4	0.17508
1065.6	0.17133
1065.8	0.16766
1066.0	0.16442
1066.2	0.16036
1066.4	0.15772
1066.6	0.15392
1066.8	0.15068
1067.0	0.14815
1067.2	0.14561
1067.4	0.14351
1067.6	0.14108
1067.8	0.139
1068.0	0.13686
1068.2	0.13626
1068.4	0.1331
1068.6	0.13098
1068.8	0.12919
1069.0	0.12755
1069.2	0.12567
1069.4	0.12527
1069.6	0.12428
1069.8	0.12337
1070.0	0.12266
1070.2	0.12163
1070.4	0.12112
1070.6	0.12016
1070.8	0.11932
1071.0	0.11828
1071.2	0.11715
1071.4	0.11667
1071.6	0.1162
1071.8	0.11727
1072.0	0.11739
1072.2	0.11776
1072.4	0.11815
1072.6	0.11787
1072.8	0.11869
1073.0	0.11878
1073.2	0.11922
1073.4	0.12046
1073.6	0.12189
1073.8	0.12285
1074.0	0.12469
1074.2	0.12653
1074.4	0.12831
1074.6	0.12993
1074.8	0.13118
1075.0	0.13349
1075.2	0.13543
1075.4	0.13712
1075.6	0.14029
1075.8	0.14446
1076.0	0.1478
1076.2	0.15178
1076.4	0.15702
1076.6	0.16255
1076.8	0.16981
1077.0	0.1762
1077.2	0.18463
1077.4	0.19303
1077.6	0.20229
1077.8	0.21315
1078.0	0.22248
1078.2	0.23494
1078.4	0.24499
1078.6	0.25743
1078.8	0.26803
1079.0	0.27948
1079.2	0.29073
1079.4	0.30042
1079.6	0.31186
1079.8	0.32073
1080.0	0.32984
1080.2	0.33901
1080.4	0.3466
1080.6	0.35332
1080.8	0.35962
1081.0	0.36332
1081.2	0.36695
1081.4	0.36996
1081.6	0.37001
1081.8	0.36926
1082.0	0.36806
1082.2	0.36654
1082.4	0.36488
1082.6	0.3617
1082.8	0.35876
1083.0	0.35427
1083.2	0.34935
1083.4	0.34306
1083.6	0.33721
1083.8	0.33062
1084.0	0.32493
1084.2	0.31954
1084.4	0.31452
1084.6	0.30919
1084.8	0.30585
1085.0	0.30233
1085.2	0.29954
1085.4	0.29619
1085.6	0.29307
1085.8	0.29287
1086.0	0.29388
1086.2	0.29537
1086.4	0.2962
1086.6	0.29676
1086.8	0.29976
1087.0	0.30104
1087.2	0.30298
1087.4	0.3049
1087.6	0.3078
1087.8	0.31153
1088.0	0.3157
1088.2	0.32067
1088.4	0.32601
1088.6	0.32878
1088.8	0.33144
1089.0	0.33872
1089.2	0.34266
1089.4	0.34742
1089.6	0.35222
1089.8	0.35993
1090.0	0.35905
1090.2	0.35913
1090.4	0.36404
1090.6	0.37211
1090.8	0.37736
1091.0	0.38142
1091.2	0.3855
1091.4	0.38931
1091.6	0.39281
1091.8	0.39918
1092.0	0.40239
1092.2	0.40543
1092.4	0.40685
1092.6	0.41073
1092.8	0.41514
1093.0	0.41835
1093.2	0.42432
1093.4	0.42722
1093.6	0.43094
1093.8	0.43374
1094.0	0.43678
1094.2	0.43816
1094.4	0.4382
1094.6	0.43848
1094.8	0.43896
1095.0	0.44018
1095.2	0.44307
1095.4	0.44139
1095.6	0.44154
1095.8	0.44128
1096.0	0.43762
1096.2	0.43785
1096.4	0.43704
1096.6	0.43568
1096.8	0.4334
1097.0	0.43124
1097.2	0.42806
1097.4	0.42435
1097.6	0.42084
1097.8	0.41651
1098.0	0.41152
1098.2	0.40708
1098.4	0.40276
1098.6	0.39933
1098.8	0.39439
1099.0	0.39165
1099.2	0.38751
1099.4	0.38418
1099.6	0.38055
1099.8	0.3767
1100.0	0.37412
1100.2	0.37096
1100.4	0.36506
1100.6	0.35957
1100.8	0.3569
1101.0	0.35205
1101.2	0.34858
1101.4	0.34286
1101.6	0.33958
1101.8	0.33474
1102.0	0.33039
1102.2	0.32449
1102.4	0.3201
1102.6	0.31719
1102.8	0.3152
1103.0	0.30896
1103.2	0.30624
1103.4	0.30374
1103.6	0.29925
1103.8	0.29512
1104.0	0.29182
1104.2	0.28831
1104.4	0.28513
1104.6	0.28357
1104.8	0.28
1105.0	0.27851
1105.2	0.2759
1105.4	0.27282
1105.6	0.27187
1105.8	0.26747
1106.0	0.26638
1106.2	0.26532
1106.4	0.26416
1106.6	0.26109
1106.8	0.26095
1107.0	0.26213
1107.2	0.2598
1107.4	0.25871
1107.6	0.25775
1107.8	0.25896
1108.0	0.25712
1108.2	0.25726
1108.4	0.25862
1108.6	0.26062
1108.8	0.26188
1109.0	0.26228
1109.2	0.26399
1109.4	0.26667
1109.6	0.26653
1109.8	0.2691
1110.0	0.27148
1110.2	0.27474
1110.4	0.27986
1110.6	0.28495
1110.8	0.28972
1111.0	0.29368
1111.2	0.29822
1111.4	0.30499
1111.6	0.31221
1111.8	0.31758
1112.0	0.32623
1112.2	0.33271
1112.4	0.34434
1112.6	0.34966
1112.8	0.36199
1113.0	0.3695
1113.2	0.37879
1113.4	0.38715
1113.6	0.39858
1113.8	0.4081
1114.0	0.41926
1114.2	0.42753
1114.4	0.4356
1114.6	0.44368
1114.8	0.45103
1115.0	0.46134
1115.2	0.46738
1115.4	0.47081
1115.6	0.47727
1115.8	0.48272
1116.0	0.48724
1116.2	0.4881
1116.4	0.48621
1116.6	0.48773
1116.8	0.48381
1117.0	0.48041
1117.2	0.48064
1117.4	0.47626
1117.6	0.47326
1117.8	0.46798
1118.0	0.46059
1118.2	0.45429
1118.4	0.44529
1118.6	0.43984
1118.8	0.43
1119.0	0.42136
1119.2	0.41105
1119.4	0.40478
1119.6	0.39161
1119.8	0.38265
1120.0	0.37358
1120.2	0.3649
1120.4	0.35333
1120.6	0.34566
1120.8	0.33825
1121.0	0.32599
1121.2	0.31708
1121.4	0.3096
1121.6	0.30357
1121.8	0.29629
1122.0	0.28914
1122.2	0.28301
1122.4	0.27753
1122.6	0.27363
1122.8	0.2678
1123.0	0.26389
1123.2	0.26026
1123.4	0.25626
1123.6	0.25167
1123.8	0.24705
1124.0	0.24549
1124.2	0.2429
1124.4	0.23954
1124.6	0.23693
1124.8	0.23412
1125.0	0.23073
