Typical Measured Spectrum of Semrock FF01-536/40 Optical Filter	
For wavelengths between 320 and 1120 nm, values near or below 3e-7 (Optical Density 6.5) are measurement noise limited.
For wavelengths < 320 nm and > 1120 nm, values near or below 3e-6 (Optical Density 5.5) are measurement noise limited. 
Data format:  Wavelength (nm) <tab> Transmission (0 to 1)
270.0	1.7454e-05
270.2	1.6632e-05
270.4	1.5849e-05
270.6	1.5102e-05
270.8	1.4391e-05
271.0	1.3714e-05
271.2	1.3068e-05
271.4	1.2453e-05
271.6	1.1866e-05
271.8	1.1308e-05
272.0	1.0775e-05
272.2	1.0268e-05
272.4	9.7842e-06
272.6	9.3235e-06
272.8	9.1766e-06
273.0	9.2206e-06
273.2	9.2649e-06
273.4	9.3094e-06
273.6	9.3541e-06
273.8	9.3991e-06
274.0	9.4442e-06
274.2	9.4895e-06
274.4	9.5351e-06
274.6	9.5809e-06
274.8	9.6269e-06
275.0	9.6732e-06
275.2	8.2641e-06
275.4	7.0603e-06
275.6	6.0318e-06
275.8	5.1532e-06
276.0	4.4025e-06
276.2	3.7612e-06
276.4	3.2133e-06
276.6	2.7452e-06
276.8	2.3453e-06
277.0	2.0037e-06
277.2	1.7118e-06
277.4	1.4625e-06
277.6	1.2494e-06
277.8	1.1783e-06
278.0	1.1604e-06
278.2	1.1428e-06
278.4	1.1255e-06
278.6	1.1085e-06
278.8	1.0917e-06
279.0	1.0751e-06
279.2	1.0588e-06
279.4	1.0428e-06
279.6	1.027e-06
279.8	1.0114e-06
280.0	9.9606e-07
280.2	9.8096e-07
280.4	9.661e-07
280.6	9.5145e-07
280.8	9.3703e-07
281.0	9.2283e-07
281.2	9.0884e-07
281.4	8.9507e-07
281.6	8.815e-07
281.8	8.6677e-07
282.0	8.5198e-07
282.2	8.3744e-07
282.4	8.2315e-07
282.6	8.091e-07
282.8	7.9529e-07
283.0	7.8171e-07
283.2	7.6837e-07
283.4	7.5525e-07
283.6	7.4236e-07
283.8	7.2969e-07
284.0	7.1724e-07
284.2	7.05e-07
284.4	6.9296e-07
284.6	6.8114e-07
284.8	6.6951e-07
285.0	6.5808e-07
285.2	6.4685e-07
285.4	6.3581e-07
285.6	6.2496e-07
285.8	6.9998e-07
286.0	7.9115e-07
286.2	8.942e-07
286.4	1.0107e-06
286.6	1.1423e-06
286.8	1.2911e-06
287.0	1.4593e-06
287.2	1.6494e-06
287.4	1.8642e-06
287.6	2.107e-06
287.8	2.3815e-06
288.0	2.6916e-06
288.2	3.0422e-06
288.4	3.4385e-06
288.6	3.8864e-06
288.8	4.3926e-06
289.0	4.9647e-06
289.2	5.6114e-06
289.4	6.3423e-06
289.6	7.1022e-06
289.8	6.9585e-06
290.0	6.8178e-06
290.2	6.6799e-06
290.4	6.5448e-06
290.6	6.4125e-06
290.8	6.2828e-06
291.0	6.1557e-06
291.2	6.0312e-06
291.4	5.9093e-06
291.6	5.7897e-06
291.8	5.6727e-06
292.0	5.5579e-06
292.2	5.4455e-06
292.4	5.3354e-06
292.6	5.2275e-06
292.8	5.1218e-06
293.0	5.0182e-06
293.2	4.9167e-06
293.4	4.8173e-06
293.6	4.3606e-06
293.8	2.9037e-06
294.0	1.9336e-06
294.2	1.2875e-06
294.4	8.5736e-07
294.6	5.7091e-07
294.8	3.8017e-07
295.0	2.5315e-07
295.2	1.8992e-07
295.4	1.4248e-07
295.6	1.2395e-07
295.8	1.3803e-07
296.0	1.537e-07
296.2	1.7115e-07
296.4	1.9058e-07
296.6	2.1222e-07
296.8	2.3631e-07
297.0	2.6314e-07
297.2	2.9302e-07
297.4	3.2629e-07
297.6	3.6334e-07
297.8	4.0459e-07
298.0	4.5053e-07
298.2	5.0168e-07
298.4	5.5864e-07
298.6	6.2207e-07
298.8	6.927e-07
299.0	7.7135e-07
299.2	8.5893e-07
299.4	9.5645e-07
299.6	1.054e-06
299.8	1.0453e-06
300.0	1.0367e-06
300.2	1.0282e-06
300.4	1.0198e-06
300.6	1.0114e-06
300.8	1.0031e-06
301.0	9.9482e-07
301.2	9.8664e-07
301.4	9.7852e-07
301.6	9.7048e-07
301.8	9.625e-07
302.0	9.5459e-07
302.2	9.4674e-07
302.4	9.3895e-07
302.6	9.3123e-07
302.8	9.2358e-07
303.0	9.1598e-07
303.2	9.0845e-07
303.4	9.0098e-07
303.6	8.9357e-07
303.8	9.9589e-07
304.0	1.1407e-06
304.2	1.3066e-06
304.4	1.4966e-06
304.6	1.7143e-06
304.8	1.9636e-06
305.0	2.2491e-06
305.2	2.8109e-06
305.4	6.0499e-06
305.6	8.7125e-06
305.8	2.553e-06
306.0	1.4218e-06
306.2	1.4155e-06
306.4	1.4016e-06
306.6	1.464e-06
306.8	2.1676e-06
307.0	2.241e-06
307.2	1.4668e-06
307.4	1.3029e-06
307.6	1.2886e-06
307.8	1.2802e-06
308.0	1.7779e-06
308.2	4.599e-06
308.4	5.2558e-06
308.6	3.9062e-06
308.8	3.0805e-06
309.0	3.284e-06
309.2	8.0232e-06
309.4	5.6679e-06
309.6	1.5703e-06
309.8	1.9154e-06
310.0	2.9175e-06
310.2	4.4575e-06
310.4	5.1545e-06
310.6	4.4076e-06
310.8	4.291e-06
311.0	4.0793e-06
311.2	2.1292e-06
311.4	1.9733e-06
311.6	4.4067e-06
311.8	8.9691e-06
312.0	1.7457e-05
312.2	1.273e-05
312.4	7.8756e-06
312.6	3.3799e-06
312.8	1.8752e-06
313.0	1.2219e-06
313.2	1.7116e-06
313.4	2.5672e-06
313.6	3.8757e-06
313.8	4.7235e-06
314.0	4.7614e-06
314.2	2.4152e-06
314.4	1.2036e-06
314.6	1.203e-06
314.8	1.2001e-06
315.0	1.1943e-06
315.2	1.1855e-06
315.4	1.205e-06
315.6	1.8006e-06
315.8	1.9981e-06
316.0	1.3214e-06
316.2	1.1512e-06
316.4	1.1489e-06
316.6	2.5544e-06
316.8	3.6322e-06
317.0	1.5983e-06
317.2	1.6676e-06
317.4	3.1703e-06
317.6	1.8832e-06
317.8	1.1111e-06
318.0	1.1009e-06
318.2	1.6519e-06
318.4	3.723e-06
318.6	3.0879e-06
318.8	2.2524e-06
319.0	3.3825e-06
319.2	4.2668e-06
319.4	4.2511e-06
319.6	2.3208e-06
319.8	1.0479e-06
320.0	1.0367e-06
320.2	1.0249e-06
320.4	1.012e-06
320.6	1.9945e-06
320.8	5.7037e-06
321.0	2.1544e-06
321.2	1.1062e-06
321.4	1.6812e-06
321.6	2.3351e-06
321.8	3.0303e-06
322.0	1.8082e-06
322.2	1.0938e-06
322.4	1.1205e-06
322.6	1.7133e-06
322.8	3.9418e-06
323.0	5.1829e-06
323.2	5.6525e-06
323.4	4.1253e-06
323.6	2.5926e-06
323.8	1.3197e-06
324.0	1.7012e-06
324.2	3.1021e-06
324.4	3.5354e-06
324.6	2.8969e-06
324.8	1.233e-06
325.0	8.9671e-07
325.2	8.7584e-07
325.4	1.6035e-06
325.6	2.1703e-06
325.8	1.1318e-06
326.0	1.4619e-06
326.2	3.7963e-06
326.4	2.6678e-06
326.6	1.7889e-06
326.8	2.2675e-06
327.0	1.852e-06
327.2	9.5731e-07
327.4	2.0762e-06
327.6	5.5152e-06
327.8	3.8838e-06
328.0	2.2329e-06
328.2	9.6461e-07
328.4	7.5071e-07
328.6	7.5833e-07
328.8	2.1485e-06
329.0	3.917e-06
329.2	3.0344e-06
329.4	1.6175e-06
329.6	7.0186e-07
329.8	6.686e-07
330.0	6.6111e-07
330.2	6.5409e-07
330.4	1.248e-06
330.6	3.9077e-06
330.8	3.7297e-06
331.0	3.1433e-06
331.2	3.1097e-06
331.4	3.5342e-06
331.6	4.6142e-06
331.8	4.2002e-06
332.0	3.4755e-06
332.2	2.7035e-06
332.4	1.644e-06
332.6	7.1638e-07
332.8	1.3307e-06
333.0	3.997e-06
333.2	4.8989e-06
333.4	3.9988e-06
333.6	1.5342e-06
333.8	1.4472e-06
334.0	2.1699e-06
334.2	2.7652e-06
334.4	3.2766e-06
334.6	3.2622e-06
334.8	3.8779e-06
335.0	5.2141e-06
335.2	4.3973e-06
335.4	3.7405e-06
335.6	3.9938e-06
335.8	3.7462e-06
336.0	3.1104e-06
336.2	3.8085e-06
336.4	4.9339e-06
336.6	5.4109e-06
336.8	5.7835e-06
337.0	5.987e-06
337.2	6.1973e-06
337.4	6.2902e-06
337.6	4.8141e-06
337.8	4.4842e-06
338.0	5.7946e-06
338.2	4.9896e-06
338.4	3.5648e-06
338.6	4.0326e-06
338.8	4.3867e-06
339.0	4.3416e-06
339.2	5.3137e-06
339.4	7.428e-06
339.6	5.4526e-06
339.8	4.4731e-06
340.0	6.2462e-06
340.2	6.3312e-06
340.4	4.9112e-06
340.6	5.2619e-06
340.8	5.9821e-06
341.0	7.0282e-06
341.2	7.9238e-06
341.4	8.5432e-06
341.6	8.6358e-06
341.8	8.3984e-06
342.0	6.7307e-06
342.2	6.4968e-06
342.4	8.1955e-06
342.6	9.286e-06
342.8	1.0051e-05
343.0	9.7505e-06
343.2	9.6742e-06
343.4	1.0018e-05
343.6	9.679e-06
343.8	9.0154e-06
344.0	9.5247e-06
344.2	1.0145e-05
344.4	1.0909e-05
344.6	1.0843e-05
344.8	1.0204e-05
345.0	1.0788e-05
345.2	1.1372e-05
345.4	1.1291e-05
345.6	1.0781e-05
345.8	9.9365e-06
346.0	1.0656e-05
346.2	1.1702e-05
346.4	1.2384e-05
346.6	1.2671e-05
346.8	1.245e-05
347.0	1.1343e-05
347.2	1.0368e-05
347.4	1.2758e-05
347.6	1.4746e-05
347.8	1.5454e-05
348.0	1.4913e-05
348.2	1.3944e-05
348.4	1.5938e-05
348.6	1.7445e-05
348.8	1.7487e-05
349.0	1.7725e-05
349.2	1.8078e-05
349.4	1.721e-05
349.6	1.6129e-05
349.8	1.4607e-05
350.0	1.5509e-05
350.2	1.8521e-05
350.4	1.7756e-05
350.6	1.6978e-05
350.8	1.7909e-05
351.0	1.7831e-05
351.2	1.6814e-05
351.4	1.6498e-05
351.6	1.6487e-05
351.8	1.7509e-05
352.0	1.8029e-05
352.2	1.7877e-05
352.4	1.9036e-05
352.6	2.0513e-05
352.8	1.9527e-05
353.0	1.9312e-05
353.2	2.0272e-05
353.4	2.1243e-05
353.6	2.2174e-05
353.8	1.8868e-05
354.0	1.7257e-05
354.2	1.8272e-05
354.4	1.9133e-05
354.6	1.9909e-05
354.8	1.649e-05
355.0	1.4535e-05
355.2	1.5603e-05
355.4	1.6125e-05
355.6	1.621e-05
355.8	1.6655e-05
356.0	1.7128e-05
356.2	1.7506e-05
356.4	1.8756e-05
356.6	2.0989e-05
356.8	2.4753e-05
357.0	2.9548e-05
357.2	3.5619e-05
357.4	4.0814e-05
357.6	4.4117e-05
357.8	3.9738e-05
358.0	3.4219e-05
358.2	3.194e-05
358.4	2.9911e-05
358.6	2.8146e-05
358.8	2.6833e-05
359.0	2.5781e-05
359.2	2.6642e-05
359.4	2.7908e-05
359.6	2.9999e-05
359.8	3.66e-05
360.0	4.7663e-05
360.2	6.2124e-05
360.4	9.7723e-05
360.6	1.9084e-04
360.8	4.1731e-04
361.0	8.9714e-04
361.2	0.00113
361.4	0.0011
361.6	7.2709e-04
361.8	5.0361e-04
362.0	3.5595e-04
362.2	2.7707e-04
362.4	2.243e-04
362.6	1.9663e-04
362.8	1.9226e-04
363.0	1.9988e-04
363.2	2.2755e-04
363.4	2.7118e-04
363.6	3.6317e-04
363.8	5.0062e-04
364.0	7.0527e-04
364.2	9.6082e-04
364.4	0.00128
364.6	0.00158
364.8	0.00186
365.0	0.00208
365.2	0.00216
365.4	0.00219
365.6	0.0022
365.8	0.00224
366.0	0.00233
366.2	0.00262
366.4	0.00306
366.6	0.00398
366.8	0.00532
367.0	0.00745
367.2	0.00973
367.4	0.01229
367.6	0.01215
367.8	0.01146
368.0	0.00974
368.2	0.00849
368.4	0.00751
368.6	0.00737
368.8	0.00751
369.0	0.00842
369.2	0.01027
369.4	0.01344
369.6	0.01695
369.8	0.02011
370.0	0.01831
370.2	0.01347
370.4	0.00949
370.6	0.00636
370.8	0.00468
371.0	0.00357
371.2	0.00301
371.4	0.00267
371.6	0.00257
371.8	0.00269
372.0	0.00294
372.2	0.00377
372.4	0.0052
372.6	0.00828
372.8	0.01288
373.0	0.01978
373.2	0.01735
373.4	0.01362
373.6	0.00843
373.8	0.00573
374.0	0.00417
374.2	0.00351
374.4	0.00309
374.6	0.00307
374.8	0.00327
375.0	0.00373
375.2	0.00461
375.4	0.00568
375.6	0.00631
375.8	0.0059
376.0	0.00449
376.2	0.00298
376.4	0.0019
376.6	0.00131
376.8	9.5654e-04
377.0	7.718e-04
377.2	6.8457e-04
377.4	6.331e-04
377.6	6.7432e-04
377.8	7.5937e-04
378.0	9.6004e-04
378.2	0.00124
378.4	0.00163
378.6	0.00176
378.8	0.00173
379.0	0.00135
379.2	0.00102
379.4	7.517e-04
379.6	5.9276e-04
379.8	4.8864e-04
380.0	4.6498e-04
380.2	4.8696e-04
380.4	5.0998e-04
380.6	5.3409e-04
380.8	5.5934e-04
381.0	5.8578e-04
381.2	6.1347e-04
381.4	6.4247e-04
381.6	6.7284e-04
381.8	7.0465e-04
382.0	7.3796e-04
382.2	7.7285e-04
382.4	8.0938e-04
382.6	8.4764e-04
382.8	8.8771e-04
383.0	8.35e-04
383.2	7.6397e-04
383.4	6.9897e-04
383.6	6.3951e-04
383.8	5.851e-04
384.0	5.3533e-04
384.2	4.8979e-04
384.4	4.4812e-04
384.6	4.0999e-04
384.8	3.7512e-04
385.0	3.432e-04
385.2	3.1401e-04
385.4	2.8729e-04
385.6	2.6285e-04
385.8	2.4049e-04
386.0	2.2003e-04
386.2	2.0131e-04
386.4	1.8419e-04
386.6	1.6852e-04
386.8	1.5418e-04
387.0	1.4505e-04
387.2	1.3967e-04
387.4	1.345e-04
387.6	1.2951e-04
387.8	1.2471e-04
388.0	1.2009e-04
388.2	1.1564e-04
388.4	1.1135e-04
388.6	1.0723e-04
388.8	1.0325e-04
389.0	9.9425e-05
389.2	9.574e-05
389.4	9.2191e-05
389.6	8.8774e-05
389.8	8.5484e-05
390.0	8.2315e-05
390.2	7.4962e-05
390.4	6.8266e-05
390.6	6.2168e-05
390.8	5.6615e-05
391.0	5.1557e-05
391.2	4.6952e-05
391.4	4.2758e-05
391.6	3.8938e-05
391.8	3.546e-05
392.0	3.2292e-05
392.2	2.9408e-05
392.4	2.6781e-05
392.6	2.4388e-05
392.8	2.221e-05
393.0	1.8758e-05
393.2	1.5518e-05
393.4	1.2838e-05
393.6	1.0621e-05
393.8	8.7872e-06
394.0	7.2697e-06
394.2	6.0143e-06
394.4	4.9757e-06
394.6	4.1164e-06
394.8	3.4056e-06
395.0	2.8175e-06
395.2	2.3309e-06
395.4	1.9284e-06
395.6	1.5954e-06
395.8	1.3199e-06
396.0	1.0919e-06
396.2	9.0337e-07
396.4	7.4736e-07
396.6	6.183e-07
396.8	5.1153e-07
397.0	4.635e-07
397.2	4.5314e-07
397.4	4.43e-07
397.6	4.331e-07
397.8	4.2341e-07
398.0	4.1394e-07
398.2	4.0468e-07
398.4	3.9563e-07
398.6	3.8678e-07
398.8	3.7813e-07
399.0	3.6968e-07
399.2	3.6141e-07
399.4	3.5333e-07
399.6	3.4542e-07
399.8	3.377e-07
400.0	3.3015e-07
400.2	3.32e-07
400.4	3.3387e-07
400.6	3.3575e-07
400.8	3.3764e-07
401.0	3.3954e-07
401.2	3.4144e-07
401.4	3.4337e-07
401.6	3.453e-07
401.8	3.4724e-07
402.0	3.4919e-07
402.2	3.5116e-07
402.4	3.5313e-07
402.6	3.5512e-07
402.8	3.5711e-07
403.0	3.5066e-07
403.2	3.4167e-07
403.4	3.329e-07
403.6	3.2437e-07
403.8	3.1605e-07
404.0	3.0794e-07
404.2	3.0005e-07
404.4	2.9235e-07
404.6	2.8485e-07
404.8	2.7755e-07
405.0	2.7043e-07
405.2	2.635e-07
405.4	2.5674e-07
405.6	2.5016e-07
405.8	2.4374e-07
406.0	2.3749e-07
406.2	2.314e-07
406.4	2.2546e-07
406.6	2.1968e-07
406.8	2.1405e-07
407.0	2.1269e-07
407.2	2.1513e-07
407.4	2.1759e-07
407.6	2.2008e-07
407.8	2.226e-07
408.0	2.2515e-07
408.2	2.2772e-07
408.4	2.3033e-07
408.6	2.3297e-07
408.8	2.3564e-07
409.0	2.3833e-07
409.2	2.4106e-07
409.4	2.4382e-07
409.6	2.4661e-07
409.8	2.4943e-07
410.0	2.5229e-07
410.2	2.5178e-07
410.4	2.5126e-07
410.6	2.5075e-07
410.8	2.5024e-07
411.0	2.4973e-07
411.2	2.4922e-07
411.4	2.4872e-07
411.6	2.4821e-07
411.8	2.477e-07
412.0	2.472e-07
412.2	2.467e-07
412.4	2.462e-07
412.6	2.4569e-07
412.8	2.4519e-07
413.0	2.4896e-07
413.2	2.5392e-07
413.4	2.5898e-07
413.6	2.6414e-07
413.8	2.694e-07
414.0	2.7476e-07
414.2	2.8024e-07
414.4	2.8582e-07
414.6	2.9151e-07
414.8	2.9731e-07
415.0	3.0324e-07
415.2	3.0927e-07
415.4	3.1543e-07
415.6	3.2172e-07
415.8	3.2812e-07
416.0	3.3466e-07
416.2	3.4132e-07
416.4	3.4812e-07
416.6	3.5505e-07
416.8	3.6213e-07
417.0	3.7281e-07
417.2	3.8647e-07
417.4	4.0064e-07
417.6	4.1532e-07
417.8	4.3054e-07
418.0	4.4632e-07
418.2	4.6267e-07
418.4	4.7963e-07
418.6	4.9721e-07
418.8	5.1543e-07
419.0	5.3432e-07
419.2	5.539e-07
419.4	5.742e-07
419.6	5.9524e-07
419.8	6.1706e-07
420.0	6.3967e-07
420.2	6.6241e-07
420.4	6.8597e-07
420.6	7.1036e-07
420.8	7.3562e-07
421.0	7.6177e-07
421.2	7.8886e-07
421.4	8.1691e-07
421.6	8.4596e-07
421.8	8.7604e-07
422.0	9.0719e-07
422.2	9.3944e-07
422.4	9.7285e-07
422.6	1.0074e-06
422.8	1.0433e-06
423.0	1.0618e-06
423.2	1.0745e-06
423.4	1.0874e-06
423.6	1.1004e-06
423.8	1.1135e-06
424.0	1.1269e-06
424.2	1.1403e-06
424.4	1.154e-06
424.6	1.1678e-06
424.8	1.1817e-06
425.0	1.1958e-06
425.2	1.1868e-06
425.4	1.1779e-06
425.6	1.169e-06
425.8	1.1602e-06
426.0	1.1515e-06
426.2	1.1428e-06
426.4	1.1342e-06
426.6	1.1257e-06
426.8	1.1172e-06
427.0	1.1465e-06
427.2	1.2107e-06
427.4	1.2784e-06
427.6	1.3499e-06
427.8	1.4254e-06
428.0	1.4366e-06
428.2	1.4267e-06
428.4	1.4168e-06
428.6	1.407e-06
428.8	1.3973e-06
429.0	1.3877e-06
429.2	1.3781e-06
429.4	1.3686e-06
429.6	1.3591e-06
429.8	1.3498e-06
430.0	1.3404e-06
430.2	1.3732e-06
430.4	1.4068e-06
430.6	1.4412e-06
430.8	1.4764e-06
431.0	1.5125e-06
431.2	1.5495e-06
431.4	1.5874e-06
431.6	1.6262e-06
431.8	1.666e-06
432.0	1.5864e-06
432.2	1.4228e-06
432.4	1.2761e-06
432.6	1.1445e-06
432.8	1.0264e-06
433.0	9.2059e-07
433.2	8.2566e-07
433.4	7.4052e-07
433.6	6.6415e-07
433.8	5.9566e-07
434.0	5.3424e-07
434.2	4.7914e-07
434.4	4.2973e-07
434.6	3.8542e-07
434.8	3.4567e-07
435.0	3.1003e-07
435.2	3.1222e-07
435.4	3.1443e-07
435.6	3.1666e-07
435.8	3.189e-07
436.0	3.2116e-07
436.2	3.2343e-07
436.4	3.2572e-07
436.6	3.2802e-07
436.8	3.3035e-07
437.0	3.3268e-07
437.2	3.3504e-07
437.4	3.3741e-07
437.6	3.398e-07
437.8	3.422e-07
438.0	3.4463e-07
438.2	3.4707e-07
438.4	3.4952e-07
438.6	3.52e-07
438.8	3.5449e-07
439.0	3.57e-07
439.2	3.5999e-07
439.4	3.6302e-07
439.6	3.6608e-07
439.8	3.6916e-07
440.0	3.7227e-07
440.2	3.754e-07
440.4	3.7856e-07
440.6	3.8175e-07
440.8	3.8496e-07
441.0	3.8821e-07
441.2	3.9147e-07
441.4	3.9477e-07
441.6	3.9809e-07
441.8	4.0145e-07
442.0	4.0483e-07
442.2	4.0824e-07
442.4	4.1167e-07
442.6	4.15e-07
442.8	4.1808e-07
443.0	4.2118e-07
443.2	4.2431e-07
443.4	4.2745e-07
443.6	4.3062e-07
443.8	4.3382e-07
444.0	4.3704e-07
444.2	4.4028e-07
444.4	4.4354e-07
444.6	4.4683e-07
444.8	4.5015e-07
445.0	4.5348e-07
445.2	4.5685e-07
445.4	4.6024e-07
445.6	4.6365e-07
445.8	4.6709e-07
446.0	4.7055e-07
446.2	4.4397e-07
446.4	4.1426e-07
446.6	3.8654e-07
446.8	3.6067e-07
447.0	3.3654e-07
447.2	3.1402e-07
447.4	2.93e-07
447.6	2.734e-07
447.8	2.551e-07
448.0	2.3803e-07
448.2	2.221e-07
448.4	2.0724e-07
448.6	1.9337e-07
448.8	1.8043e-07
449.0	1.6836e-07
449.2	1.5709e-07
449.4	1.4658e-07
449.6	1.3677e-07
449.8	1.2762e-07
450.0	1.1908e-07
450.2	4.6392e-08
450.4	4.4722e-08
450.6	9.6205e-08
450.8	1.0955e-07
451.0	5.6694e-08
451.2	2.3435e-07
451.4	1.331e-07
451.6	2.3259e-07
451.8	7.9631e-08
452.0	9.9333e-08
452.2	2.1986e-07
452.4	1.2432e-07
452.6	5.2032e-08
452.8	5.5438e-08
453.0	4.8137e-08
453.2	1.1201e-07
453.4	2.0542e-07
453.6	1.222e-07
453.8	8.8338e-08
454.0	5.2199e-08
454.2	1.0828e-07
454.4	2.7199e-07
454.6	1.458e-07
454.8	4.8353e-08
455.0	8.3363e-08
455.2	1.1498e-07
455.4	6.6693e-08
455.6	6.45e-08
455.8	1.0059e-07
456.0	8.3013e-08
456.2	7.7009e-08
456.4	4.4276e-08
456.6	8.746e-08
456.8	7.2528e-08
457.0	5.8314e-08
457.2	9.5721e-08
457.4	4.0762e-08
457.6	4.0615e-08
457.8	6.8677e-08
458.0	1.0107e-07
458.2	1.4413e-07
458.4	1.9311e-07
458.6	1.5455e-07
458.8	1.1396e-07
459.0	4.7628e-08
459.2	3.9717e-08
459.4	6.2996e-08
459.6	1.2592e-07
459.8	1.5728e-07
460.0	1.4249e-07
460.2	1.5636e-07
460.4	5.5948e-08
460.6	8.2046e-08
460.8	9.8574e-08
461.0	3.8771e-08
461.2	3.8678e-08
461.4	5.458e-08
461.6	7.2749e-08
461.8	1.6575e-07
462.0	1.2268e-07
462.2	4.7379e-08
462.4	1.1293e-07
462.6	4.8315e-08
462.8	5.2188e-08
463.0	9.1197e-08
463.2	1.1344e-07
463.4	8.1137e-08
463.6	4.1707e-08
463.8	9.9438e-08
464.0	5.3052e-08
464.2	5.237e-08
464.4	5.1312e-08
464.6	3.712e-08
464.8	3.696e-08
465.0	3.6832e-08
465.2	3.6725e-08
465.4	3.6634e-08
465.6	5.4624e-08
465.8	9.0003e-08
466.0	6.1484e-08
466.2	3.774e-08
466.4	8.9892e-08
466.6	5.4468e-08
466.8	3.5872e-08
467.0	4.4524e-08
467.2	9.0744e-08
467.4	9.1427e-08
467.6	3.8069e-08
467.8	3.5358e-08
468.0	3.5215e-08
468.2	3.5082e-08
468.4	3.8915e-08
468.6	8.1806e-08
468.8	7.0888e-08
469.0	2.1119e-07
469.2	2.3308e-07
469.4	1.5784e-07
469.6	8.4257e-08
469.8	3.5108e-08
470.0	7.2047e-08
470.2	3.7622e-08
470.4	3.4157e-08
470.6	8.8587e-08
470.8	2.02e-07
471.0	1.4395e-07
471.2	2.732e-07
471.4	1.0742e-07
471.6	4.0277e-08
471.8	5.1879e-08
472.0	1.1384e-07
472.2	1.5051e-07
472.4	3.3696e-08
472.6	1.0054e-07
472.8	7.574e-08
473.0	8.5614e-08
473.2	9.7868e-08
473.4	1.0829e-07
473.6	1.2372e-07
473.8	9.8026e-08
474.0	4.2525e-08
474.2	4.3449e-08
474.4	7.4848e-08
474.6	5.7185e-08
474.8	4.2278e-08
475.0	8.9613e-08
475.2	3.7314e-08
475.4	3.1375e-08
475.6	3.6188e-08
475.8	7.2203e-08
476.0	1.109e-07
476.2	7.5095e-08
476.4	3.1236e-08
476.6	7.2512e-08
476.8	7.2738e-08
477.0	6.0839e-08
477.2	6.0632e-08
477.4	6.8669e-08
477.6	8.1676e-08
477.8	3.3979e-08
478.0	2.9941e-08
478.2	5.0352e-08
478.4	6.9343e-08
478.6	5.183e-08
478.8	6.8297e-08
479.0	3.1119e-08
479.2	1.2848e-07
479.4	1.14e-07
479.6	7.3769e-08
479.8	6.9385e-08
480.0	1.1297e-07
480.2	7.2033e-08
480.4	2.9948e-08
480.6	2.853e-08
480.8	2.8412e-08
481.0	6.4125e-08
481.2	2.5611e-07
481.4	9.503e-08
481.6	1.1014e-07
481.8	8.7159e-08
482.0	4.0707e-08
482.2	2.7607e-08
482.4	4.0271e-08
482.6	1.3221e-07
482.8	4.7996e-08
483.0	2.7415e-08
483.2	1.3887e-07
483.4	1.8269e-07
483.6	1.386e-07
483.8	1.2017e-07
484.0	2.0733e-07
484.2	4.9114e-08
484.4	2.7705e-08
484.6	8.3817e-08
484.8	1.0105e-07
485.0	9.1604e-08
485.2	1.1079e-07
485.4	3.0777e-08
485.6	1.0654e-07
485.8	1.7383e-07
486.0	5.0834e-08
486.2	2.5507e-08
486.4	3.8629e-08
486.6	1.4438e-07
486.8	3.4682e-08
487.0	3.9224e-08
487.2	3.0355e-08
487.4	2.4934e-08
487.6	3.9588e-08
487.8	9.511e-08
488.0	7.5363e-08
488.2	9.0239e-08
488.4	5.692e-08
488.6	2.9857e-08
488.8	4.0847e-08
489.0	5.3734e-08
489.2	2.5716e-08
489.4	6.1258e-08
489.6	3.4925e-08
489.8	2.3737e-08
490.0	2.3672e-08
490.2	5.6836e-08
490.4	1.7031e-07
490.6	7.0826e-08
490.8	6.9595e-08
491.0	6.9297e-08
491.2	6.4206e-08
491.4	8.2564e-08
491.6	9.5983e-08
491.8	5.1851e-08
492.0	1.2343e-07
492.2	1.5073e-07
492.4	8.3946e-08
492.6	3.9561e-08
492.8	4.3057e-08
493.0	8.2783e-08
493.2	6.5213e-08
493.4	4.7048e-08
493.6	2.8306e-08
493.8	2.1818e-08
494.0	2.9122e-08
494.2	5.3883e-08
494.4	2.6186e-08
494.6	6.226e-08
494.8	4.7109e-08
495.0	8.5453e-08
495.2	9.5937e-08
495.4	4.178e-08
495.6	4.3102e-08
495.8	1.037e-07
496.0	8.6465e-08
496.2	6.9042e-08
496.4	6.2142e-08
496.6	5.6208e-08
496.8	4.255e-08
497.0	1.0168e-07
497.2	6.1908e-08
497.4	7.6314e-08
497.6	8.0993e-08
497.8	6.2637e-08
498.0	5.108e-08
498.2	1.6872e-07
498.4	1.071e-07
498.6	4.4262e-08
498.8	2.4359e-08
499.0	5.5355e-08
499.2	1.6267e-07
499.4	1.7606e-07
499.6	1.7534e-07
499.8	1.1776e-07
500.0	1.267e-07
500.2	1.1989e-07
500.4	1.3921e-07
500.6	1.1496e-07
500.8	1.8712e-08
501.0	7.7615e-08
501.2	6.7822e-08
501.4	7.8554e-08
501.6	9.1486e-08
501.8	1.017e-07
502.0	1.3397e-07
502.2	1.9057e-07
502.4	1.2735e-07
502.6	1.0722e-07
502.8	5.6135e-08
503.0	7.3788e-08
503.2	1.6128e-07
503.4	1.2372e-07
503.6	1.3709e-07
503.8	7.5192e-08
504.0	6.8404e-08
504.2	9.5891e-08
504.4	1.115e-07
504.6	8.214e-08
504.8	1.75e-08
505.0	3.0042e-08
505.2	7.8189e-08
505.4	8.7684e-08
505.6	6.6839e-08
505.8	1.1367e-07
506.0	1.1564e-07
506.2	3.8238e-08
506.4	1.2862e-07
506.6	5.9416e-08
506.8	3.1165e-08
507.0	8.6995e-08
507.2	8.0909e-08
507.4	1.48e-07
507.6	1.4707e-07
507.8	2.1811e-07
508.0	2.2821e-07
508.2	1.9032e-07
508.4	2.3289e-07
508.6	2.3581e-07
508.8	2.9921e-07
509.0	3.6016e-07
509.2	4.6796e-07
509.4	6.3902e-07
509.6	8.932e-07
509.8	1.2679e-06
510.0	1.6279e-06
510.2	2.5729e-06
510.4	3.9195e-06
510.6	6.0098e-06
510.8	9.4979e-06
511.0	1.5639e-05
511.2	2.4756e-05
511.4	3.9704e-05
511.6	6.5624e-05
511.8	1.1015e-04
512.0	1.8616e-04
512.2	3.2652e-04
512.4	5.9518e-04
512.6	0.00121
512.8	0.00231
513.0	0.00433
513.2	0.00857
513.4	0.01809
513.6	0.04009
513.8	0.09314
514.0	0.22174
514.2	0.46024
514.4	0.73054
514.6	0.89861
514.8	0.94877
515.0	0.95386
515.2	0.95636
515.4	0.96356
515.6	0.97218
515.8	0.97812
516.0	0.98136
516.2	0.98279
516.4	0.9835
516.6	0.98296
516.8	0.98248
517.0	0.98219
517.2	0.98149
517.4	0.98114
517.6	0.98079
517.8	0.97954
518.0	0.97955
518.2	0.97974
518.4	0.98067
518.6	0.98218
518.8	0.98352
519.0	0.98468
519.2	0.98661
519.4	0.98773
519.6	0.98933
519.8	0.98995
520.0	0.98975
520.2	0.98945
520.4	0.98905
520.6	0.98857
520.8	0.98768
521.0	0.98658
521.2	0.98586
521.4	0.98552
521.6	0.98546
521.8	0.98576
522.0	0.98646
522.2	0.98694
522.4	0.98758
522.6	0.98857
522.8	0.98947
523.0	0.98944
523.2	0.99041
523.4	0.99008
523.6	0.99
523.8	0.98952
524.0	0.98967
524.2	0.9888
524.4	0.98747
524.6	0.98641
524.8	0.98529
525.0	0.98398
525.2	0.9824
525.4	0.98135
525.6	0.97998
525.8	0.97851
526.0	0.97742
526.2	0.97663
526.4	0.97561
526.6	0.97552
526.8	0.97477
527.0	0.97426
527.2	0.9744
527.4	0.97416
527.6	0.97456
527.8	0.97475
528.0	0.97575
528.2	0.97644
528.4	0.97729
528.6	0.97817
528.8	0.97975
529.0	0.98089
529.2	0.9823
529.4	0.98332
529.6	0.98405
529.8	0.98471
530.0	0.9861
530.2	0.98656
530.4	0.98706
530.6	0.98723
530.8	0.9873
531.0	0.98728
531.2	0.98694
531.4	0.98644
531.6	0.98583
531.8	0.98579
532.0	0.98532
532.2	0.98472
532.4	0.98487
532.6	0.9846
532.8	0.98526
533.0	0.98521
533.2	0.98603
533.4	0.98701
533.6	0.98798
533.8	0.98906
534.0	0.98987
534.2	0.99099
534.4	0.99166
534.6	0.99265
534.8	0.99332
535.0	0.99388
535.2	0.99453
535.4	0.99455
535.6	0.99405
535.8	0.99339
536.0	0.99324
536.2	0.99197
536.4	0.99141
536.6	0.99036
536.8	0.98925
537.0	0.98874
537.2	0.98751
537.4	0.98737
537.6	0.98735
537.8	0.98729
538.0	0.98746
538.2	0.98765
538.4	0.98825
538.6	0.98885
538.8	0.98937
539.0	0.98998
539.2	0.99149
539.4	0.99111
539.6	0.99142
539.8	0.99071
540.0	0.99034
540.2	0.98935
540.4	0.98786
540.6	0.98599
540.8	0.98339
541.0	0.98014
541.2	0.97782
541.4	0.97435
541.6	0.97188
541.8	0.96927
542.0	0.96706
542.2	0.96532
542.4	0.96405
542.6	0.96305
542.8	0.96259
543.0	0.9627
543.2	0.96466
543.4	0.96564
543.6	0.96791
543.8	0.97082
544.0	0.97402
544.2	0.97701
544.4	0.97984
544.6	0.98393
544.8	0.98637
545.0	0.98898
545.2	0.99078
545.4	0.99192
545.6	0.9919
545.8	0.99143
546.0	0.98986
546.2	0.98764
546.4	0.98496
546.6	0.98169
546.8	0.97843
547.0	0.97448
547.2	0.97161
547.4	0.9686
547.6	0.96667
547.8	0.965
548.0	0.96386
548.2	0.96364
548.4	0.96435
548.6	0.96589
548.8	0.96815
549.0	0.97117
549.2	0.97481
549.4	0.9784
549.6	0.98188
549.8	0.98488
550.0	0.98825
550.2	0.9904
550.4	0.99274
550.6	0.99327
550.8	0.99352
551.0	0.99307
551.2	0.99181
551.4	0.99
551.6	0.98769
551.8	0.98564
552.0	0.98392
552.2	0.98199
552.4	0.98179
552.6	0.98164
552.8	0.98302
553.0	0.9841
553.2	0.98541
553.4	0.98715
553.6	0.98847
553.8	0.98883
554.0	0.98859
554.2	0.98584
554.4	0.98106
554.6	0.97354
554.8	0.96283
555.0	0.94791
555.2	0.93227
555.4	0.9142
555.6	0.89489
555.8	0.87461
556.0	0.85385
556.2	0.83273
556.4	0.81221
556.6	0.79008
556.8	0.76583
557.0	0.73915
557.2	0.70757
557.4	0.66934
557.6	0.62375
557.8	0.5711
558.0	0.51098
558.2	0.44615
558.4	0.38158
558.6	0.31987
558.8	0.26342
559.0	0.2142
559.2	0.16335
559.4	0.13048
559.6	0.10414
559.8	0.083
560.0	0.06629
560.2	0.05294
560.4	0.04233
560.6	0.03525
560.8	0.02811
561.0	0.02247
561.2	0.01795
561.4	0.0143
561.6	0.0114
561.8	0.00907
562.0	0.00739
562.2	0.00584
562.4	0.00462
562.6	0.00364
562.8	0.00288
563.0	0.00228
563.2	0.00179
563.4	0.00135
563.6	0.00107
563.8	8.4671e-04
564.0	6.6989e-04
564.2	5.317e-04
564.4	4.2737e-04
564.6	3.4021e-04
564.8	2.7926e-04
565.0	2.2685e-04
565.2	1.8421e-04
565.4	1.4956e-04
565.6	1.2204e-04
565.8	9.9811e-05
566.0	8.1682e-05
566.2	6.7081e-05
566.4	5.4987e-05
566.6	4.4857e-05
566.8	3.7615e-05
567.0	3.1697e-05
567.2	2.6725e-05
567.4	2.2578e-05
567.6	1.9194e-05
567.8	1.6222e-05
568.0	1.3843e-05
568.2	1.1873e-05
568.4	1.0166e-05
568.6	8.7058e-06
568.8	7.5006e-06
569.0	6.5167e-06
569.2	5.9541e-06
569.4	5.1895e-06
569.6	4.5178e-06
569.8	3.9562e-06
570.0	3.4786e-06
570.2	3.0446e-06
570.4	2.6269e-06
570.6	2.3378e-06
570.8	2.1383e-06
571.0	1.8794e-06
571.2	1.6827e-06
571.4	1.562e-06
571.6	1.4029e-06
571.8	1.2783e-06
572.0	1.1915e-06
572.2	1.0365e-06
572.4	8.8712e-07
572.6	7.9466e-07
572.8	7.726e-07
573.0	7.6376e-07
573.2	6.8497e-07
573.4	6.1481e-07
573.6	5.1413e-07
573.8	5.0926e-07
574.0	5.368e-07
574.2	5.1075e-07
574.4	4.6424e-07
574.6	3.8937e-07
574.8	3.7947e-07
575.0	3.6166e-07
575.2	3.4252e-07
575.4	3.1136e-07
575.6	2.5455e-07
575.8	2.7011e-07
576.0	2.5098e-07
576.2	1.8949e-07
576.4	2.5687e-07
576.6	2.8691e-07
576.8	2.3005e-07
577.0	1.8627e-07
577.2	2.1713e-07
577.4	1.9663e-07
577.6	1.997e-07
577.8	2.0498e-07
578.0	1.9729e-07
578.2	1.7802e-07
578.4	1.4739e-07
578.6	1.9562e-07
578.8	1.9993e-07
579.0	2.0065e-07
579.2	1.3936e-07
579.4	1.0309e-07
579.6	1.2222e-07
579.8	1.688e-07
580.0	1.3899e-07
580.2	1.4092e-07
580.4	1.3604e-07
580.6	1.3138e-07
580.8	1.4836e-07
581.0	1.8e-07
581.2	1.2485e-07
581.4	8.2261e-08
581.6	8.1518e-08
581.8	1.0664e-07
582.0	1.034e-07
582.2	9.9588e-08
582.4	1.3718e-07
582.6	1.2929e-07
582.8	1.3429e-07
583.0	1.4123e-07
583.2	1.7343e-07
583.4	1.8412e-07
583.6	1.5481e-07
583.8	1.4771e-07
584.0	2.0025e-07
584.2	1.9024e-07
584.4	1.7796e-07
584.6	1.951e-07
584.8	1.9844e-07
585.0	1.7786e-07
585.2	1.9309e-07
585.4	1.9327e-07
585.6	2.3382e-07
585.8	2.501e-07
586.0	2.3581e-07
586.2	2.6012e-07
586.4	2.8516e-07
586.6	3.2333e-07
586.8	3.2734e-07
587.0	3.0161e-07
587.2	3.0488e-07
587.4	3.3109e-07
587.6	3.3388e-07
587.8	4.4008e-07
588.0	4.8601e-07
588.2	5.454e-07
588.4	5.8182e-07
588.6	6.2228e-07
588.8	6.9952e-07
589.0	7.7063e-07
589.2	9.0219e-07
589.4	9.6483e-07
589.6	1.0458e-06
589.8	1.1761e-06
590.0	1.356e-06
590.2	1.5501e-06
590.4	1.7367e-06
590.6	1.8912e-06
590.8	2.1734e-06
591.0	2.2381e-06
591.2	2.2454e-06
591.4	2.3004e-06
591.6	2.3867e-06
591.8	2.3051e-06
592.0	2.2866e-06
592.2	2.1922e-06
592.4	2.0314e-06
592.6	1.9126e-06
592.8	1.8573e-06
593.0	1.7612e-06
593.2	1.6762e-06
593.4	1.5513e-06
593.6	1.4608e-06
593.8	1.3804e-06
594.0	1.3484e-06
594.2	1.371e-06
594.4	1.3202e-06
594.6	1.2234e-06
594.8	1.2309e-06
595.0	1.1576e-06
595.2	1.1432e-06
595.4	1.145e-06
595.6	1.1027e-06
595.8	1.1541e-06
596.0	1.1348e-06
596.2	1.2115e-06
596.4	1.2767e-06
596.6	1.2499e-06
596.8	1.1743e-06
597.0	1.1472e-06
597.2	1.2135e-06
597.4	1.2411e-06
597.6	1.3158e-06
597.8	1.3561e-06
598.0	1.4345e-06
598.2	1.4963e-06
598.4	1.3567e-06
598.6	1.4863e-06
598.8	1.5038e-06
599.0	1.57e-06
599.2	1.6264e-06
599.4	1.6854e-06
599.6	1.7268e-06
599.8	1.7149e-06
600.0	1.756e-06
600.2	1.7327e-06
600.4	1.708e-06
600.6	1.6836e-06
600.8	1.6596e-06
601.0	1.6359e-06
601.2	1.6125e-06
601.4	1.5895e-06
601.6	1.5668e-06
601.8	1.5444e-06
602.0	1.5224e-06
602.2	1.5006e-06
602.4	1.4792e-06
602.6	1.4521e-06
602.8	1.4209e-06
603.0	1.3904e-06
603.2	1.3606e-06
603.4	1.3313e-06
603.6	1.3027e-06
603.8	1.2748e-06
604.0	1.2474e-06
604.2	1.2206e-06
604.4	1.1944e-06
604.6	1.1687e-06
604.8	1.1436e-06
605.0	1.1283e-06
605.2	1.1236e-06
605.4	1.1189e-06
605.6	1.1143e-06
605.8	1.1097e-06
606.0	1.1051e-06
606.2	1.1006e-06
606.4	1.096e-06
606.6	1.0915e-06
606.8	1.087e-06
607.0	1.0825e-06
607.2	1.078e-06
607.4	1.0803e-06
607.6	1.0945e-06
607.8	1.1087e-06
608.0	1.1232e-06
608.2	1.1379e-06
608.4	1.1528e-06
608.6	1.1678e-06
608.8	1.1831e-06
609.0	1.1985e-06
609.2	1.2142e-06
609.4	1.23e-06
609.6	1.2461e-06
609.8	1.2623e-06
610.0	1.2828e-06
610.2	1.3084e-06
610.4	1.3344e-06
610.6	1.3611e-06
610.8	1.3882e-06
611.0	1.4159e-06
611.2	1.4441e-06
611.4	1.4729e-06
611.6	1.5023e-06
611.8	1.5323e-06
612.0	1.5628e-06
612.2	1.594e-06
612.4	1.6258e-06
612.6	1.6389e-06
612.8	1.6355e-06
613.0	1.6321e-06
613.2	1.6286e-06
613.4	1.6252e-06
613.6	1.6218e-06
613.8	1.6184e-06
614.0	1.6151e-06
614.2	1.6117e-06
614.4	1.6083e-06
614.6	1.6049e-06
614.8	1.6016e-06
615.0	1.6029e-06
615.2	1.6099e-06
615.4	1.6169e-06
615.6	1.624e-06
615.8	1.6311e-06
616.0	1.6383e-06
616.2	1.6454e-06
616.4	1.6526e-06
616.6	1.6599e-06
616.8	1.6671e-06
617.0	1.6744e-06
617.2	1.6817e-06
617.4	1.6781e-06
617.6	1.6554e-06
617.8	1.633e-06
618.0	1.611e-06
618.2	1.5892e-06
618.4	1.5677e-06
618.6	1.5465e-06
618.8	1.5256e-06
619.0	1.505e-06
619.2	1.4847e-06
619.4	1.4646e-06
619.6	1.4448e-06
619.8	1.4253e-06
620.0	1.4123e-06
620.2	1.4069e-06
620.4	1.4014e-06
620.6	1.396e-06
620.8	1.3906e-06
621.0	1.3853e-06
621.2	1.3799e-06
621.4	1.3746e-06
621.6	1.3693e-06
621.8	1.364e-06
622.0	1.3588e-06
622.2	1.3535e-06
622.4	1.3483e-06
622.6	1.3335e-06
622.8	1.3108e-06
623.0	1.2885e-06
623.2	1.2665e-06
623.4	1.245e-06
623.6	1.2238e-06
623.8	1.203e-06
624.0	1.1825e-06
624.2	1.1624e-06
624.4	1.1426e-06
624.6	1.1232e-06
624.8	1.104e-06
625.0	1.1008e-06
625.2	1.1162e-06
625.4	1.1318e-06
625.6	1.1476e-06
625.8	1.1636e-06
626.0	1.1799e-06
626.2	1.1963e-06
626.4	1.213e-06
626.6	1.23e-06
626.8	1.2471e-06
627.0	1.2645e-06
627.2	1.2822e-06
627.4	1.2925e-06
627.6	1.2905e-06
627.8	1.2885e-06
628.0	1.2865e-06
628.2	1.2845e-06
628.4	1.2825e-06
628.6	1.2805e-06
628.8	1.2785e-06
629.0	1.2765e-06
629.2	1.2745e-06
629.4	1.2725e-06
629.6	1.2705e-06
629.8	1.2686e-06
630.0	1.2657e-06
630.2	1.2617e-06
630.4	1.2578e-06
630.6	1.2538e-06
630.8	1.2499e-06
631.0	1.246e-06
631.2	1.2421e-06
631.4	1.2382e-06
631.6	1.2343e-06
631.8	1.2305e-06
632.0	1.2266e-06
632.2	1.2228e-06
632.4	1.219e-06
632.6	1.1975e-06
632.8	1.1615e-06
633.0	1.1266e-06
633.2	1.0927e-06
633.4	1.0599e-06
633.6	1.0281e-06
633.8	9.9716e-07
634.0	9.672e-07
634.2	9.3813e-07
634.4	9.0995e-07
634.6	8.826e-07
634.8	8.5608e-07
635.0	8.2967e-07
635.2	8.0329e-07
635.4	7.7774e-07
635.6	7.5301e-07
635.8	7.2907e-07
636.0	7.0588e-07
636.2	6.8344e-07
636.4	6.617e-07
636.6	6.4066e-07
636.8	6.2029e-07
637.0	6.0057e-07
637.2	5.8147e-07
637.4	5.6622e-07
637.6	5.5635e-07
637.8	5.4664e-07
638.0	5.3711e-07
638.2	5.2774e-07
638.4	5.1853e-07
638.6	5.0949e-07
638.8	5.006e-07
639.0	4.9187e-07
639.2	4.8329e-07
639.4	4.7486e-07
639.6	4.6658e-07
639.8	4.5844e-07
640.0	4.5372e-07
640.2	4.5288e-07
640.4	4.5205e-07
640.6	4.5121e-07
640.8	4.5038e-07
641.0	4.4955e-07
641.2	4.4872e-07
641.4	4.4789e-07
641.6	4.4707e-07
641.8	4.4624e-07
642.0	4.4542e-07
642.2	4.446e-07
642.4	4.4378e-07
642.6	4.464e-07
642.8	4.5214e-07
643.0	4.5795e-07
643.2	4.6384e-07
643.4	4.698e-07
643.6	4.7583e-07
643.8	4.8195e-07
644.0	4.8814e-07
644.2	4.9442e-07
644.4	5.0077e-07
644.6	5.0721e-07
644.8	5.1373e-07
645.0	5.1739e-07
645.2	5.1764e-07
645.4	5.1789e-07
645.6	5.1814e-07
645.8	5.1838e-07
646.0	5.1863e-07
646.2	5.1888e-07
646.4	5.1913e-07
646.6	5.1938e-07
646.8	5.1962e-07
647.0	5.1987e-07
647.2	5.2012e-07
647.4	5.2301e-07
647.6	5.2991e-07
647.8	5.369e-07
648.0	5.4399e-07
648.2	5.5117e-07
648.4	5.5844e-07
648.6	5.6581e-07
648.8	5.7328e-07
649.0	5.8084e-07
649.2	5.8851e-07
649.4	5.9628e-07
649.6	6.0415e-07
649.8	6.1212e-07
650.0	6.2595e-07
650.2	6.4705e-07
650.4	6.6887e-07
650.6	6.9143e-07
650.8	7.1474e-07
651.0	7.3884e-07
651.2	7.6376e-07
651.4	7.8951e-07
651.6	8.1614e-07
651.8	8.4366e-07
652.0	8.721e-07
652.2	9.0151e-07
652.4	9.3191e-07
652.6	9.5289e-07
652.8	9.6458e-07
653.0	9.7641e-07
653.2	9.8839e-07
653.4	1.0005e-06
653.6	1.0128e-06
653.8	1.0252e-06
654.0	1.0378e-06
654.2	1.0505e-06
654.4	1.0634e-06
654.6	1.0764e-06
654.8	1.0896e-06
655.0	1.0954e-06
655.2	1.0923e-06
655.4	1.0892e-06
655.6	1.0861e-06
655.8	1.083e-06
656.0	1.0799e-06
656.2	1.0768e-06
656.4	1.0737e-06
656.6	1.0707e-06
656.8	1.0676e-06
657.0	1.0646e-06
657.2	1.0615e-06
657.4	1.0498e-06
657.6	1.0256e-06
657.8	1.002e-06
658.0	9.7897e-07
658.2	9.5644e-07
658.4	9.3444e-07
658.6	9.1294e-07
658.8	8.9193e-07
659.0	8.7141e-07
659.2	8.5136e-07
659.4	8.3178e-07
659.6	8.1264e-07
659.8	7.9394e-07
660.0	7.8932e-07
660.2	8.013e-07
660.4	8.1347e-07
660.6	8.2581e-07
660.8	8.3835e-07
661.0	8.5107e-07
661.2	8.6399e-07
661.4	8.771e-07
661.6	8.9041e-07
661.8	9.0393e-07
662.0	9.1764e-07
662.2	9.3157e-07
662.4	9.4571e-07
662.6	9.521e-07
662.8	9.5059e-07
663.0	9.4909e-07
663.2	9.4758e-07
663.4	9.4608e-07
663.6	9.4458e-07
663.8	9.4308e-07
664.0	9.4159e-07
664.2	9.4009e-07
664.4	9.386e-07
664.6	9.3711e-07
664.8	9.3563e-07
665.0	9.3549e-07
665.2	9.3703e-07
665.4	9.3858e-07
665.6	9.4013e-07
665.8	9.4168e-07
666.0	9.4323e-07
666.2	9.4478e-07
666.4	9.4634e-07
666.6	9.479e-07
666.8	9.4947e-07
667.0	9.5103e-07
667.2	9.526e-07
667.4	9.5013e-07
667.6	9.4164e-07
667.8	9.3324e-07
668.0	9.249e-07
668.2	9.1665e-07
668.4	9.0846e-07
668.6	9.0035e-07
668.8	8.9231e-07
669.0	8.8435e-07
669.2	8.7645e-07
669.4	8.6863e-07
669.6	8.6087e-07
669.8	8.5318e-07
670.0	8.5142e-07
670.2	8.5672e-07
670.4	8.6205e-07
670.6	8.6741e-07
670.8	8.7281e-07
671.0	8.7824e-07
671.2	8.837e-07
671.4	8.892e-07
671.6	8.9473e-07
671.8	9.003e-07
672.0	9.059e-07
672.2	9.1153e-07
672.4	9.172e-07
672.6	9.2026e-07
672.8	9.2079e-07
673.0	9.2131e-07
673.2	9.2184e-07
673.4	9.2237e-07
673.6	9.2289e-07
673.8	9.2342e-07
674.0	9.2394e-07
674.2	9.2447e-07
674.4	9.25e-07
674.6	9.2553e-07
674.8	9.2605e-07
675.0	9.2355e-07
675.2	9.1759e-07
675.4	9.1167e-07
675.6	9.0579e-07
675.8	8.9995e-07
676.0	8.9414e-07
676.2	8.8837e-07
676.4	8.8264e-07
676.6	8.7694e-07
676.8	8.7128e-07
677.0	8.6566e-07
677.2	8.6008e-07
677.4	8.5442e-07
677.6	8.4867e-07
677.8	8.4296e-07
678.0	8.3729e-07
678.2	8.3165e-07
678.4	8.2606e-07
678.6	8.205e-07
678.8	8.1497e-07
679.0	8.0949e-07
679.2	8.0404e-07
679.4	7.9863e-07
679.6	7.9326e-07
679.8	7.8792e-07
680.0	7.829e-07
680.2	7.7826e-07
680.4	7.7365e-07
680.6	7.6907e-07
680.8	7.6451e-07
681.0	7.5998e-07
681.2	7.5548e-07
681.4	7.51e-07
681.6	7.4655e-07
681.8	7.4213e-07
682.0	7.3773e-07
682.2	7.3336e-07
682.4	7.2901e-07
682.6	7.2252e-07
682.8	7.1371e-07
683.0	7.0501e-07
683.2	6.9642e-07
683.4	6.8793e-07
683.6	6.7955e-07
683.8	6.7126e-07
684.0	6.6308e-07
684.2	6.55e-07
684.4	6.4701e-07
684.6	6.3913e-07
684.8	6.3134e-07
685.0	6.1772e-07
685.2	5.971e-07
685.4	5.7717e-07
685.6	5.579e-07
685.8	5.3928e-07
686.0	5.2128e-07
686.2	5.0388e-07
686.4	4.8706e-07
686.6	4.708e-07
686.8	4.5509e-07
687.0	4.399e-07
687.2	4.2522e-07
687.4	4.107e-07
687.6	3.9625e-07
687.8	3.823e-07
688.0	3.6884e-07
688.2	3.5586e-07
688.4	3.4333e-07
688.6	3.3124e-07
688.8	3.1958e-07
689.0	3.0833e-07
689.2	2.9748e-07
689.4	2.8701e-07
689.6	2.769e-07
689.8	2.6715e-07
690.0	2.6318e-07
690.2	2.6624e-07
690.4	2.6934e-07
690.6	2.7247e-07
690.8	2.7564e-07
691.0	2.7885e-07
691.2	2.8209e-07
691.4	2.8538e-07
691.6	2.887e-07
691.8	2.9205e-07
692.0	2.9545e-07
692.2	2.9889e-07
692.4	3.0236e-07
692.6	3.0591e-07
692.8	3.0954e-07
693.0	3.1321e-07
693.2	3.1693e-07
693.4	3.2069e-07
693.6	3.2449e-07
693.8	3.2834e-07
694.0	3.3223e-07
694.2	3.3617e-07
694.4	3.4016e-07
694.6	3.4419e-07
694.8	3.4827e-07
695.0	3.533e-07
695.2	3.5956e-07
695.4	3.6593e-07
695.6	3.7241e-07
695.8	3.79e-07
696.0	3.8572e-07
696.2	3.9255e-07
696.4	3.995e-07
696.6	4.0658e-07
696.8	4.1378e-07
697.0	4.2111e-07
697.2	4.2857e-07
697.4	4.3719e-07
697.6	4.4745e-07
697.8	4.5796e-07
698.0	4.6871e-07
698.2	4.7972e-07
698.4	4.9099e-07
698.6	5.0252e-07
698.8	5.1432e-07
699.0	5.2639e-07
699.2	5.3875e-07
699.4	5.5141e-07
699.6	5.6435e-07
699.8	5.7761e-07
700.0	5.8342e-07
700.2	5.7985e-07
700.4	5.7631e-07
700.6	5.7279e-07
700.8	5.6929e-07
701.0	5.6581e-07
701.2	5.6235e-07
701.4	5.5892e-07
701.6	5.555e-07
701.8	5.5211e-07
702.0	5.4874e-07
702.2	5.4538e-07
702.4	5.4205e-07
702.6	5.3965e-07
702.8	5.3825e-07
703.0	5.3684e-07
703.2	5.3545e-07
703.4	5.3405e-07
703.6	5.3266e-07
703.8	5.3128e-07
704.0	5.2989e-07
704.2	5.2851e-07
704.4	5.2714e-07
704.6	5.2576e-07
704.8	5.2439e-07
705.0	5.1864e-07
705.2	5.0789e-07
705.4	4.9737e-07
705.6	4.8706e-07
705.8	4.7697e-07
706.0	4.6709e-07
706.2	4.5741e-07
706.4	4.4793e-07
706.6	4.3865e-07
706.8	4.2956e-07
707.0	4.2066e-07
707.2	4.1194e-07
707.4	4.1078e-07
707.6	4.1898e-07
707.8	4.2735e-07
708.0	4.3589e-07
708.2	4.4459e-07
708.4	4.5347e-07
708.6	4.6252e-07
708.8	4.7176e-07
709.0	4.8118e-07
709.2	4.9079e-07
709.4	5.0059e-07
709.6	5.1059e-07
709.8	5.2079e-07
710.0	5.5572e-07
710.2	6.0376e-07
710.4	6.5596e-07
710.6	7.1268e-07
710.8	7.7429e-07
711.0	8.4124e-07
711.2	9.1397e-07
711.4	1.0088e-06
711.6	1.1158e-06
711.8	1.2342e-06
712.0	1.3651e-06
712.2	1.5099e-06
712.4	1.67e-06
712.6	1.8471e-06
712.8	2.043e-06
713.0	2.2597e-06
713.2	2.4994e-06
713.4	2.7645e-06
713.6	2.9678e-06
713.8	2.9563e-06
714.0	2.9449e-06
714.2	2.9335e-06
714.4	2.9222e-06
714.6	2.9109e-06
714.8	2.8997e-06
715.0	2.8885e-06
715.2	2.8773e-06
715.4	2.8662e-06
715.6	2.8551e-06
715.8	2.8441e-06
716.0	2.5981e-06
716.2	2.2806e-06
716.4	2.002e-06
716.6	1.7574e-06
716.8	1.5427e-06
717.0	1.3542e-06
717.2	1.1888e-06
717.4	1.0435e-06
717.6	9.1602e-07
717.8	8.041e-07
718.0	7.0586e-07
718.2	6.2168e-07
718.4	5.6508e-07
718.6	5.1364e-07
718.8	4.6688e-07
719.0	4.2438e-07
719.2	3.8574e-07
719.4	3.5063e-07
719.6	3.1871e-07
719.8	2.8969e-07
720.0	2.6332e-07
720.2	2.4757e-07
720.4	2.3576e-07
720.6	2.2452e-07
720.8	2.1381e-07
721.0	2.0361e-07
721.2	1.939e-07
721.4	1.8466e-07
721.6	1.7585e-07
721.8	1.6746e-07
722.0	1.5947e-07
722.2	1.5187e-07
722.4	1.4463e-07
722.6	1.4257e-07
722.8	1.4685e-07
723.0	1.5126e-07
723.2	1.5581e-07
723.4	1.6049e-07
723.6	1.6531e-07
723.8	1.7028e-07
724.0	1.7539e-07
724.2	1.8066e-07
724.4	1.8609e-07
724.6	1.9168e-07
724.8	1.9744e-07
725.0	1.9899e-07
725.2	1.9494e-07
725.4	1.9097e-07
725.6	1.8709e-07
725.8	1.8328e-07
726.0	1.7955e-07
726.2	1.759e-07
726.4	1.7232e-07
726.6	1.6882e-07
726.8	1.6538e-07
727.0	1.6202e-07
727.2	1.5872e-07
727.4	1.5849e-07
727.6	1.6222e-07
727.8	1.6603e-07
728.0	1.6994e-07
728.2	1.7394e-07
728.4	1.7803e-07
728.6	1.8222e-07
728.8	1.8651e-07
729.0	1.909e-07
729.2	1.954e-07
729.4	1.9999e-07
729.6	2.047e-07
729.8	2.0952e-07
730.0	2.2273e-07
730.2	2.4028e-07
730.4	2.5922e-07
730.6	2.7966e-07
730.8	3.017e-07
731.0	3.2548e-07
731.2	3.5113e-07
731.4	3.7881e-07
731.6	4.0867e-07
731.8	4.4088e-07
732.0	4.7563e-07
732.2	5.1685e-07
732.4	5.9374e-07
732.6	6.8208e-07
732.8	7.8356e-07
733.0	9.0014e-07
733.2	1.0341e-06
733.4	1.1879e-06
733.6	1.3646e-06
733.8	1.5677e-06
734.0	1.8009e-06
734.2	2.0689e-06
734.4	2.3767e-06
734.6	2.7524e-06
734.8	3.189e-06
735.0	3.6949e-06
735.2	4.281e-06
735.4	4.9601e-06
735.6	5.747e-06
735.8	6.6586e-06
736.0	7.7149e-06
736.2	8.9387e-06
736.4	1.0357e-05
736.6	1.2e-05
736.8	1.129e-05
737.0	1.0016e-05
737.2	8.8865e-06
737.4	7.884e-06
737.6	6.9947e-06
737.8	6.2057e-06
738.0	5.5056e-06
738.2	4.8846e-06
738.4	4.3336e-06
738.6	3.8447e-06
738.8	3.411e-06
739.0	2.9373e-06
739.2	2.4826e-06
739.4	2.0982e-06
739.6	1.7734e-06
739.8	1.4989e-06
740.0	1.2668e-06
740.2	1.1387e-06
740.4	1.1125e-06
740.6	1.0868e-06
740.8	1.0618e-06
741.0	1.0373e-06
741.2	1.0134e-06
741.4	9.9008e-07
741.6	9.6727e-07
741.8	9.4499e-07
742.0	9.2321e-07
742.2	9.0194e-07
742.4	8.8116e-07
742.6	8.6124e-07
742.8	8.4225e-07
743.0	8.2368e-07
743.2	8.0552e-07
743.4	7.8775e-07
743.6	7.7038e-07
743.8	7.534e-07
744.0	7.3679e-07
744.2	7.2054e-07
744.4	7.0465e-07
744.6	6.8911e-07
744.8	6.7392e-07
745.0	6.7301e-07
745.2	6.8989e-07
745.4	7.0719e-07
745.6	7.2492e-07
745.8	7.431e-07
746.0	7.6174e-07
746.2	7.8084e-07
746.4	8.0043e-07
746.6	8.205e-07
746.8	8.4108e-07
747.0	8.6217e-07
747.2	8.8379e-07
747.4	9.1246e-07
747.6	9.5001e-07
747.8	9.891e-07
748.0	1.0298e-06
748.2	1.0722e-06
748.4	1.1163e-06
748.6	1.1622e-06
748.8	1.2101e-06
749.0	1.2598e-06
749.2	1.3117e-06
749.4	1.3657e-06
749.6	1.4219e-06
749.8	1.4804e-06
750.0	1.5887e-06
750.2	1.7233e-06
750.4	1.8692e-06
750.6	2.0275e-06
750.8	2.1992e-06
751.0	2.3855e-06
751.2	2.5875e-06
751.4	2.809e-06
751.6	3.0499e-06
751.8	3.3114e-06
752.0	3.5954e-06
752.2	3.9038e-06
752.4	4.2386e-06
752.6	4.6021e-06
752.8	4.9968e-06
753.0	5.4253e-06
753.2	5.8906e-06
753.4	6.3958e-06
753.6	6.8869e-06
753.8	7.2471e-06
754.0	7.6261e-06
754.2	8.025e-06
754.4	8.4447e-06
754.6	8.8864e-06
754.8	9.3512e-06
755.0	9.8403e-06
755.2	1.0355e-05
755.4	1.0897e-05
755.6	1.1466e-05
755.8	1.2066e-05
756.0	1.2201e-05
756.2	1.2128e-05
756.4	1.2056e-05
756.6	1.1984e-05
756.8	1.1912e-05
757.0	1.1841e-05
757.2	1.177e-05
757.4	1.17e-05
757.6	1.163e-05
757.8	1.1561e-05
758.0	1.1492e-05
758.2	1.1355e-05
758.4	1.0799e-05
758.6	1.027e-05
758.8	9.7668e-06
759.0	9.2884e-06
759.2	8.8335e-06
759.4	8.4008e-06
759.6	7.9893e-06
759.8	7.598e-06
760.0	7.2258e-06
760.2	7.6932e-06
760.4	8.1907e-06
760.6	8.7204e-06
760.8	9.2844e-06
761.0	9.8849e-06
761.2	1.0524e-05
761.4	1.0826e-05
761.6	1.1057e-05
761.8	1.1292e-05
762.0	1.1531e-05
762.2	1.1777e-05
762.4	1.2027e-05
762.6	1.2282e-05
762.8	1.2543e-05
763.0	1.281e-05
763.2	1.3082e-05
763.4	1.336e-05
763.6	1.3587e-05
763.8	1.3653e-05
764.0	1.372e-05
764.2	1.3787e-05
764.4	1.3855e-05
764.6	1.3922e-05
764.8	1.399e-05
765.0	1.4059e-05
765.2	1.4127e-05
765.4	1.4196e-05
765.6	1.4266e-05
765.8	1.4335e-05
766.0	1.3935e-05
766.2	1.3354e-05
766.4	1.2797e-05
766.6	1.2263e-05
766.8	1.1752e-05
767.0	1.1262e-05
767.2	1.0793e-05
767.4	1.0343e-05
767.6	9.9116e-06
767.8	9.4984e-06
768.0	9.1024e-06
768.2	8.6824e-06
768.4	8.0579e-06
768.6	7.4783e-06
768.8	6.9404e-06
769.0	6.4412e-06
769.2	5.9779e-06
769.4	5.5479e-06
769.6	5.1488e-06
769.8	4.7785e-06
770.0	4.4348e-06
770.2	4.2647e-06
770.4	4.1686e-06
770.6	4.0748e-06
770.8	3.983e-06
771.0	3.8934e-06
771.2	3.8057e-06
771.4	3.72e-06
771.6	3.6363e-06
771.8	3.5544e-06
772.0	3.4744e-06
772.2	3.3961e-06
772.4	3.3197e-06
772.6	3.2484e-06
772.8	3.1837e-06
773.0	3.1204e-06
773.2	3.0583e-06
773.4	2.9975e-06
773.6	2.9378e-06
773.8	2.8794e-06
774.0	2.8221e-06
774.2	2.7659e-06
774.4	2.7109e-06
774.6	2.657e-06
774.8	2.6041e-06
775.0	2.5794e-06
775.2	2.5909e-06
775.4	2.6025e-06
775.6	2.6141e-06
775.8	2.6257e-06
776.0	2.6375e-06
776.2	2.6492e-06
776.4	2.661e-06
776.6	2.6729e-06
776.8	2.6849e-06
777.0	2.6968e-06
777.2	2.7089e-06
777.4	2.7211e-06
777.6	2.7336e-06
777.8	2.7462e-06
778.0	2.7588e-06
778.2	2.7715e-06
778.4	2.7843e-06
778.6	2.7971e-06
778.8	2.8099e-06
779.0	2.8229e-06
779.2	2.8358e-06
779.4	2.8489e-06
779.6	2.862e-06
779.8	2.8751e-06
780.0	3.0009e-06
780.2	3.1714e-06
780.4	3.3515e-06
780.6	3.5418e-06
780.8	3.743e-06
781.0	3.9556e-06
781.2	4.1802e-06
781.4	4.3726e-06
781.6	4.5604e-06
781.8	4.7561e-06
782.0	4.9603e-06
782.2	5.1733e-06
782.4	5.3953e-06
782.6	5.627e-06
782.8	5.8685e-06
783.0	6.1205e-06
783.2	6.3832e-06
783.4	6.6572e-06
783.6	6.9128e-06
783.8	7.0743e-06
784.0	7.2395e-06
784.2	7.4085e-06
784.4	7.5816e-06
784.6	7.7586e-06
784.8	7.9398e-06
785.0	8.1252e-06
785.2	8.315e-06
785.4	8.5092e-06
785.6	8.7662e-06
785.8	9.0421e-06
786.0	9.3266e-06
786.2	9.6201e-06
786.4	9.9228e-06
786.6	1.0235e-05
786.8	1.0557e-05
787.0	1.0889e-05
787.2	1.1232e-05
787.4	1.1586e-05
787.6	1.195e-05
787.8	1.2326e-05
788.0	1.2714e-05
788.2	1.2706e-05
788.4	1.2157e-05
788.6	1.1631e-05
788.8	1.1128e-05
789.0	1.0647e-05
789.2	1.0187e-05
789.4	9.7463e-06
789.6	9.3248e-06
789.8	8.9216e-06
790.0	8.5358e-06
790.2	8.6474e-06
790.4	8.7605e-06
790.6	8.875e-06
790.8	8.9911e-06
791.0	9.1087e-06
791.2	9.2278e-06
791.4	9.3484e-06
791.6	9.4707e-06
791.8	9.5945e-06
792.0	9.72e-06
792.2	9.6133e-06
792.4	9.4866e-06
792.6	9.3616e-06
792.8	9.2383e-06
793.0	9.1166e-06
793.2	8.9964e-06
793.4	8.8779e-06
793.6	8.7609e-06
793.8	8.6455e-06
794.0	8.5316e-06
794.2	8.4191e-06
794.4	8.3082e-06
794.6	8.1987e-06
794.8	8.0907e-06
795.0	7.9841e-06
795.2	7.8789e-06
795.4	7.7751e-06
795.6	7.6726e-06
795.8	7.5715e-06
796.0	7.4718e-06
796.2	7.4184e-06
796.4	7.4361e-06
796.6	7.4538e-06
796.8	7.4715e-06
797.0	7.4893e-06
797.2	7.5071e-06
797.4	7.525e-06
797.6	7.5429e-06
797.8	7.5608e-06
798.0	7.5788e-06
798.2	7.611e-06
798.4	7.6567e-06
798.6	7.7026e-06
798.8	7.7488e-06
799.0	7.7953e-06
799.2	7.8421e-06
799.4	7.8892e-06
799.6	7.9365e-06
799.8	7.9842e-06
800.0	8.0321e-06
800.2	8.1016e-06
800.4	8.1837e-06
800.6	8.2667e-06
800.8	8.3505e-06
801.0	8.4352e-06
801.2	8.5207e-06
801.4	8.6071e-06
801.6	8.6944e-06
801.8	8.7826e-06
802.0	8.8716e-06
802.2	8.9547e-06
802.4	9.0364e-06
802.6	9.1189e-06
802.8	9.2021e-06
803.0	9.2861e-06
803.2	9.3709e-06
803.4	9.4564e-06
803.6	9.5427e-06
803.8	9.6298e-06
804.0	9.7177e-06
804.2	9.7894e-06
804.4	9.8596e-06
804.6	9.9303e-06
804.8	1.0001e-05
805.0	1.0073e-05
805.2	1.0145e-05
805.4	1.0218e-05
805.6	1.0291e-05
805.8	1.0365e-05
806.0	1.0439e-05
806.2	1.0491e-05
806.4	1.0499e-05
806.6	1.0508e-05
806.8	1.0516e-05
807.0	1.0525e-05
807.2	1.0533e-05
807.4	1.0542e-05
807.6	1.055e-05
807.8	1.0559e-05
808.0	1.0567e-05
808.2	1.0562e-05
808.4	1.0544e-05
808.6	1.0525e-05
808.8	1.0507e-05
809.0	1.0489e-05
809.2	1.047e-05
809.4	1.0452e-05
809.6	1.0434e-05
809.8	1.0415e-05
810.0	1.0397e-05
810.2	1.0344e-05
810.4	1.027e-05
810.6	1.0197e-05
810.8	1.0124e-05
811.0	1.0052e-05
811.2	9.9797e-06
811.4	9.9083e-06
811.6	9.8375e-06
811.8	9.7671e-06
812.0	9.6972e-06
812.2	9.6461e-06
812.4	9.6014e-06
812.6	9.5569e-06
812.8	9.5126e-06
813.0	9.4686e-06
813.2	9.4247e-06
813.4	9.3811e-06
813.6	9.3376e-06
813.8	9.2944e-06
814.0	9.2513e-06
814.2	9.2115e-06
814.4	9.1722e-06
814.6	9.133e-06
814.8	9.0941e-06
815.0	9.0553e-06
815.2	9.0166e-06
815.4	8.9782e-06
815.6	8.9399e-06
815.8	8.9017e-06
816.0	8.8638e-06
816.2	8.8452e-06
816.4	8.8617e-06
816.6	8.8782e-06
816.8	8.8948e-06
817.0	8.9113e-06
817.2	8.9279e-06
817.4	8.9446e-06
817.6	8.9612e-06
817.8	8.9779e-06
818.0	8.9947e-06
818.2	9.0147e-06
818.4	9.0381e-06
818.6	9.0616e-06
818.8	9.0851e-06
819.0	9.1087e-06
819.2	9.1324e-06
819.4	9.1561e-06
819.6	9.1799e-06
819.8	9.2037e-06
820.0	9.2277e-06
820.2	9.2837e-06
820.4	9.3596e-06
820.6	9.4361e-06
820.8	9.5132e-06
821.0	9.5909e-06
821.2	9.6693e-06
821.4	9.7483e-06
821.6	9.8279e-06
821.8	9.9082e-06
822.0	9.9892e-06
822.2	1.0071e-05
822.4	1.0153e-05
822.6	1.0236e-05
822.8	1.032e-05
823.0	1.0405e-05
823.2	1.049e-05
823.4	1.0576e-05
823.6	1.0662e-05
823.8	1.075e-05
824.0	1.0838e-05
824.2	1.0879e-05
824.4	1.0917e-05
824.6	1.0954e-05
824.8	1.0992e-05
825.0	1.1029e-05
825.2	1.1067e-05
825.4	1.1105e-05
825.6	1.1143e-05
825.8	1.1181e-05
826.0	1.122e-05
826.2	1.1255e-05
826.4	1.1283e-05
826.6	1.1311e-05
826.8	1.1339e-05
827.0	1.1367e-05
827.2	1.1395e-05
827.4	1.1424e-05
827.6	1.1452e-05
827.8	1.1481e-05
828.0	1.1509e-05
828.2	1.1493e-05
828.4	1.1424e-05
828.6	1.1356e-05
828.8	1.1288e-05
829.0	1.122e-05
829.2	1.1153e-05
829.4	1.1086e-05
829.6	1.102e-05
829.8	1.0954e-05
830.0	1.0888e-05
830.2	1.0789e-05
830.4	1.0669e-05
830.6	1.0551e-05
830.8	1.0433e-05
831.0	1.0317e-05
831.2	1.0203e-05
831.4	1.0089e-05
831.6	9.9769e-06
831.8	9.8659e-06
832.0	9.7562e-06
832.2	9.6409e-06
832.4	9.5247e-06
832.6	9.4099e-06
832.8	9.2964e-06
833.0	9.1843e-06
833.2	9.0736e-06
833.4	8.9642e-06
833.6	8.8562e-06
833.8	8.7494e-06
834.0	8.6439e-06
834.2	8.585e-06
834.4	8.5314e-06
834.6	8.4782e-06
834.8	8.4253e-06
835.0	8.3727e-06
835.2	8.3204e-06
835.4	8.2685e-06
835.6	8.2169e-06
835.8	8.1657e-06
836.0	8.1147e-06
836.2	8.0769e-06
836.4	8.0664e-06
836.6	8.0559e-06
836.8	8.0455e-06
837.0	8.0351e-06
837.2	8.0246e-06
837.4	8.0142e-06
837.6	8.0038e-06
837.8	7.9934e-06
838.0	7.9831e-06
838.2	7.9948e-06
838.4	8.0322e-06
838.6	8.0698e-06
838.8	8.1075e-06
839.0	8.1454e-06
839.2	8.1835e-06
839.4	8.2217e-06
839.6	8.2602e-06
839.8	8.2988e-06
840.0	8.3376e-06
840.2	8.4143e-06
840.4	8.5156e-06
840.6	8.6182e-06
840.8	8.7219e-06
841.0	8.827e-06
841.2	8.9333e-06
841.4	9.0408e-06
841.6	9.1497e-06
841.8	9.2599e-06
842.0	9.3714e-06
842.2	9.4888e-06
842.4	9.6091e-06
842.6	9.7309e-06
842.8	9.8543e-06
843.0	9.9792e-06
843.2	1.0106e-05
843.4	1.0234e-05
843.6	1.0364e-05
843.8	1.0495e-05
844.0	1.0628e-05
844.2	1.077e-05
844.4	1.0914e-05
844.6	1.1061e-05
844.8	1.1209e-05
845.0	1.136e-05
845.2	1.1512e-05
845.4	1.1666e-05
845.6	1.1823e-05
845.8	1.1981e-05
846.0	1.2142e-05
846.2	1.2276e-05
846.4	1.2349e-05
846.6	1.2423e-05
846.8	1.2497e-05
847.0	1.2571e-05
847.2	1.2646e-05
847.4	1.2722e-05
847.6	1.2797e-05
847.8	1.2874e-05
848.0	1.295e-05
848.2	1.2929e-05
848.4	1.2797e-05
848.6	1.2667e-05
848.8	1.2539e-05
849.0	1.2411e-05
849.2	1.2285e-05
849.4	1.216e-05
849.6	1.2036e-05
849.8	1.1914e-05
850.0	1.1793e-05
850.2	1.1614e-05
850.4	1.1405e-05
850.6	1.1199e-05
850.8	1.0997e-05
851.0	1.0798e-05
851.2	1.0603e-05
851.4	1.0412e-05
851.6	1.0224e-05
851.8	1.0039e-05
852.0	9.8581e-06
852.2	9.6179e-06
852.4	9.3669e-06
852.6	9.1224e-06
852.8	8.8844e-06
853.0	8.6525e-06
853.2	8.4267e-06
853.4	8.2068e-06
853.6	7.9927e-06
853.8	7.7841e-06
854.0	7.581e-06
854.2	7.4129e-06
854.4	7.25e-06
854.6	7.0908e-06
854.8	6.935e-06
855.0	6.7827e-06
855.2	6.6337e-06
855.4	6.488e-06
855.6	6.3454e-06
855.8	6.206e-06
856.0	6.0697e-06
856.2	5.9472e-06
856.4	5.8543e-06
856.6	5.7629e-06
856.8	5.673e-06
857.0	5.5844e-06
857.2	5.4973e-06
857.4	5.4114e-06
857.6	5.327e-06
857.8	5.2438e-06
858.0	5.162e-06
858.2	5.0798e-06
858.4	4.9968e-06
858.6	4.9152e-06
858.8	4.835e-06
859.0	4.756e-06
859.2	4.6784e-06
859.4	4.602e-06
859.6	4.5268e-06
859.8	4.4529e-06
860.0	4.3802e-06
860.2	4.3289e-06
860.4	4.2913e-06
860.6	4.254e-06
860.8	4.217e-06
861.0	4.1804e-06
861.2	4.144e-06
861.4	4.108e-06
861.6	4.0723e-06
861.8	4.0369e-06
862.0	4.0018e-06
862.2	3.9831e-06
862.4	3.9693e-06
862.6	3.9555e-06
862.8	3.9418e-06
863.0	3.9282e-06
863.2	3.9146e-06
863.4	3.901e-06
863.6	3.8875e-06
863.8	3.874e-06
864.0	3.8606e-06
864.2	3.8318e-06
864.4	3.8022e-06
864.6	3.7728e-06
864.8	3.7437e-06
865.0	3.7148e-06
865.2	3.6862e-06
865.4	3.6577e-06
865.6	3.6295e-06
865.8	3.6015e-06
866.0	3.5737e-06
866.2	3.5539e-06
866.4	3.5529e-06
866.6	3.5519e-06
866.8	3.5508e-06
867.0	3.5498e-06
867.2	3.5487e-06
867.4	3.5477e-06
867.6	3.5467e-06
867.8	3.5456e-06
868.0	3.5446e-06
868.2	3.5275e-06
868.4	3.4921e-06
868.6	3.4571e-06
868.8	3.4224e-06
869.0	3.3881e-06
869.2	3.3541e-06
869.4	3.3205e-06
869.6	3.2872e-06
869.8	3.2543e-06
870.0	3.2216e-06
870.2	3.2012e-06
870.4	3.1877e-06
870.6	3.1742e-06
870.8	3.1608e-06
871.0	3.1474e-06
871.2	3.1341e-06
871.4	3.1209e-06
871.6	3.1077e-06
871.8	3.0946e-06
872.0	3.0815e-06
872.2	3.0722e-06
872.4	3.0639e-06
872.6	3.0555e-06
872.8	3.0472e-06
873.0	3.0389e-06
873.2	3.0307e-06
873.4	3.0224e-06
873.6	3.0142e-06
873.8	3.006e-06
874.0	2.9978e-06
874.2	2.9746e-06
874.4	2.9513e-06
874.6	2.9281e-06
874.8	2.9052e-06
875.0	2.8824e-06
875.2	2.8598e-06
875.4	2.8373e-06
875.6	2.8151e-06
875.8	2.793e-06
876.0	2.7711e-06
876.2	2.7611e-06
876.4	2.7849e-06
876.6	2.809e-06
876.8	2.8332e-06
877.0	2.8576e-06
877.2	2.8822e-06
877.4	2.9071e-06
877.6	2.9321e-06
877.8	2.9574e-06
878.0	2.9829e-06
878.2	3.001e-06
878.4	3.0092e-06
878.6	3.0175e-06
878.8	3.0257e-06
879.0	3.034e-06
879.2	3.0424e-06
879.4	3.0507e-06
879.6	3.0591e-06
879.8	3.0675e-06
880.0	3.0759e-06
880.2	3.0948e-06
880.4	3.1205e-06
880.6	3.1465e-06
880.8	3.1726e-06
881.0	3.199e-06
881.2	3.2256e-06
881.4	3.2524e-06
881.6	3.2795e-06
881.8	3.3067e-06
882.0	3.3342e-06
882.2	3.3722e-06
882.4	3.4134e-06
882.6	3.455e-06
882.8	3.4972e-06
883.0	3.5399e-06
883.2	3.5831e-06
883.4	3.6268e-06
883.6	3.6711e-06
883.8	3.7159e-06
884.0	3.7612e-06
884.2	3.8208e-06
884.4	3.8816e-06
884.6	3.9434e-06
884.8	4.0063e-06
885.0	4.0701e-06
885.2	4.1349e-06
885.4	4.2007e-06
885.6	4.2676e-06
885.8	4.3356e-06
886.0	4.4047e-06
886.2	4.4939e-06
886.4	4.6366e-06
886.6	4.7839e-06
886.8	4.9358e-06
887.0	5.0926e-06
887.2	5.2543e-06
887.4	5.4212e-06
887.6	5.5933e-06
887.8	5.771e-06
888.0	5.9543e-06
888.2	6.1369e-06
888.4	6.3171e-06
888.6	6.5026e-06
888.8	6.6935e-06
889.0	6.8901e-06
889.2	7.0924e-06
889.4	7.3007e-06
889.6	7.5151e-06
889.8	7.7358e-06
890.0	7.9629e-06
890.2	8.1927e-06
890.4	8.4269e-06
890.6	8.6678e-06
890.8	8.9155e-06
891.0	9.1703e-06
891.2	9.4324e-06
891.4	9.702e-06
891.6	9.9793e-06
891.8	1.0264e-05
892.0	1.0558e-05
892.2	1.0779e-05
892.4	1.0988e-05
892.6	1.12e-05
892.8	1.1417e-05
893.0	1.1638e-05
893.2	1.1864e-05
893.4	1.2093e-05
893.6	1.2327e-05
893.8	1.2566e-05
894.0	1.2804e-05
894.2	1.2686e-05
894.4	1.257e-05
894.6	1.2454e-05
894.8	1.234e-05
895.0	1.2227e-05
895.2	1.2115e-05
895.4	1.2003e-05
895.6	1.1893e-05
895.8	1.1784e-05
896.0	1.1676e-05
896.2	1.1575e-05
896.4	1.1496e-05
896.6	1.1418e-05
896.8	1.134e-05
897.0	1.1263e-05
897.2	1.1186e-05
897.4	1.111e-05
897.6	1.1035e-05
897.8	1.096e-05
898.0	1.0885e-05
898.2	1.0748e-05
898.4	1.0523e-05
898.6	1.0303e-05
898.8	1.0088e-05
899.0	9.8771e-06
899.2	9.6707e-06
899.4	9.4687e-06
899.6	9.2708e-06
899.8	9.0771e-06
900.0	8.8874e-06
900.2	8.7085e-06
900.4	8.5376e-06
900.6	8.37e-06
900.8	8.2058e-06
901.0	8.0447e-06
901.2	7.8869e-06
901.4	7.7321e-06
901.6	7.5804e-06
901.8	7.4316e-06
902.0	7.2858e-06
902.2	7.1864e-06
902.4	7.0999e-06
902.6	7.0144e-06
902.8	6.93e-06
903.0	6.8465e-06
903.2	6.7641e-06
903.4	6.6827e-06
903.6	6.6022e-06
903.8	6.5228e-06
904.0	6.4442e-06
904.2	6.3548e-06
904.4	6.2666e-06
904.6	6.1795e-06
904.8	6.0937e-06
905.0	6.009e-06
905.2	5.9256e-06
905.4	5.8433e-06
905.6	5.7621e-06
905.8	5.6821e-06
906.0	5.6031e-06
906.2	5.5524e-06
906.4	5.593e-06
906.6	5.634e-06
906.8	5.6752e-06
907.0	5.7168e-06
907.2	5.7586e-06
907.4	5.8008e-06
907.6	5.8433e-06
907.8	5.886e-06
908.0	5.9291e-06
908.2	5.9632e-06
908.4	5.9844e-06
908.6	6.0058e-06
908.8	6.0272e-06
909.0	6.0487e-06
909.2	6.0703e-06
909.4	6.0919e-06
909.6	6.1136e-06
909.8	6.1354e-06
910.0	6.1573e-06
910.2	6.2098e-06
910.4	6.2817e-06
910.6	6.3544e-06
910.8	6.4279e-06
911.0	6.5023e-06
911.2	6.5775e-06
911.4	6.6537e-06
911.6	6.7307e-06
911.8	6.8086e-06
912.0	6.8874e-06
912.2	6.9672e-06
912.4	7.0481e-06
912.6	7.1299e-06
912.8	7.2127e-06
913.0	7.2964e-06
913.2	7.381e-06
913.4	7.4667e-06
913.6	7.5534e-06
913.8	7.641e-06
914.0	7.7289e-06
914.2	7.7776e-06
914.4	7.8266e-06
914.6	7.876e-06
914.8	7.9256e-06
915.0	7.9756e-06
915.2	8.0259e-06
915.4	8.0764e-06
915.6	8.1274e-06
915.8	8.1786e-06
916.0	8.2301e-06
916.2	8.305e-06
916.4	8.474e-06
916.6	8.6464e-06
916.8	8.8224e-06
917.0	9.0019e-06
917.2	9.1851e-06
917.4	9.372e-06
917.6	9.5627e-06
917.8	9.7573e-06
918.0	9.9558e-06
918.2	1.0093e-05
918.4	1.0132e-05
918.6	1.0172e-05
918.8	1.0212e-05
919.0	1.0252e-05
919.2	1.0292e-05
919.4	1.0332e-05
919.6	1.0373e-05
919.8	1.0413e-05
920.0	1.0454e-05
920.2	1.0458e-05
920.4	1.0438e-05
920.6	1.0418e-05
920.8	1.0397e-05
921.0	1.0377e-05
921.2	1.0357e-05
921.4	1.0337e-05
921.6	1.0317e-05
921.8	1.0297e-05
922.0	1.0277e-05
922.2	1.0205e-05
922.4	1.0121e-05
922.6	1.0038e-05
922.8	9.9554e-06
923.0	9.8736e-06
923.2	9.7925e-06
923.4	9.712e-06
923.6	9.6322e-06
923.8	9.553e-06
924.0	9.4722e-06
924.2	9.2836e-06
924.4	9.0987e-06
924.6	8.9175e-06
924.8	8.7399e-06
925.0	8.5659e-06
925.2	8.3953e-06
925.4	8.2281e-06
925.6	8.0642e-06
925.8	7.9036e-06
926.0	7.7462e-06
926.2	7.6299e-06
926.4	7.6453e-06
926.6	7.6608e-06
926.8	7.6764e-06
927.0	7.6919e-06
927.2	7.7075e-06
927.4	7.7231e-06
927.6	7.7388e-06
927.8	7.7545e-06
928.0	7.7702e-06
928.2	7.7595e-06
928.4	7.714e-06
928.6	7.6687e-06
928.8	7.6237e-06
929.0	7.579e-06
929.2	7.5345e-06
929.4	7.4903e-06
929.6	7.4464e-06
929.8	7.4027e-06
930.0	7.3593e-06
930.2	7.3397e-06
930.4	7.3334e-06
930.6	7.3271e-06
930.8	7.3209e-06
931.0	7.3146e-06
931.2	7.3083e-06
931.4	7.3021e-06
931.6	7.2958e-06
931.8	7.2896e-06
932.0	7.2834e-06
932.2	7.3064e-06
932.4	7.3344e-06
932.6	7.3626e-06
932.8	7.3909e-06
933.0	7.4193e-06
933.2	7.4477e-06
933.4	7.4763e-06
933.6	7.505e-06
933.8	7.5339e-06
934.0	7.5674e-06
934.2	7.6621e-06
934.4	7.7581e-06
934.6	7.8552e-06
934.8	7.9536e-06
935.0	8.0531e-06
935.2	8.154e-06
935.4	8.2561e-06
935.6	8.3595e-06
935.8	8.4641e-06
936.0	8.5701e-06
936.2	8.6774e-06
936.4	8.7861e-06
936.6	8.8961e-06
936.8	9.0766e-06
937.0	9.2649e-06
937.2	9.4571e-06
937.4	9.6532e-06
937.6	9.8535e-06
937.8	1.0058e-05
938.0	1.0267e-05
938.2	1.0479e-05
938.4	1.0697e-05
938.6	1.0952e-05
938.8	1.1239e-05
939.0	1.1534e-05
939.2	1.1836e-05
939.4	1.2147e-05
939.6	1.2465e-05
939.8	1.2792e-05
940.0	1.3128e-05
940.2	1.3472e-05
940.4	1.3855e-05
940.6	1.4381e-05
940.8	1.4926e-05
941.0	1.5491e-05
941.2	1.6078e-05
941.4	1.6688e-05
941.6	1.732e-05
941.8	1.7977e-05
942.0	1.8658e-05
942.2	1.9365e-05
942.4	2.0296e-05
942.6	2.1317e-05
942.8	2.239e-05
943.0	2.3516e-05
943.2	2.4699e-05
943.4	2.5941e-05
943.6	2.7246e-05
943.8	2.8617e-05
944.0	3.0057e-05
944.2	3.089e-05
944.4	3.0915e-05
944.6	3.094e-05
944.8	3.0964e-05
945.0	3.0989e-05
945.2	3.1014e-05
945.4	3.1039e-05
945.6	3.2138e-05
945.8	3.685e-05
946.0	4.2253e-05
946.2	4.8448e-05
946.4	5.5551e-05
946.6	6.3696e-05
946.8	7.2417e-05
947.0	7.8144e-05
947.2	8.4323e-05
947.4	9.099e-05
947.6	9.8185e-05
947.8	1.0595e-04
948.0	1.1429e-04
948.2	1.2188e-04
948.4	1.2997e-04
948.6	1.386e-04
948.8	1.478e-04
949.0	1.5761e-04
949.2	1.6808e-04
949.4	1.7258e-04
949.6	1.7658e-04
949.8	1.8067e-04
950.0	1.8485e-04
950.2	1.8913e-04
950.4	1.9352e-04
950.6	1.8947e-04
950.8	1.8354e-04
951.0	1.778e-04
951.2	1.7224e-04
951.4	1.6685e-04
951.6	1.6163e-04
951.8	1.5356e-04
952.0	1.4468e-04
952.2	1.3631e-04
952.4	1.2843e-04
952.6	1.21e-04
952.8	1.1401e-04
953.0	1.0741e-04
953.2	1.0119e-04
953.4	9.5328e-05
953.6	8.9807e-05
953.8	8.4606e-05
954.0	7.9706e-05
954.2	7.5423e-05
954.4	7.1706e-05
954.6	6.8172e-05
954.8	6.4813e-05
955.0	6.1619e-05
955.2	5.7965e-05
955.4	5.4527e-05
955.6	5.1293e-05
955.8	4.8251e-05
956.0	4.5389e-05
956.2	4.2963e-05
956.4	4.2012e-05
956.6	4.1082e-05
956.8	4.0173e-05
957.0	3.9284e-05
957.2	3.8415e-05
957.4	3.7564e-05
957.6	3.6733e-05
957.8	3.592e-05
958.0	3.5125e-05
958.2	3.4346e-05
958.4	3.3583e-05
958.6	3.2837e-05
958.8	3.2108e-05
959.0	3.1394e-05
959.2	3.0697e-05
959.4	3.0015e-05
959.6	2.9348e-05
959.8	2.8696e-05
960.0	2.8058e-05
960.2	2.7644e-05
960.4	2.7363e-05
960.6	2.7085e-05
960.8	2.681e-05
961.0	2.6537e-05
961.2	2.6267e-05
961.4	2.6e-05
961.6	2.5736e-05
961.8	2.5474e-05
962.0	2.5215e-05
962.2	2.513e-05
962.4	2.5076e-05
962.6	2.5021e-05
962.8	2.4967e-05
963.0	2.4913e-05
963.2	2.4859e-05
963.4	2.4805e-05
963.6	2.4751e-05
963.8	2.4697e-05
964.0	2.4424e-05
964.2	2.2062e-05
964.4	1.9928e-05
964.6	1.8001e-05
964.8	1.626e-05
965.0	1.4687e-05
965.2	1.3267e-05
965.4	1.2985e-05
965.6	1.4199e-05
965.8	1.5526e-05
966.0	1.6977e-05
966.2	1.8563e-05
966.4	2.0298e-05
966.6	2.2195e-05
966.8	2.427e-05
967.0	2.6538e-05
967.2	2.7198e-05
967.4	2.7618e-05
967.6	2.8044e-05
967.8	2.8477e-05
968.0	2.8916e-05
968.2	2.9362e-05
968.4	2.9815e-05
968.6	3.0276e-05
968.8	3.0795e-05
969.0	3.1432e-05
969.2	3.2081e-05
969.4	3.2745e-05
969.6	3.3421e-05
969.8	3.4112e-05
970.0	3.4818e-05
970.2	3.5537e-05
970.4	3.6272e-05
970.6	3.7313e-05
970.8	3.8464e-05
971.0	3.965e-05
971.2	4.0872e-05
971.4	4.2133e-05
971.6	4.3432e-05
971.8	4.4772e-05
972.0	4.6152e-05
972.2	4.7661e-05
972.4	4.9487e-05
972.6	5.1383e-05
972.8	5.3351e-05
973.0	5.5394e-05
973.2	5.7516e-05
973.4	5.9719e-05
973.6	6.2007e-05
973.8	6.4382e-05
974.0	6.7169e-05
974.2	7.021e-05
974.4	7.3389e-05
974.6	7.6712e-05
974.8	8.0186e-05
975.0	8.3816e-05
975.2	5.846e-05
975.4	5.0633e-05
975.6	5.951e-05
975.8	6.9942e-05
976.0	8.2202e-05
976.2	9.6613e-05
976.4	1.1201e-04
976.6	1.1808e-04
976.8	1.2446e-04
977.0	1.312e-04
977.2	1.383e-04
977.4	1.4578e-04
977.6	1.5389e-04
977.8	1.6249e-04
978.0	1.7158e-04
978.2	1.8117e-04
978.4	1.913e-04
978.6	2.0167e-04
978.8	2.1233e-04
979.0	2.2355e-04
979.2	2.3536e-04
979.4	2.478e-04
979.6	2.5986e-04
979.8	2.6957e-04
980.0	2.7964e-04
980.2	2.901e-04
980.4	3.0094e-04
980.6	3.1219e-04
980.8	3.1707e-04
981.0	3.2192e-04
981.2	3.2685e-04
981.4	3.3185e-04
981.6	3.3693e-04
981.8	3.3607e-04
982.0	3.3274e-04
982.2	3.2943e-04
982.4	3.2616e-04
982.6	3.2292e-04
982.8	3.1743e-04
983.0	3.0897e-04
983.2	3.0074e-04
983.4	2.9273e-04
983.6	2.8493e-04
983.8	2.7691e-04
984.0	2.666e-04
984.2	2.5668e-04
984.4	2.4712e-04
984.6	2.3792e-04
984.8	2.2907e-04
985.0	2.2136e-04
985.2	2.1393e-04
985.4	2.0674e-04
985.6	1.9979e-04
985.8	1.9307e-04
986.0	1.8659e-04
986.2	1.8032e-04
986.4	1.7426e-04
986.6	1.6883e-04
986.8	1.636e-04
987.0	1.5854e-04
987.2	1.5364e-04
987.4	1.4889e-04
987.6	1.4428e-04
987.8	1.3982e-04
988.0	1.3596e-04
988.2	1.3252e-04
988.4	1.2916e-04
988.6	1.2589e-04
988.8	1.227e-04
989.0	1.1959e-04
989.2	1.1656e-04
989.4	1.1384e-04
989.6	1.1178e-04
989.8	1.0976e-04
990.0	1.0777e-04
990.2	1.0582e-04
990.4	1.039e-04
990.6	1.0202e-04
990.8	1.0017e-04
991.0	9.878e-05
991.2	9.7416e-05
991.4	9.6071e-05
991.6	9.4744e-05
991.8	9.3436e-05
992.0	9.2146e-05
992.2	9.0874e-05
992.4	9.0089e-05
992.6	8.9545e-05
992.8	8.9005e-05
993.0	8.8469e-05
993.2	8.7935e-05
993.4	8.7405e-05
993.6	8.6877e-05
993.8	8.6471e-05
994.0	8.6278e-05
994.2	8.6085e-05
994.4	8.5893e-05
994.6	8.5701e-05
994.8	8.551e-05
995.0	8.5319e-05
995.2	8.505e-05
995.4	8.4782e-05
995.6	8.4515e-05
995.8	8.4248e-05
996.0	8.3982e-05
996.2	8.3851e-05
996.4	8.4655e-05
996.6	8.5467e-05
996.8	8.6287e-05
997.0	8.7114e-05
997.2	8.795e-05
997.4	8.8793e-05
997.6	8.9645e-05
997.8	9.0505e-05
998.0	9.1373e-05
998.2	9.2344e-05
998.4	9.3483e-05
998.6	9.4635e-05
998.8	9.5802e-05
999.0	9.6983e-05
999.2	9.8179e-05
999.4	9.9389e-05
999.6	1.0061e-04
999.8	1.0186e-04
1000.0	1.0311e-04
1000.2	1.0479e-04
1000.4	1.0673e-04
1000.6	1.087e-04
1000.8	1.1071e-04
1001.0	1.1276e-04
1001.2	1.1484e-04
1001.4	1.1697e-04
1001.6	1.1913e-04
1001.8	1.2133e-04
1002.0	1.2358e-04
1002.2	1.2622e-04
1002.4	1.2896e-04
1002.6	1.3175e-04
1002.8	1.3461e-04
1003.0	1.3753e-04
1003.2	1.4051e-04
1003.4	1.4355e-04
1003.6	1.4667e-04
1003.8	1.4985e-04
1004.0	1.5351e-04
1004.2	1.595e-04
1004.4	1.6573e-04
1004.6	1.722e-04
1004.8	1.7892e-04
1005.0	1.859e-04
1005.2	1.9282e-04
1005.4	1.9816e-04
1005.6	2.0366e-04
1005.8	2.093e-04
1006.0	2.1511e-04
1006.2	2.2107e-04
1006.4	2.27e-04
1006.6	2.3285e-04
1006.8	2.3885e-04
1007.0	2.4571e-04
1007.2	2.5322e-04
1007.4	2.6096e-04
1007.6	2.6736e-04
1007.8	2.7345e-04
1008.0	2.7968e-04
1008.2	2.8633e-04
1008.4	2.9317e-04
1008.6	3.0006e-04
1008.8	3.0598e-04
1009.0	3.1202e-04
1009.2	3.1865e-04
1009.4	3.2699e-04
1009.6	3.3554e-04
1009.8	3.4335e-04
1010.0	3.4984e-04
1010.2	3.5645e-04
1010.4	3.6278e-04
1010.6	3.6889e-04
1010.8	3.751e-04
1011.0	3.8004e-04
1011.2	3.8447e-04
1011.4	3.8895e-04
1011.6	3.9281e-04
1011.8	3.9661e-04
1012.0	4.0039e-04
1012.2	4.0199e-04
1012.4	4.036e-04
1012.6	4.0519e-04
1012.8	4.0669e-04
1013.0	4.082e-04
1013.2	4.0952e-04
1013.4	4.1048e-04
1013.6	4.1144e-04
1013.8	4.1119e-04
1014.0	4.0969e-04
1014.2	4.082e-04
1014.4	4.0499e-04
1014.6	4.0087e-04
1014.8	3.9679e-04
1015.0	3.9453e-04
1015.2	3.9272e-04
1015.4	3.9091e-04
1015.6	3.8604e-04
1015.8	3.811e-04
1016.0	3.7619e-04
1016.2	3.7109e-04
1016.4	3.6607e-04
1016.6	3.6155e-04
1016.8	3.5821e-04
1017.0	3.5491e-04
1017.2	3.5124e-04
1017.4	3.4711e-04
1017.6	3.4302e-04
1017.8	3.3927e-04
1018.0	3.3576e-04
1018.2	3.3229e-04
1018.4	3.2805e-04
1018.6	3.2362e-04
1018.8	3.1924e-04
1019.0	3.1625e-04
1019.2	3.1342e-04
1019.4	3.1065e-04
1019.6	3.0848e-04
1019.8	3.0631e-04
1020.0	3.0403e-04
1020.2	3.0132e-04
1020.4	2.9863e-04
1020.6	2.9646e-04
1020.8	2.9508e-04
1021.0	2.9371e-04
1021.2	2.9166e-04
1021.4	2.8908e-04
1021.6	2.8653e-04
1021.8	2.8504e-04
1022.0	2.8399e-04
1022.2	2.8294e-04
1022.4	2.8177e-04
1022.6	2.806e-04
1022.8	2.7944e-04
1023.0	2.7859e-04
1023.2	2.7775e-04
1023.4	2.7706e-04
1023.6	2.7699e-04
1023.8	2.7692e-04
1024.0	2.772e-04
1024.2	2.781e-04
1024.4	2.79e-04
1024.6	2.7692e-04
1024.8	2.721e-04
1025.0	2.6737e-04
1025.2	2.5796e-04
1025.4	2.6684e-04
1025.6	2.6573e-04
1025.8	2.6884e-04
1026.0	2.711e-04
1026.2	2.69e-04
1026.4	2.6612e-04
1026.6	2.6947e-04
1026.8	2.7253e-04
1027.0	2.9068e-04
1027.2	2.861e-04
1027.4	2.8808e-04
1027.6	2.8971e-04
1027.8	2.9989e-04
1028.0	3.0043e-04
1028.2	3.0961e-04
1028.4	3.0795e-04
1028.6	3.0363e-04
1028.8	3.0857e-04
1029.0	3.1605e-04
1029.2	3.1215e-04
1029.4	3.2496e-04
1029.6	3.2463e-04
1029.8	3.2899e-04
1030.0	3.3371e-04
1030.2	3.4609e-04
1030.4	3.479e-04
1030.6	3.5682e-04
1030.8	3.6353e-04
1031.0	3.7136e-04
1031.2	3.7318e-04
1031.4	3.837e-04
1031.6	3.8945e-04
1031.8	4.0715e-04
1032.0	4.1118e-04
1032.2	4.2173e-04
1032.4	4.2301e-04
1032.6	4.3779e-04
1032.8	4.5165e-04
1033.0	4.7399e-04
1033.2	4.7046e-04
1033.4	4.8843e-04
1033.6	4.9427e-04
1033.8	5.1114e-04
1034.0	5.3091e-04
1034.2	5.5307e-04
1034.4	5.6673e-04
1034.6	5.8685e-04
1034.8	6.1016e-04
1035.0	6.2649e-04
1035.2	6.4543e-04
1035.4	6.6581e-04
1035.6	7.0472e-04
1035.8	7.0391e-04
1036.0	7.4328e-04
1036.2	7.6747e-04
1036.4	8.0087e-04
1036.6	8.3e-04
1036.8	8.7664e-04
1037.0	9.1553e-04
1037.2	9.4727e-04
1037.4	0.001
1037.6	0.00102
1037.8	0.00109
1038.0	0.00117
1038.2	0.00121
1038.4	0.00125
1038.6	0.00133
1038.8	0.00141
1039.0	0.00144
1039.2	0.00157
1039.4	0.00165
1039.6	0.00175
1039.8	0.00185
1040.0	0.00198
1040.2	0.00209
1040.4	0.00222
1040.6	0.00235
1040.8	0.00253
1041.0	0.00265
1041.2	0.00283
1041.4	0.00303
1041.6	0.00327
1041.8	0.00346
1042.0	0.00366
1042.2	0.00396
1042.4	0.00422
1042.6	0.00456
1042.8	0.00479
1043.0	0.00507
1043.2	0.0054
1043.4	0.00568
1043.6	0.00598
1043.8	0.00621
1044.0	0.0065
1044.2	0.00669
1044.4	0.00684
1044.6	0.00708
1044.8	0.00714
1045.0	0.00711
1045.2	0.00708
1045.4	0.00699
1045.6	0.00694
1045.8	0.00676
1046.0	0.00664
1046.2	0.00641
1046.4	0.00622
1046.6	0.00603
1046.8	0.00568
1047.0	0.00557
1047.2	0.00531
1047.4	0.00508
1047.6	0.00482
1047.8	0.00463
1048.0	0.00439
1048.2	0.00416
1048.4	0.00399
1048.6	0.00376
1048.8	0.0036
1049.0	0.00336
1049.2	0.00328
1049.4	0.00312
1049.6	0.00296
1049.8	0.00284
1050.0	0.00272
1050.2	0.00264
1050.4	0.00251
1050.6	0.0024
1050.8	0.00235
1051.0	0.00225
1051.2	0.00222
1051.4	0.00211
1051.6	0.00209
1051.8	0.002
1052.0	0.00192
1052.2	0.00186
1052.4	0.00183
1052.6	0.00174
1052.8	0.00169
1053.0	0.00168
1053.2	0.00165
1053.4	0.00158
1053.6	0.00154
1053.8	0.00152
1054.0	0.00149
1054.2	0.00144
1054.4	0.0014
1054.6	0.00137
1054.8	0.00137
1055.0	0.00137
1055.2	0.00133
1055.4	0.0013
1055.6	0.0013
1055.8	0.00129
1056.0	0.00127
1056.2	0.00126
1056.4	0.0012
1056.6	0.00121
1056.8	0.00121
1057.0	0.0012
1057.2	0.00118
1057.4	0.00119
1057.6	0.00118
1057.8	0.00115
1058.0	0.00117
1058.2	0.00114
1058.4	0.00113
1058.6	0.00115
1058.8	0.0011
1059.0	0.0011
1059.2	0.0011
1059.4	0.0011
1059.6	0.00108
1059.8	0.00108
1060.0	0.00114
1060.2	0.0011
1060.4	0.00109
1060.6	0.00112
1060.8	0.00117
1061.0	0.00109
1061.2	0.00111
1061.4	0.0011
1061.6	0.00114
1061.8	0.00113
1062.0	0.00112
1062.2	0.00112
1062.4	0.00112
1062.6	0.00113
1062.8	0.00115
1063.0	0.00115
1063.2	0.00118
1063.4	0.00118
1063.6	0.00116
1063.8	0.00121
1064.0	0.00122
1064.2	0.00121
1064.4	0.00125
1064.6	0.00121
1064.8	0.00124
1065.0	0.00125
1065.2	0.00127
1065.4	0.00126
1065.6	0.00128
1065.8	0.00132
1066.0	0.00129
1066.2	0.00132
1066.4	0.00134
1066.6	0.00133
1066.8	0.00136
1067.0	0.00133
1067.2	0.00141
1067.4	0.00145
1067.6	0.00145
1067.8	0.00148
1068.0	0.00151
1068.2	0.00152
1068.4	0.00154
1068.6	0.0016
1068.8	0.00161
1069.0	0.00163
1069.2	0.00167
1069.4	0.00169
1069.6	0.00178
1069.8	0.00174
1070.0	0.00185
1070.2	0.00187
1070.4	0.00191
1070.6	0.0019
1070.8	0.002
1071.0	0.00201
1071.2	0.0021
1071.4	0.00209
1071.6	0.00221
1071.8	0.00221
1072.0	0.0023
1072.2	0.00235
1072.4	0.00236
1072.6	0.00241
1072.8	0.00248
1073.0	0.00263
1073.2	0.00265
1073.4	0.00273
1073.6	0.0028
1073.8	0.00295
1074.0	0.00294
1074.2	0.00306
1074.4	0.00317
1074.6	0.00327
1074.8	0.00333
1075.0	0.00352
1075.2	0.00357
1075.4	0.00364
1075.6	0.00386
1075.8	0.00398
1076.0	0.00413
1076.2	0.00424
1076.4	0.00441
1076.6	0.00455
1076.8	0.00469
1077.0	0.00489
1077.2	0.00514
1077.4	0.00537
1077.6	0.00557
1077.8	0.00574
1078.0	0.00601
1078.2	0.00634
1078.4	0.00645
1078.6	0.0068
1078.8	0.00712
1079.0	0.00751
1079.2	0.0077
1079.4	0.00798
1079.6	0.00847
1079.8	0.00878
1080.0	0.00919
1080.2	0.00956
1080.4	0.0101
1080.6	0.01059
1080.8	0.01106
1081.0	0.0117
1081.2	0.01232
1081.4	0.01288
1081.6	0.01346
1081.8	0.01434
1082.0	0.01505
1082.2	0.01579
1082.4	0.01668
1082.6	0.01759
1082.8	0.01863
1083.0	0.0196
1083.2	0.0207
1083.4	0.02217
1083.6	0.02326
1083.8	0.02466
1084.0	0.02611
1084.2	0.02747
1084.4	0.02922
1084.6	0.03081
1084.8	0.03301
1085.0	0.03496
1085.2	0.03683
1085.4	0.03942
1085.6	0.04147
1085.8	0.04437
1086.0	0.04707
1086.2	0.05015
1086.4	0.05274
1086.6	0.05614
1086.8	0.0598
1087.0	0.06315
1087.2	0.06705
1087.4	0.07064
1087.6	0.07521
1087.8	0.07927
1088.0	0.08401
1088.2	0.08847
1088.4	0.09301
1088.6	0.09793
1088.8	0.10264
1089.0	0.10772
1089.2	0.11264
1089.4	0.11707
1089.6	0.12229
1089.8	0.1271
1090.0	0.13072
1090.2	0.13435
1090.4	0.13801
1090.6	0.14235
1090.8	0.14557
1091.0	0.14894
1091.2	0.15276
1091.4	0.15448
1091.6	0.15843
1091.8	0.16055
1092.0	0.16312
1092.2	0.16507
1092.4	0.16707
1092.6	0.16892
1092.8	0.16966
1093.0	0.17159
1093.2	0.1719
1093.4	0.17368
1093.6	0.17424
1093.8	0.17586
1094.0	0.17638
1094.2	0.17645
1094.4	0.17708
1094.6	0.17798
1094.8	0.1781
1095.0	0.17835
1095.2	0.17957
1095.4	0.17961
1095.6	0.18076
1095.8	0.18078
1096.0	0.18224
1096.2	0.18224
1096.4	0.18324
1096.6	0.18453
1096.8	0.18514
1097.0	0.18637
1097.2	0.18773
1097.4	0.18999
1097.6	0.19084
1097.8	0.19258
1098.0	0.19407
1098.2	0.19564
1098.4	0.19807
1098.6	0.20086
1098.8	0.2036
1099.0	0.20571
1099.2	0.20922
1099.4	0.21119
1099.6	0.21526
1099.8	0.21754
1100.0	0.22154
1100.2	0.22494
1100.4	0.22999
1100.6	0.2344
1100.8	0.23799
1101.0	0.2423
1101.2	0.24687
1101.4	0.25224
1101.6	0.2573
1101.8	0.26294
1102.0	0.26817
1102.2	0.27328
1102.4	0.27895
1102.6	0.2842
1102.8	0.29112
1103.0	0.29678
1103.2	0.30308
1103.4	0.30848
1103.6	0.31576
1103.8	0.32183
1104.0	0.32887
1104.2	0.33253
1104.4	0.33998
1104.6	0.34548
1104.8	0.34957
1105.0	0.35673
1105.2	0.36129
1105.4	0.36654
1105.6	0.37039
1105.8	0.37289
1106.0	0.37829
1106.2	0.3786
1106.4	0.38409
1106.6	0.38341
1106.8	0.38827
1107.0	0.38834
1107.2	0.38901
1107.4	0.38821
1107.6	0.38858
1107.8	0.38826
1108.0	0.38546
1108.2	0.38573
1108.4	0.38061
1108.6	0.37963
1108.8	0.37426
1109.0	0.37084
1109.2	0.36622
1109.4	0.36352
1109.6	0.35865
1109.8	0.35359
1110.0	0.3487
1110.2	0.34473
1110.4	0.3383
1110.6	0.33483
1110.8	0.32981
1111.0	0.32323
1111.2	0.31945
1111.4	0.31291
1111.6	0.30885
1111.8	0.3038
1112.0	0.29858
1112.2	0.29491
1112.4	0.2896
1112.6	0.28648
1112.8	0.28188
1113.0	0.27647
1113.2	0.27325
1113.4	0.26823
1113.6	0.26446
1113.8	0.2618
1114.0	0.25839
1114.2	0.25478
1114.4	0.25252
1114.6	0.24941
1114.8	0.24664
1115.0	0.24305
1115.2	0.24185
1115.4	0.23957
1115.6	0.23681
1115.8	0.23471
1116.0	0.23306
1116.2	0.23139
1116.4	0.2299
1116.6	0.22843
1116.8	0.22856
1117.0	0.22677
1117.2	0.22637
1117.4	0.22587
1117.6	0.22534
1117.8	0.22569
1118.0	0.22459
1118.2	0.2229
1118.4	0.22451
1118.6	0.22531
1118.8	0.22591
1119.0	0.22637
1119.2	0.22655
1119.4	0.22838
1119.6	0.23003
1119.8	0.22955
1120.0	0.23252
1120.2	0.23445
1120.4	0.23669
1120.6	0.23827
1120.8	0.23852
1121.0	0.23385
1121.2	0.23663
1121.4	0.23944
1121.6	0.24229
1121.8	0.24517
1122.0	0.24812
1122.2	0.25241
1122.4	0.25678
1122.6	0.26123
1122.8	0.26575
1123.0	0.27037
1123.2	0.2755
1123.4	0.28073
1123.6	0.28606
1123.8	0.29149
1124.0	0.29703
1124.2	0.3037
1124.4	0.31051
1124.6	0.31748
1124.8	0.3246
1125.0	0.33193
1125.2	0.3414
1125.4	0.35113
1125.6	0.36115
1125.8	0.37145
1126.0	0.38207
1126.2	0.39366
1126.4	0.4056
1126.6	0.41791
1126.8	0.43059
1127.0	0.44367
1127.2	0.45793
1127.4	0.47265
1127.6	0.48784
1127.8	0.50352
1128.0	0.51972
1128.2	0.53687
1128.4	0.55458
1128.6	0.57287
1128.8	0.59177
1129.0	0.61117
1129.2	0.62877
1129.4	0.64688
1129.6	0.66552
1129.8	0.68469
1130.0	0.70431
1130.2	0.71949
1130.4	0.73499
1130.6	0.75083
1130.8	0.767
1131.0	0.78317
1131.2	0.78972
1131.4	0.79633
1131.6	0.80298
1131.8	0.8097
1132.0	0.81635
1132.2	0.81157
1132.4	0.80681
1132.6	0.80208
1132.8	0.79738
1133.0	0.79239
1133.2	0.7771
1133.4	0.7621
1133.6	0.74739
1133.8	0.73297
1134.0	0.71851
1134.2	0.69766
1134.4	0.67742
1134.6	0.65777
1134.8	0.63868
1135.0	0.62007
1135.2	0.59815
1135.4	0.57701
1135.6	0.55661
1135.8	0.53693
1136.0	0.51798
1136.2	0.50026
1136.4	0.48315
1136.6	0.46663
1136.8	0.45067
1137.0	0.43526
1137.2	0.42057
1137.4	0.40637
1137.6	0.39265
1137.8	0.3794
1138.0	0.36662
1138.2	0.3549
1138.4	0.34356
1138.6	0.33258
1138.8	0.32195
1139.0	0.31166
1139.2	0.30231
1139.4	0.29323
1139.6	0.28443
1139.8	0.27589
1140.0	0.26763
1140.2	0.26045
1140.4	0.25345
1140.6	0.24665
1140.8	0.24002
1141.0	0.23364
1141.2	0.22859
1141.4	0.22365
1141.6	0.21882
1141.8	0.21409
1142.0	0.20947
1142.2	0.20537
1142.4	0.20135
1142.6	0.19741
1142.8	0.19355
1143.0	0.18976
1143.2	0.18592
1143.4	0.18215
1143.6	0.17847
1143.8	0.17485
1144.0	0.17132
1144.2	0.16948
1144.4	0.16765
1144.6	0.16584
1144.8	0.16406
1145.0	0.1623
1145.2	0.16085
1145.4	0.15941
1145.6	0.15798
1145.8	0.15656
1146.0	0.15516
1146.2	0.15373
1146.4	0.15232
1146.6	0.15091
1146.8	0.14952
1147.0	0.14816
1147.2	0.1475
1147.4	0.14684
1147.6	0.14618
1147.8	0.14553
1148.0	0.14489
1148.2	0.14464
1148.4	0.14438
1148.6	0.14412
1148.8	0.14386
1149.0	0.14361
1149.2	0.14342
1149.4	0.14323
1149.6	0.14304
1149.8	0.14285
1150.0	0.14269
1150.2	0.1433
1150.4	0.14392
1150.6	0.14453
1150.8	0.14516
1151.0	0.14578
1151.2	0.14651
1151.4	0.14724
1151.6	0.14797
1151.8	0.14871
1152.0	0.14945
1152.2	0.1503
1152.4	0.15116
1152.6	0.15202
1152.8	0.15288
1153.0	0.15377
1153.2	0.15555
1153.4	0.15736
1153.6	0.15919
1153.8	0.16104
1154.0	0.16292
1154.2	0.16489
1154.4	0.16689
1154.6	0.16892
1154.8	0.17097
1155.0	0.17306
1155.2	0.17557
1155.4	0.17811
1155.6	0.18069
1155.8	0.1833
1156.0	0.18597
1156.2	0.18946
1156.4	0.19302
1156.6	0.19664
1156.8	0.20033
1157.0	0.20409
1157.2	0.20776
1157.4	0.21149
1157.6	0.21529
1157.8	0.21916
1158.0	0.22316
1158.2	0.22835
1158.4	0.23367
1158.6	0.23911
1158.8	0.24467
1159.0	0.25037
1159.2	0.25606
1159.4	0.26189
1159.6	0.26784
1159.8	0.27394
1160.0	0.28021
1160.2	0.28769
1160.4	0.29537
1160.6	0.30325
1160.8	0.31135
1161.0	0.31966
1161.2	0.32837
1161.4	0.3373
1161.6	0.34649
1161.8	0.35592
1162.0	0.36564
1162.2	0.37628
1162.4	0.38724
1162.6	0.39851
1162.8	0.41011
1163.0	0.42205
1163.2	0.43449
1163.4	0.44731
1163.6	0.4605
1163.8	0.47408
1164.0	0.48806
1164.2	0.50183
1164.4	0.51598
1164.6	0.53054
1164.8	0.5455
1165.0	0.56087
1165.2	0.57575
1165.4	0.59103
1165.6	0.60671
1165.8	0.62281
1166.0	0.63924
1166.2	0.65311
1166.4	0.66727
1166.6	0.68174
1166.8	0.69653
1167.0	0.7115
1167.2	0.72307
1167.4	0.73483
1167.6	0.74678
1167.8	0.75893
1168.0	0.77103
1168.2	0.77821
1168.4	0.78545
1168.6	0.79276
1168.8	0.80014
1169.0	0.80756
1169.2	0.80927
1169.4	0.81099
1169.6	0.81271
1169.8	0.81444
1170.0	0.81609
1170.2	0.81222
1170.4	0.80836
1170.6	0.80453
1170.8	0.80072
1171.0	0.79688
1171.2	0.78904
1171.4	0.78129
1171.6	0.77361
1171.8	0.766
1172.0	0.75846
1172.2	0.74765
1172.4	0.737
1172.6	0.7265
1172.8	0.71615
1173.0	0.70594
1173.2	0.69542
1173.4	0.68505
1173.6	0.67483
1173.8	0.66477
1174.0	0.65485
1174.2	0.64361
1174.4	0.63256
1174.6	0.6217
1174.8	0.61103
1175.0	0.6006
1175.2	0.59167
1175.4	0.58286
1175.6	0.57418
1175.8	0.56564
1176.0	0.5572
1176.2	0.54855
1176.4	0.54003
1176.6	0.53165
1176.8	0.52339
1177.0	0.51531
1177.2	0.50853
1177.4	0.50184
1177.6	0.49523
1177.8	0.48871
1178.0	0.48231
1178.2	0.47677
1178.4	0.47129
1178.6	0.46587
1178.8	0.46052
1179.0	0.45523
1179.2	0.4502
1179.4	0.44522
1179.6	0.4403
1179.8	0.43543
1180.0	0.43069
1180.2	0.42783
1180.4	0.42499
1180.6	0.42217
1180.8	0.41936
1181.0	0.41657
1181.2	0.41329
1181.4	0.41003
1181.6	0.40681
1181.8	0.40361
1182.0	0.40045
1182.2	0.39878
1182.4	0.39711
1182.6	0.39545
1182.8	0.3938
1183.0	0.3922
1183.2	0.39151
1183.4	0.39083
1183.6	0.39014
1183.8	0.38946
1184.0	0.38875
1184.2	0.38748
1184.4	0.3862
1184.6	0.38494
1184.8	0.38367
1185.0	0.38246
1185.2	0.383
1185.4	0.38353
1185.6	0.38407
1185.8	0.38461
1186.0	0.38516
1186.2	0.38575
1186.4	0.38635
1186.6	0.38694
1186.8	0.38754
1187.0	0.38812
1187.2	0.38823
1187.4	0.38834
1187.6	0.38845
1187.8	0.38856
1188.0	0.38873
1188.2	0.39045
1188.4	0.39218
1188.6	0.39392
1188.8	0.39566
1189.0	0.39741
1189.2	0.39902
1189.4	0.40064
1189.6	0.40226
1189.8	0.40389
1190.0	0.40551
1190.2	0.40639
1190.4	0.40727
1190.6	0.40814
1190.8	0.40903
1191.0	0.40996
1191.2	0.41209
1191.4	0.41423
1191.6	0.41638
1191.8	0.41855
1192.0	0.42072
1192.2	0.42273
1192.4	0.42476
1192.6	0.42679
1192.8	0.42884
1193.0	0.43085
1193.2	0.43188
1193.4	0.43291
1193.6	0.43395
1193.8	0.43499
1194.0	0.43603
1194.2	0.43719
1194.4	0.43835
1194.6	0.43952
1194.8	0.44068
1195.0	0.44185
1195.2	0.44303
1195.4	0.4442
1195.6	0.44538
1195.8	0.44656
1196.0	0.44771
1196.2	0.44807
1196.4	0.44843
1196.6	0.44879
1196.8	0.44915
1197.0	0.4495
1197.2	0.44897
1197.4	0.44843
1197.6	0.4479
1197.8	0.44737
1198.0	0.44686
1198.2	0.44665
1198.4	0.44645
1198.6	0.44624
1198.8	0.44604
1199.0	0.44583
1199.2	0.44545
1199.4	0.44507
1199.6	0.44469
1199.8	0.44431
1200.0	0.44393
