300.00	7.3285502821818E-7
300.50	3.2373299063693E-7
301.00	9.9999999392253E-9
301.50	5.4611297173324E-7
302.00	9.9999999392253E-9
302.50	5.0615398095033E-7
303.00	6.4868498839132E-7
303.50	1.7987899525451E-7
304.00	9.9999999392253E-9
304.50	9.1921798173189E-8
305.00	3.6453698726291E-7
305.50	9.9999999392253E-9
306.00	1.1115500342385E-7
306.50	9.9999999392253E-9
307.00	5.5697097423035E-7
307.50	1.0304800213135E-7
308.00	2.460880068611E-7
308.50	6.0716200955824E-9
309.00	9.9999999392253E-9
309.50	2.6918201001536E-7
310.00	4.5710299900747E-7
310.50	3.5231499850852E-7
311.00	2.1611400313759E-7
311.50	4.3583099795796E-7
312.00	1.7908600113969E-7
312.50	4.2439199887667E-7
313.00	9.9999999392253E-9
313.50	2.7696199822458E-7
314.00	9.9999999392253E-9
314.50	8.9182798035381E-8
315.00	9.8865905329149E-7
315.50	1.6516200673777E-7
316.00	9.9999999392253E-9
316.50	2.6813299314199E-7
317.00	3.5164501355212E-7
317.50	4.0469200257576E-7
318.00	1.7063599955236E-7
318.50	2.5338698605992E-7
319.00	9.9999999392253E-9
319.50	2.0105399300974E-7
320.00	4.345270099293E-7
320.50	2.8945700591976E-7
321.00	9.7498798368179E-7
321.50	9.9999999392253E-9
322.00	1.4954399318867E-7
322.50	9.9999999392253E-9
323.00	3.1967201152838E-7
323.50	3.7634700333911E-7
324.00	8.3124298555504E-8
324.50	8.7636699674931E-8
325.00	1.1258000540693E-6
325.50	2.8967698995075E-7
326.00	3.8058900031501E-7
326.50	9.9999999392253E-9
327.00	3.9080501323951E-7
327.50	1.6597600449586E-7
328.00	9.9999999392253E-9
328.50	5.0880402113762E-7
329.00	5.9544299801928E-7
329.50	2.0912300158216E-7
330.00	4.3171800712116E-7
330.50	1.0100699654458E-7
331.00	3.8105301314317E-7
331.50	3.0450800636572E-7
332.00	4.5300600959308E-7
332.50	1.6369099853364E-7
333.00	7.6386402270145E-7
333.50	3.833870039216E-7
334.00	5.1191898364777E-7
334.50	3.6658700963699E-8
335.00	3.1749499385114E-7
335.50	5.7207898862544E-7
336.00	3.9641000171287E-7
336.50	7.1290600089924E-7
337.00	2.4738199044805E-7
337.50	1.862979956968E-7
338.00	5.4195800203161E-7
338.50	2.4494599415448E-7
339.00	8.5259102888813E-8
339.50	3.0938801387492E-7
340.00	5.7411301668253E-7
340.50	3.0725399824405E-7
341.00	7.1944697310755E-7
341.50	5.5995599268499E-7
342.00	7.3262498290205E-7
342.50	5.7510902706781E-7
343.00	5.988770226395E-7
343.50	8.0408199210069E-7
344.00	5.3459899618247E-7
344.50	9.2952598151896E-7
345.00	9.2450898137031E-7
345.50	2.7852300377162E-7
346.00	4.2526099264251E-7
346.50	4.7626400601075E-7
347.00	4.9353900521965E-8
347.50	9.9999999392253E-9
348.00	1.5816999265894E-8
348.50	1.382580023801E-7
349.00	6.2967501435196E-8
349.50	3.3814799849097E-7
350.00	1.0584999898811E-7
350.50	3.3657900644357E-7
351.00	8.0124402757065E-7
351.50	2.5004499093484E-7
352.00	5.9959700138279E-7
352.50	4.8917200956566E-7
353.00	5.5486600558652E-7
353.50	2.0985700643905E-7
354.00	3.4890999245363E-7
354.50	4.4537699750435E-7
355.00	6.0877397345394E-7
355.50	2.4279501076307E-7
356.00	9.9999999392253E-9
356.50	3.3410699984415E-7
357.00	4.8515801154281E-7
357.50	5.8771001931746E-7
358.00	1.9268399853445E-7
358.50	6.1837602061132E-7
359.00	2.6128898866773E-7
359.50	3.9189600897771E-8
360.00	9.9999999392253E-9
360.50	8.1820601849358E-8
361.00	6.5627898493403E-7
361.50	1.3067399606825E-7
362.00	4.1681101237145E-8
362.50	2.8356299708321E-7
363.00	5.4888300837774E-7
363.50	4.1053499444388E-7
364.00	4.2094100649592E-7
364.50	3.0540098805432E-7
365.00	3.7727801327492E-7
365.50	2.9755099717477E-7
366.00	3.0146699714351E-7
366.50	4.2521799059614E-7
367.00	3.6815399084844E-7
367.50	3.3534900012455E-7
368.00	1.1807200195335E-7
368.50	5.7031502365135E-7
369.00	3.2540501138101E-7
369.50	4.3459701259962E-7
370.00	3.3350499961671E-7
370.50	1.9657599636957E-7
371.00	2.8234998694643E-7
371.50	3.4195301168438E-7
372.00	2.1560700247392E-7
372.50	1.5162299860094E-7
373.00	4.8194601731666E-7
373.50	3.471199931937E-7
374.00	1.0669199923541E-7
374.50	1.4059300212921E-7
375.00	1.7829400178471E-7
375.50	2.8989200018259E-7
376.00	1.6194900354094E-7
376.50	3.5345701121514E-7
377.00	1.6371500066725E-7
377.50	1.2701099727508E-8
378.00	4.2055799553964E-7
378.50	4.7356499521811E-7
379.00	4.2815699430321E-7
379.50	3.8106898614387E-7
380.00	4.2435300429133E-7
380.50	2.1916299886016E-7
381.00	2.1836599728431E-7
381.50	2.793869953166E-7
382.00	3.8788701317571E-7
382.50	1.8901900489254E-7
383.00	4.8209398073595E-7
383.50	1.7761399817573E-7
384.00	1.3679600385785E-7
384.50	1.7418300046756E-7
385.00	3.3108499053469E-8
385.50	3.6283501003709E-7
386.00	3.014100116161E-7
386.50	3.0393698580156E-7
387.00	9.5057501425799E-8
387.50	1.993609970441E-7
388.00	1.9206899537494E-7
388.50	3.211600017039E-7
389.00	1.1326299897974E-7
389.50	1.2209399358198E-7
390.00	1.9660799921439E-7
390.50	3.8792998680037E-7
391.00	2.8826300990659E-7
391.50	2.7300899319016E-7
392.00	3.2064900779005E-7
392.50	1.2044399966271E-7
393.00	2.2466099380836E-7
393.50	2.0219999896653E-7
394.00	1.9210800417113E-7
394.50	1.6864399299266E-7
395.00	1.6718000495075E-7
395.50	1.0836100017286E-7
396.00	3.8734700069654E-7
396.50	2.669289926871E-7
397.00	1.6995400642372E-7
397.50	2.0324499416802E-7
398.00	2.1544599348999E-7
398.50	6.9879000363926E-8
399.00	4.4230699103309E-8
399.50	2.9388300504252E-7
400.00	1.6861200435869E-7
400.50	5.5660400732904E-8
401.00	3.7457699164634E-8
401.50	2.9624300168507E-7
402.00	1.4231200395898E-7
402.50	6.9075596798029E-8
403.00	9.9999999392253E-9
403.50	1.7552800102294E-7
404.00	1.9259100270119E-7
404.50	2.6786401008394E-7
405.00	4.7169301353733E-8
405.50	2.0532999656098E-7
406.00	3.306529947622E-7
406.50	2.0040700121626E-7
407.00	1.4939600134767E-7
407.50	2.0380700505029E-7
408.00	2.0818799839617E-7
408.50	1.2851400299496E-7
409.00	1.4279399351835E-7
409.50	2.1213399747921E-7
410.00	1.8349399510953E-7
410.50	9.6525702986128E-8
411.00	3.5749298632481E-8
411.50	2.0106500642214E-7
412.00	2.3324399478497E-7
412.50	9.9999999392253E-9
413.00	1.4011500582001E-7
413.50	1.1723800241725E-7
414.00	7.5101397101207E-8
414.50	2.0188799965126E-7
415.00	6.2536003042624E-8
415.50	1.6986099637961E-7
416.00	1.7858700118722E-7
416.50	9.9999999392253E-9
417.00	3.3710801261577E-8
417.50	2.1018999873945E-8
418.00	1.4398699477169E-7
418.50	1.7666299356733E-7
419.00	8.5014399076044E-8
419.50	4.449979940091E-8
420.00	1.638239943702E-8
420.50	1.3578399737924E-8
421.00	4.6516699825361E-8
421.50	1.9685899133037E-6
422.00	8.1068401414086E-6
422.50	1.0239399671264E-5
423.00	6.706280146318E-6
423.50	3.33713001055E-6
424.00	9.1719603005913E-6
424.50	3.176589962095E-5
425.00	6.159269833006E-5
425.50	6.5950902353507E-5
426.00	5.8462399465498E-5
426.50	6.8697001552209E-5
427.00	0.00011794699821621
427.50	0.00019738600531127
428.00	0.00026966599398293
428.50	0.00029781999182887
429.00	0.00031128100818023
429.50	0.00035720600862987
430.00	0.0004837840097025
430.50	0.00069408601848409
431.00	0.00093102001119405
431.50	0.0011055199429393
432.00	0.0011836499907076
432.50	0.0012240100186318
433.00	0.0012978400336578
433.50	0.0014865000266582
434.00	0.0018476099940017
434.50	0.0024251800496131
435.00	0.003157899947837
435.50	0.0040281098335981
436.00	0.0050360700115561
436.50	0.0061419098637998
437.00	0.0075005101971328
437.50	0.0093265296891332
438.00	0.012112899683416
438.50	0.016223900020123
439.00	0.021604400128126
439.50	0.027900099754333
440.00	0.033095300197601
440.50	0.036321498453617
441.00	0.038239900022745
441.50	0.040380600839853
442.00	0.045254100114107
442.50	0.056193798780441
443.00	0.077610902488232
443.50	0.1144749969244
444.00	0.16486999392509
444.50	0.2071879953146
445.00	0.21443399786949
445.50	0.1888269931078
446.00	0.15577900409698
446.50	0.13510100543499
447.00	0.12858399748802
447.50	0.13620999455452
448.00	0.15738999843597
448.50	0.19307699799538
449.00	0.2476399987936
449.50	0.31474500894547
450.00	0.38450399041176
450.50	0.44668400287628
451.00	0.49444699287415
451.50	0.52893197536469
452.00	0.56130999326706
452.50	0.5947459936142
453.00	0.62637197971344
453.50	0.65548801422119
454.00	0.68008798360825
454.50	0.69748401641846
455.00	0.71595299243927
455.50	0.74075597524643
456.00	0.77608001232147
456.50	0.82153099775314
457.00	0.87450802326202
457.50	0.92146497964859
458.00	0.95387297868729
458.50	0.9701189994812
459.00	0.96657001972198
459.50	0.95279997587204
460.00	0.93639397621155
460.50	0.92260497808456
461.00	0.92058598995209
461.50	0.92092400789261
462.00	0.93260598182678
462.50	0.94608497619629
463.00	0.95827400684357
463.50	0.97072702646255
464.00	0.97743999958038
464.50	0.97884398698807
465.00	0.97605800628662
465.50	0.97542101144791
466.00	0.97121697664261
466.50	0.97160202264786
467.00	0.9695879817009
467.50	0.97167801856995
468.00	0.97539901733398
468.50	0.9736909866333
469.00	0.97413498163223
469.50	0.973483979702
470.00	0.97089797258377
470.50	0.96920299530029
471.00	0.9650239944458
471.50	0.96212601661682
472.00	0.9614149928093
472.50	0.96205401420593
473.00	0.96392297744751
473.50	0.96309500932693
474.00	0.96395099163055
474.50	0.96437299251556
475.00	0.96279501914978
475.50	0.96244299411774
476.00	0.96344101428986
476.50	0.96827602386475
477.00	0.97275799512863
477.50	0.97448700666428
478.00	0.97422397136688
478.50	0.97292202711105
479.00	0.96977597475052
479.50	0.97012901306152
480.00	0.96560001373291
480.50	0.96714901924133
481.00	0.96645301580429
481.50	0.96919298171997
482.00	0.96837598085403
482.50	0.96223098039627
483.00	0.94979697465897
483.50	0.93592500686646
484.00	0.9233940243721
484.50	0.91621202230453
485.00	0.91763800382614
485.50	0.92548698186874
486.00	0.94119501113892
486.50	0.95729899406433
487.00	0.9595400094986
487.50	0.9383419752121
488.00	0.88765102624893
488.50	0.80846297740936
489.00	0.69258797168732
489.50	0.51891100406647
490.00	0.30170899629593
490.50	0.14168600738049
491.00	0.028995400294662
491.50	0.014023300260305
492.00	0.0043329601176083
492.50	0.0014713599812239
493.00	0.00053972500609234
493.50	0.0002124860038748
494.00	9.0297900896985E-5
494.50	4.1333798435517E-5
495.00	1.8425400412525E-5
495.50	9.8622303994489E-6
496.00	5.0654298320296E-6
496.50	2.5288800316048E-6
497.00	1.4104699630479E-6
497.50	9.2395498541009E-7
498.00	5.4558898909818E-7
498.50	2.9032099746473E-7
499.00	1.4772300005461E-7
499.50	8.6464396531483E-8
500.00	7.7057300984507E-8
500.50	9.9999999392253E-9
501.00	9.9999999392253E-9
501.50	9.9999999392253E-9
502.00	9.9999999392253E-9
502.50	9.9999999392253E-9
503.00	2.4940899123749E-8
503.50	9.9999999392253E-9
504.00	9.9999999392253E-9
504.50	9.9999999392253E-9
505.00	9.9999999392253E-9
505.50	9.9999999392253E-9
506.00	9.9999999392253E-9
506.50	9.9999999392253E-9
507.00	9.9999999392253E-9
507.50	9.9999999392253E-9
508.00	9.9999999392253E-9
508.50	9.9999999392253E-9
509.00	9.9999999392253E-9
509.50	9.9999999392253E-9
510.00	9.9999999392253E-9
510.50	9.9999999392253E-9
511.00	9.9999999392253E-9
511.50	9.9999999392253E-9
512.00	9.9999999392253E-9
512.50	9.9999999392253E-9
513.00	9.9999999392253E-9
513.50	9.9999999392253E-9
514.00	9.9999999392253E-9
514.50	9.9999999392253E-9
515.00	9.9999999392253E-9
515.50	9.9999999392253E-9
516.00	9.9999999392253E-9
516.50	9.9999999392253E-9
517.00	9.9999999392253E-9
517.50	9.9999999392253E-9
518.00	9.9999999392253E-9
518.50	9.9999999392253E-9
519.00	9.9999999392253E-9
519.50	9.9999999392253E-9
520.00	9.9999999392253E-9
520.50	9.9999999392253E-9
521.00	9.9999999392253E-9
521.50	9.9999999392253E-9
522.00	9.9999999392253E-9
522.50	9.9999999392253E-9
523.00	9.9999999392253E-9
523.50	9.9999999392253E-9
524.00	9.9999999392253E-9
524.50	9.9999999392253E-9
525.00	9.9999999392253E-9
525.50	9.9999999392253E-9
526.00	9.9999999392253E-9
526.50	9.9999999392253E-9
527.00	9.9999999392253E-9
527.50	9.9999999392253E-9
528.00	7.0366898974328E-9
528.50	1.3877800020268E-9
529.00	9.9999999392253E-9
529.50	9.9999999392253E-9
530.00	9.9999999392253E-9
530.50	9.9999999392253E-9
531.00	9.9999999392253E-9
531.50	9.9999999392253E-9
532.00	9.9999999392253E-9
532.50	4.2339600270225E-8
533.00	9.9999999392253E-9
533.50	9.9999999392253E-9
534.00	9.9999999392253E-9
534.50	9.9999999392253E-9
535.00	9.9999999392253E-9
535.50	9.9999999392253E-9
536.00	9.9999999392253E-9
536.50	9.9999999392253E-9
537.00	9.9999999392253E-9
537.50	9.9999999392253E-9
538.00	9.9999999392253E-9
538.50	9.9999999392253E-9
539.00	9.9999999392253E-9
539.50	9.9999999392253E-9
540.00	9.9999999392253E-9
540.50	9.9999999392253E-9
541.00	9.9999999392253E-9
541.50	9.9999999392253E-9
542.00	9.9999999392253E-9
542.50	2.2137799149391E-8
543.00	1.9834100584148E-8
543.50	7.5352502904025E-8
544.00	4.788550000967E-8
544.50	9.7199901460954E-8
545.00	1.3014299327097E-7
545.50	3.6022601079821E-7
546.00	4.2380199261061E-7
546.50	8.7081497213148E-7
547.00	1.2813000012102E-6
547.50	2.2316401100397E-6
548.00	4.3013701542804E-6
548.50	7.8590801422251E-6
549.00	1.4996900063124E-5
549.50	2.9948099836474E-5
550.00	6.1001199355815E-5
550.50	0.00013512899749912
551.00	0.00032570600160398
551.50	0.00085155200213194
552.00	0.0024780100211501
552.50	0.0084803299978375
553.00	0.036299500614405
553.50	0.15015299618244
554.00	0.41170099377632
554.50	0.71147501468658
555.00	0.85128301382065
555.50	0.87702697515488
556.00	0.90715402364731
556.50	0.94431400299072
557.00	0.9583979845047
557.50	0.95240598917007
558.00	0.94848597049713
558.50	0.95322698354721
559.00	0.9626100063324
559.50	0.96479499340057
560.00	0.95714199542999
560.50	0.9411209821701
561.00	0.93000000715256
561.50	0.92940402030945
562.00	0.93546098470688
562.50	0.95058101415634
563.00	0.96293598413467
563.50	0.97275900840759
564.00	0.97536599636078
564.50	0.96787399053574
565.00	0.95811498165131
565.50	0.95016002655029
566.00	0.94600301980972
566.50	0.94637799263
567.00	0.95424002408981
567.50	0.96072602272034
568.00	0.96561998128891
568.50	0.96947002410889
569.00	0.97340202331543
569.50	0.97072499990463
570.00	0.97125297784805
570.50	0.96936100721359
571.00	0.96931898593903
571.50	0.97411000728607
572.00	0.97741001844406
572.50	0.97656500339508
573.00	0.97363901138306
573.50	0.96748602390289
574.00	0.95796698331833
574.50	0.95302301645279
575.00	0.94952398538589
575.50	0.95010602474213
576.00	0.95353102684021
576.50	0.96223801374435
577.00	0.97434097528458
577.50	0.98182898759842
578.00	0.98111397027969
578.50	0.97649800777435
579.00	0.96595001220703
579.50	0.95665001869202
580.00	0.94765198230743
580.50	0.94555902481079
581.00	0.94829899072647
581.50	0.95528697967529
582.00	0.96271097660065
582.50	0.96830397844315
583.00	0.96854102611542
583.50	0.9647970199585
584.00	0.96347397565842
584.50	0.96469402313232
585.00	0.96737498044968
585.50	0.9675999879837
586.00	0.95873802900314
586.50	0.94224500656128
587.00	0.93028098344803
587.50	0.90814799070358
588.00	0.80583399534225
588.50	0.56312900781631
589.00	0.2270399928093
589.50	0.1102010011673
590.00	0.024105099961162
590.50	0.012704599648714
591.00	0.0049979300238192
591.50	0.0021661999635398
592.00	0.0010067799594253
592.50	0.00049887597560883
593.00	0.00026385299861431
593.50	0.00014479299716186
594.00	8.184269972844E-5
594.50	4.9057598516811E-5
595.00	2.8940199626959E-5
595.50	1.7769900296116E-5
596.00	1.1527099559316E-5
596.50	7.1649101300864E-6
597.00	4.7591797738278E-6
597.50	3.1814399790164E-6
598.00	2.084020024995E-6
598.50	1.588280042597E-6
599.00	8.9248197809866E-7
599.50	6.8526901486621E-7
600.00	3.7252200968396E-7
600.50	2.9248499799905E-7
601.00	2.9188001349212E-7
601.50	3.3179798464289E-8
602.00	3.8793501744294E-8
602.50	9.9999999392253E-9
603.00	9.9999999392253E-9
603.50	9.9999999392253E-9
604.00	9.9999999392253E-9
604.50	9.9999999392253E-9
605.00	9.9999999392253E-9
605.50	9.9999999392253E-9
606.00	9.9999999392253E-9
606.50	9.9999999392253E-9
607.00	9.9999999392253E-9
607.50	9.9999999392253E-9
608.00	9.9999999392253E-9
608.50	9.9999999392253E-9
609.00	9.9999999392253E-9
609.50	9.9999999392253E-9
610.00	9.9999999392253E-9
610.50	9.9999999392253E-9
611.00	9.9999999392253E-9
611.50	9.9999999392253E-9
612.00	9.9999999392253E-9
612.50	9.9999999392253E-9
613.00	9.9999999392253E-9
613.50	9.9999999392253E-9
614.00	9.9999999392253E-9
614.50	9.9999999392253E-9
615.00	9.9999999392253E-9
615.50	9.9999999392253E-9
616.00	9.9999999392253E-9
616.50	9.9999999392253E-9
617.00	9.9999999392253E-9
617.50	9.9999999392253E-9
618.00	9.9999999392253E-9
618.50	9.9999999392253E-9
619.00	9.9999999392253E-9
619.50	9.9999999392253E-9
620.00	9.9999999392253E-9
620.50	9.9999999392253E-9
621.00	9.9999999392253E-9
621.50	9.9999999392253E-9
622.00	9.9999999392253E-9
622.50	9.9999999392253E-9
623.00	9.9999999392253E-9
623.50	9.9999999392253E-9
624.00	9.9999999392253E-9
624.50	9.9999999392253E-9
625.00	9.9999999392253E-9
625.50	9.9999999392253E-9
626.00	9.9999999392253E-9
626.50	9.9999999392253E-9
627.00	9.9999999392253E-9
627.50	9.9999999392253E-9
628.00	9.9999999392253E-9
628.50	9.9999999392253E-9
629.00	9.9999999392253E-9
629.50	9.9999999392253E-9
630.00	9.9999999392253E-9
630.50	9.9999999392253E-9
631.00	9.9999999392253E-9
631.50	9.9999999392253E-9
632.00	9.9999999392253E-9
632.50	9.9999999392253E-9
633.00	9.9999999392253E-9
633.50	9.9999999392253E-9
634.00	9.9999999392253E-9
634.50	9.9999999392253E-9
635.00	9.9999999392253E-9
635.50	9.9999999392253E-9
636.00	9.9999999392253E-9
636.50	9.9999999392253E-9
637.00	9.9999999392253E-9
637.50	9.9999999392253E-9
638.00	9.9999999392253E-9
638.50	9.9999999392253E-9
639.00	9.9999999392253E-9
639.50	9.9999999392253E-9
640.00	9.9999999392253E-9
640.50	9.9999999392253E-9
641.00	9.9999999392253E-9
641.50	9.9999999392253E-9
642.00	9.9999999392253E-9
642.50	9.9999999392253E-9
643.00	9.9999999392253E-9
643.50	9.9999999392253E-9
644.00	9.9999999392253E-9
644.50	9.9999999392253E-9
645.00	9.9999999392253E-9
645.50	9.9999999392253E-9
646.00	9.9999999392253E-9
646.50	9.9999999392253E-9
647.00	9.9999999392253E-9
647.50	9.9999999392253E-9
648.00	9.9999999392253E-9
648.50	9.9999999392253E-9
649.00	9.9999999392253E-9
649.50	9.9999999392253E-9
650.00	9.9999999392253E-9
650.50	9.9999999392253E-9
651.00	9.9999999392253E-9
651.50	9.9999999392253E-9
652.00	9.9999999392253E-9
652.50	9.9999999392253E-9
653.00	9.9999999392253E-9
653.50	9.9999999392253E-9
654.00	9.9999999392253E-9
654.50	9.9999999392253E-9
655.00	9.9999999392253E-9
655.50	9.9999999392253E-9
656.00	9.9999999392253E-9
656.50	9.9999999392253E-9
657.00	9.9999999392253E-9
657.50	9.9999999392253E-9
658.00	9.9999999392253E-9
658.50	9.9999999392253E-9
659.00	9.9999999392253E-9
659.50	9.9999999392253E-9
660.00	9.9999999392253E-9
660.50	9.9999999392253E-9
661.00	9.9999999392253E-9
661.50	9.9999999392253E-9
662.00	9.9999999392253E-9
662.50	9.9999999392253E-9
663.00	9.9999999392253E-9
663.50	9.9999999392253E-9
664.00	9.9999999392253E-9
664.50	9.9999999392253E-9
665.00	9.9999999392253E-9
665.50	9.9999999392253E-9
666.00	9.9999999392253E-9
666.50	9.9999999392253E-9
667.00	9.9999999392253E-9
667.50	9.9999999392253E-9
668.00	9.9999999392253E-9
668.50	9.9999999392253E-9
669.00	9.9999999392253E-9
669.50	3.0590399546782E-8
670.00	9.9999999392253E-9
670.50	9.9999999392253E-9
671.00	2.1178799158861E-8
671.50	8.0214903164233E-8
672.00	1.4632300349149E-7
672.50	3.3902500717886E-7
673.00	3.7578800515803E-7
673.50	4.3142199501744E-7
674.00	3.5557098954087E-7
674.50	3.7648399597856E-7
675.00	3.0395298722397E-7
675.50	3.8148201042532E-7
676.00	1.8693900472044E-7
676.50	1.9598400058385E-7
677.00	1.4826500205345E-7
677.50	1.284019930381E-7
678.00	9.3385501998E-8
678.50	1.2936000359787E-7
679.00	1.4697199901548E-7
679.50	4.5421501226883E-8
680.00	1.0927199589617E-8
680.50	1.1083700002246E-7
681.00	1.0823500318224E-8
681.50	9.9999999392253E-9
682.00	1.6350300668933E-8
682.50	9.9999999392253E-9
683.00	9.9999999392253E-9
683.50	9.9999999392253E-9
684.00	9.9999999392253E-9
684.50	9.9999999392253E-9
685.00	1.2396100146361E-7
685.50	9.9999999392253E-9
686.00	9.9999999392253E-9
686.50	9.9999999392253E-9
687.00	9.9999999392253E-9
687.50	9.9999999392253E-9
688.00	9.9999999392253E-9
688.50	9.9999999392253E-9
689.00	9.9999999392253E-9
689.50	1.422819995156E-8
690.00	9.9999999392253E-9
690.50	9.9999999392253E-9
691.00	9.9999999392253E-9
691.50	9.9999999392253E-9
692.00	9.9999999392253E-9
692.50	9.9999999392253E-9
693.00	9.9999999392253E-9
693.50	9.9999999392253E-9
694.00	9.9999999392253E-9
694.50	9.9999999392253E-9
695.00	9.9999999392253E-9
695.50	9.9999999392253E-9
696.00	9.9999999392253E-9
696.50	9.9999999392253E-9
697.00	9.9999999392253E-9
697.50	9.9999999392253E-9
698.00	9.9999999392253E-9
698.50	9.9999999392253E-9
699.00	9.9999999392253E-9
699.50	9.9999999392253E-9
700.00	9.9999999392253E-9
700.50	9.9999999392253E-9
701.00	9.9999999392253E-9
701.50	9.9999999392253E-9
702.00	9.9999999392253E-9
702.50	9.9999999392253E-9
703.00	9.9999999392253E-9
703.50	9.9999999392253E-9
704.00	9.9999999392253E-9
704.50	9.9999999392253E-9
705.00	9.9999999392253E-9
705.50	9.9999999392253E-9
706.00	9.9999999392253E-9
706.50	9.9999999392253E-9
707.00	9.9999999392253E-9
707.50	9.9999999392253E-9
708.00	9.9999999392253E-9
708.50	9.9999999392253E-9
709.00	9.9999999392253E-9
709.50	9.9999999392253E-9
710.00	9.9999999392253E-9
710.50	9.9999999392253E-9
711.00	7.1264198986398E-9
711.50	9.9999999392253E-9
712.00	9.9999999392253E-9
712.50	9.9999999392253E-9
713.00	9.9999999392253E-9
713.50	9.9999999392253E-9
714.00	9.9999999392253E-9
714.50	9.9999999392253E-9
715.00	9.9999999392253E-9
715.50	9.9999999392253E-9
716.00	9.9999999392253E-9
716.50	9.9999999392253E-9
717.00	9.9999999392253E-9
717.50	9.9999999392253E-9
718.00	9.9999999392253E-9
718.50	9.9999999392253E-9
719.00	9.9999999392253E-9
719.50	9.9999999392253E-9
720.00	9.9999999392253E-9
720.50	9.9999999392253E-9
721.00	9.9999999392253E-9
721.50	9.9999999392253E-9
722.00	9.9999999392253E-9
722.50	9.9999999392253E-9
723.00	9.9999999392253E-9
723.50	9.9999999392253E-9
724.00	9.9999999392253E-9
724.50	9.9999999392253E-9
725.00	9.9999999392253E-9
725.50	9.9999999392253E-9
726.00	9.9999999392253E-9
726.50	9.9999999392253E-9
727.00	9.9999999392253E-9
727.50	9.9999999392253E-9
728.00	9.9999999392253E-9
728.50	9.9999999392253E-9
729.00	9.9999999392253E-9
729.50	9.9999999392253E-9
730.00	4.1869999023447E-8
730.50	9.9999999392253E-9
731.00	9.9999999392253E-9
731.50	9.9999999392253E-9
732.00	9.9999999392253E-9
732.50	9.9999999392253E-9
733.00	9.9999999392253E-9
733.50	9.9999999392253E-9
734.00	9.9999999392253E-9
734.50	9.9999999392253E-9
735.00	1.4178300311585E-8
735.50	9.9999999392253E-9
736.00	9.9999999392253E-9
736.50	9.9999999392253E-9
737.00	9.9999999392253E-9
737.50	9.9999999392253E-9
738.00	9.9999999392253E-9
738.50	9.9999999392253E-9
739.00	9.9999999392253E-9
739.50	9.9999999392253E-9
740.00	9.9999999392253E-9
740.50	9.9999999392253E-9
741.00	9.9999999392253E-9
741.50	9.9999999392253E-9
742.00	9.9999999392253E-9
742.50	9.9999999392253E-9
743.00	9.9999999392253E-9
743.50	9.9999999392253E-9
744.00	9.9999999392253E-9
744.50	9.9999999392253E-9
745.00	9.9999999392253E-9
745.50	9.9999999392253E-9
746.00	9.9999999392253E-9
746.50	6.7778800350027E-9
747.00	9.9999999392253E-9
747.50	9.9999999392253E-9
748.00	9.9999999392253E-9
748.50	9.9999999392253E-9
749.00	9.9999999392253E-9
749.50	9.9999999392253E-9
750.00	9.9999999392253E-9
750.50	9.9999999392253E-9
751.00	9.9999999392253E-9
751.50	9.9999999392253E-9
752.00	9.9999999392253E-9
752.50	9.9999999392253E-9
753.00	9.9999999392253E-9
753.50	9.9999999392253E-9
754.00	9.9999999392253E-9
754.50	9.9999999392253E-9
755.00	9.9999999392253E-9
755.50	9.9999999392253E-9
756.00	2.4218499206086E-8
756.50	9.9999999392253E-9
757.00	9.9999999392253E-9
757.50	9.9999999392253E-9
758.00	9.9999999392253E-9
758.50	9.9999999392253E-9
759.00	9.9999999392253E-9
759.50	9.9999999392253E-9
760.00	9.9999999392253E-9
760.50	9.9999999392253E-9
761.00	9.9999999392253E-9
761.50	9.9999999392253E-9
762.00	9.9999999392253E-9
762.50	9.9999999392253E-9
763.00	9.9999999392253E-9
763.50	9.9999999392253E-9
764.00	9.9999999392253E-9
764.50	9.9999999392253E-9
765.00	9.9999999392253E-9
765.50	9.9999999392253E-9
766.00	9.9999999392253E-9
766.50	9.9999999392253E-9
767.00	9.9999999392253E-9
767.50	9.9999999392253E-9
768.00	9.9999999392253E-9
768.50	1.7859500545114E-8
769.00	9.9999999392253E-9
769.50	9.9999999392253E-9
770.00	9.9999999392253E-9
770.50	8.0828002069211E-8
771.00	9.9999999392253E-9
771.50	1.792339929807E-7
772.00	9.9999999392253E-9
772.50	1.2475699584513E-8
773.00	1.6894600207706E-7
773.50	9.9999999392253E-9
774.00	9.9999999392253E-9
774.50	9.9999999392253E-9
775.00	9.9999999392253E-9
775.50	9.9999999392253E-9
776.00	9.9999999392253E-9
776.50	1.6587399898071E-7
777.00	9.9999999392253E-9
777.50	9.9999999392253E-9
778.00	9.9999999392253E-9
778.50	8.5944499517154E-8
779.00	9.9999999392253E-9
779.50	9.9999999392253E-9
780.00	2.5312399287714E-8
780.50	1.1138499900198E-7
781.00	9.9999999392253E-9
781.50	9.9999999392253E-9
782.00	9.9999999392253E-9
782.50	2.5624200361563E-7
783.00	9.9999999392253E-9
783.50	9.9999999392253E-9
784.00	9.9999999392253E-9
784.50	9.9999999392253E-9
785.00	9.9999999392253E-9
785.50	2.2063499915959E-9
786.00	1.7763600368426E-8
786.50	9.9999999392253E-9
787.00	9.9999999392253E-9
787.50	9.9999999392253E-9
788.00	9.9999999392253E-9
788.50	9.9999999392253E-9
789.00	1.6551499726347E-8
789.50	9.9999999392253E-9
790.00	2.6173299261245E-7
790.50	9.9999999392253E-9
791.00	9.9999999392253E-9
791.50	1.9280300023183E-7
792.00	9.9999999392253E-9
792.50	9.9999999392253E-9
793.00	2.8190900280833E-8
793.50	9.9999999392253E-9
794.00	1.4159300576466E-7
794.50	1.448880055932E-7
795.00	9.9999999392253E-9
795.50	9.9999999392253E-9
796.00	9.9999999392253E-9
796.50	9.9999999392253E-9
797.00	2.0489800078849E-7
797.50	9.9999999392253E-9
798.00	9.9999999392253E-9
798.50	5.0005798613029E-8
799.00	9.9999999392253E-9
799.50	9.9999999392253E-9
800.00	9.9999999392253E-9
800.50	9.9999999392253E-9
801.00	9.9999999392253E-9
801.50	1.5083999471699E-7
802.00	5.1396898470557E-7
802.50	3.8982400951681E-7
803.00	9.9999999392253E-9
803.50	1.5009399589871E-7
804.00	9.9999999392253E-9
804.50	9.9999999392253E-9
805.00	4.3243400682513E-7
805.50	2.5537099190842E-7
806.00	2.0300500125359E-7
806.50	3.9397900764016E-7
807.00	4.8103498784258E-7
807.50	3.2464100740981E-7
808.00	9.9999999392253E-9
808.50	9.9999999392253E-9
809.00	9.9999999392253E-9
809.50	4.3773800939562E-7
810.00	9.9999999392253E-9
810.50	1.6222199406002E-7
811.00	9.9999999392253E-9
811.50	9.9999999392253E-9
812.00	9.9999999392253E-9
812.50	9.9999999392253E-9
813.00	9.9999999392253E-9
813.50	9.5915396514101E-8
814.00	9.857689775572E-8
814.50	7.2995499067474E-7
815.00	9.9999999392253E-9
815.50	9.9999999392253E-9
816.00	9.9999999392253E-9
816.50	9.9999999392253E-9
817.00	9.9999999392253E-9
817.50	9.9999999392253E-9
818.00	9.9999999392253E-9
818.50	9.9999999392253E-9
819.00	9.9999999392253E-9
819.50	5.1240999709989E-7
820.00	9.9999999392253E-9
820.50	2.5661100266916E-7
821.00	2.4561700229242E-8
821.50	9.9999999392253E-9
822.00	9.9999999392253E-9
822.50	9.9999999392253E-9
823.00	9.9999999392253E-9
823.50	9.9999999392253E-9
824.00	2.7707000072041E-7
824.50	5.9817097053383E-8
825.00	9.9999999392253E-9
825.50	9.9999999392253E-9
826.00	9.9999999392253E-9
826.50	9.9999999392253E-9
827.00	9.9999999392253E-9
827.50	1.8826200687272E-7
828.00	9.9999999392253E-9
828.50	9.9999999392253E-9
829.00	3.7915899042673E-7
829.50	9.9999999392253E-9
830.00	4.350679887466E-7
830.50	1.2211700095577E-7
831.00	2.9510600185745E-8
831.50	1.9518400051766E-7
832.00	3.5974699130747E-7
832.50	4.8148399400816E-7
833.00	9.9999999392253E-9
833.50	3.4804000392796E-7
834.00	1.0240599976896E-6
834.50	9.2393499073751E-8
835.00	9.9999999392253E-9
835.50	9.9999999392253E-9
836.00	5.4140400607139E-7
836.50	1.6767999966305E-7
837.00	9.9999999392253E-9
837.50	1.3239199461168E-6
838.00	9.9999999392253E-9
838.50	9.9999999392253E-9
839.00	9.9999999392253E-9
839.50	1.1628800393737E-6
840.00	9.9999999392253E-9
840.50	9.9999999392253E-9
841.00	4.167930001131E-7
841.50	7.7671802500845E-7
842.00	1.2938700137965E-6
842.50	9.9999999392253E-9
843.00	9.6908502200677E-7
843.50	4.5400199155665E-7
844.00	9.9999999392253E-9
844.50	1.2523500458883E-7
845.00	7.0191299528233E-7
845.50	2.8465199193306E-6
846.00	9.9999999392253E-9
846.50	9.9999999392253E-9
847.00	9.9999999392253E-9
847.50	9.9999999392253E-9
848.00	9.9999999392253E-9
848.50	9.9999999392253E-9
849.00	2.8546201065183E-6
849.50	1.5012400353953E-6
850.00	9.9999999392253E-9
850.50	9.9999999392253E-9
851.00	1.3442900126392E-6
851.50	2.2453200188011E-7
852.00	9.9999999392253E-9
852.50	1.1425699995016E-6
853.00	3.1817498893361E-6
853.50	1.0242699772789E-6
854.00	9.9999999392253E-9
854.50	9.9999999392253E-9
855.00	4.1153799656968E-7
855.50	9.9999999392253E-9
856.00	9.9999999392253E-9
856.50	9.9999999392253E-9
857.00	5.0142499929962E-8
857.50	1.1106900501545E-6
858.00	2.1657199340552E-6
858.50	1.0622500212776E-6
859.00	9.9999999392253E-9
859.50	9.9999999392253E-9
860.00	9.9999999392253E-9
860.50	9.9999999392253E-9
861.00	9.9999999392253E-9
861.50	9.9999999392253E-9
862.00	9.9999999392253E-9
862.50	9.9999999392253E-9
863.00	9.9999999392253E-9
863.50	9.9999999392253E-9
864.00	9.9999999392253E-9
864.50	9.9999999392253E-9
865.00	2.1674600247934E-7
865.50	9.9999999392253E-9
866.00	9.9999999392253E-9
866.50	9.9999999392253E-9
867.00	9.9999999392253E-9
867.50	9.9999999392253E-9
868.00	9.9999999392253E-9
868.50	9.9999999392253E-9
869.00	9.9999999392253E-9
869.50	9.9999999392253E-9
870.00	9.9999999392253E-9
870.50	9.9999999392253E-9
871.00	9.9999999392253E-9
871.50	9.9999999392253E-9
872.00	1.0376700174675E-6
872.50	2.1246300718758E-8
873.00	9.9999999392253E-9
873.50	1.3746699778494E-7
874.00	1.2744300192935E-6
874.50	9.9999999392253E-9
875.00	9.9999999392253E-9
875.50	9.9999999392253E-9
876.00	9.9999999392253E-9
876.50	9.9999999392253E-9
877.00	9.9999999392253E-9
877.50	9.9999999392253E-9
878.00	9.9999999392253E-9
878.50	9.9999999392253E-9
879.00	9.9999999392253E-9
879.50	9.9999999392253E-9
880.00	9.9999999392253E-9
880.50	9.9999999392253E-9
881.00	9.9999999392253E-9
881.50	9.9999999392253E-9
882.00	9.9999999392253E-9
882.50	9.9999999392253E-9
883.00	9.9999999392253E-9
883.50	9.9999999392253E-9
884.00	9.9999999392253E-9
884.50	9.9999999392253E-9
885.00	9.9999999392253E-9
885.50	9.9999999392253E-9
886.00	9.9999999392253E-9
886.50	9.9999999392253E-9
887.00	9.9999999392253E-9
887.50	9.9999999392253E-9
888.00	9.9999999392253E-9
888.50	9.9999999392253E-9
889.00	9.9999999392253E-9
889.50	3.916159982964E-7
890.00	1.1795599448305E-6
890.50	9.9999999392253E-9
891.00	9.9999999392253E-9
891.50	9.9999999392253E-9
892.00	9.9999999392253E-9
892.50	9.9999999392253E-9
893.00	9.9999999392253E-9
893.50	9.9999999392253E-9
894.00	9.9999999392253E-9
894.50	9.9999999392253E-9
895.00	2.1896501039009E-6
895.50	9.9999999392253E-9
896.00	9.9999999392253E-9
896.50	9.9999999392253E-9
897.00	9.9999999392253E-9
897.50	9.9999999392253E-9
898.00	9.9999999392253E-9
898.50	9.9999999392253E-9
899.00	9.9999999392253E-9
899.50	6.5332397980455E-7
900.00	1.6894399550438E-6
900.50	1.0905599765465E-6
901.00	4.8674098707124E-7
901.50	1.0702300414778E-6
902.00	1.6545800463064E-6
902.50	9.6350004241685E-7
903.00	2.7134899482917E-7
903.50	9.9999999392253E-9
904.00	9.9999999392253E-9
904.50	9.9999999392253E-9
905.00	1.9751900026677E-7
905.50	9.9999999392253E-9
906.00	9.9999999392253E-9
906.50	9.9999999392253E-9
907.00	6.6976002699448E-7
907.50	9.9999999392253E-9
908.00	9.9999999392253E-9
908.50	9.9999999392253E-9
909.00	2.7550200343285E-7
909.50	9.9999999392253E-9
910.00	9.9999999392253E-9
910.50	9.9999999392253E-9
911.00	9.9999999392253E-9
911.50	9.9999999392253E-9
912.00	1.4551400084883E-8
912.50	9.9999999392253E-9
913.00	9.9999999392253E-9
913.50	9.9999999392253E-9
914.00	9.9999999392253E-9
914.50	9.9999999392253E-9
915.00	9.9999999392253E-9
915.50	9.9999999392253E-9
916.00	9.9999999392253E-9
916.50	9.9999999392253E-9
917.00	9.9999999392253E-9
917.50	9.9999999392253E-9
918.00	9.9999999392253E-9
918.50	9.9999999392253E-9
919.00	6.8813000098089E-7
919.50	2.0457800076201E-7
920.00	9.9999999392253E-9
920.50	9.9999999392253E-9
921.00	9.9999999392253E-9
921.50	9.9999999392253E-9
922.00	9.9999999392253E-9
922.50	9.9999999392253E-9
923.00	6.1150399233156E-7
923.50	9.9999999392253E-9
924.00	9.9999999392253E-9
924.50	9.9999999392253E-9
925.00	3.8466200180665E-7
925.50	9.9999999392253E-9
926.00	9.9999999392253E-9
926.50	9.9999999392253E-9
927.00	2.0026199365475E-7
927.50	3.4984799412996E-7
928.00	4.9901399279406E-7
928.50	1.0064100308682E-7
929.00	9.9999999392253E-9
929.50	9.9999999392253E-9
930.00	9.9999999392253E-9
930.50	9.9999999392253E-9
931.00	1.1656000253879E-7
931.50	1.2638200530546E-7
932.00	1.3622400274471E-7
932.50	9.9999999392253E-9
933.00	9.9999999392253E-9
933.50	9.9999999392253E-9
934.00	2.3557500128391E-7
934.50	9.9999999392253E-9
935.00	9.9999999392253E-9
935.50	9.9999999392253E-9
936.00	9.9999999392253E-9
936.50	9.9999999392253E-9
937.00	9.9999999392253E-9
937.50	9.9999999392253E-9
938.00	9.9999999392253E-9
938.50	9.9999999392253E-9
939.00	9.9999999392253E-9
939.50	9.9999999392253E-9
940.00	9.9999999392253E-9
940.50	9.9999999392253E-9
941.00	1.091160015676E-6
941.50	9.9999999392253E-9
942.00	9.9999999392253E-9
942.50	9.9999999392253E-9
943.00	9.9999999392253E-9
943.50	9.9999999392253E-9
944.00	9.9999999392253E-9
944.50	9.9999999392253E-9
945.00	9.9999999392253E-9
945.50	9.9999999392253E-9
946.00	9.9999999392253E-9
946.50	9.9999999392253E-9
947.00	9.9999999392253E-9
947.50	9.9999999392253E-9
948.00	1.9950100238475E-7
948.50	1.0183099448113E-6
949.00	1.8301400359633E-6
949.50	9.9999999392253E-9
950.00	9.9999999392253E-9
950.50	9.9999999392253E-9
951.00	9.9999999392253E-9
951.50	9.9999999392253E-9
952.00	9.9999999392253E-9
952.50	9.9999999392253E-9
953.00	9.9999999392253E-9
953.50	9.9999999392253E-9
954.00	9.9999999392253E-9
954.50	9.9999999392253E-9
955.00	6.3921100945663E-7
955.50	1.2299799436732E-6
956.00	1.8219900539407E-6
956.50	1.0103000249728E-6
957.00	1.9094500203209E-7
957.50	9.9999999392253E-9
958.00	9.9999999392253E-9
958.50	9.9999999392253E-9
959.00	9.9999999392253E-9
959.50	9.9999999392253E-9
960.00	9.9999999392253E-9
960.50	5.3293098289942E-7
961.00	1.3555500117945E-6
961.50	9.9999999392253E-9
962.00	9.9999999392253E-9
962.50	9.9999999392253E-9
963.00	9.9999999392253E-9
963.50	9.9999999392253E-9
964.00	9.9999999392253E-9
964.50	9.9999999392253E-9
965.00	9.9999999392253E-9
965.50	9.9999999392253E-9
966.00	9.9999999392253E-9
966.50	3.3484798933614E-8
967.00	1.4347199339682E-7
967.50	9.9999999392253E-9
968.00	9.9999999392253E-9
968.50	9.9999999392253E-9
969.00	1.3796200448724E-7
969.50	9.9999999392253E-9
970.00	9.9999999392253E-9
970.50	9.9999999392253E-9
971.00	9.9999999392253E-9
971.50	3.9633000881167E-8
972.00	1.0867599939957E-6
972.50	9.9999999392253E-9
973.00	9.9999999392253E-9
973.50	9.9999999392253E-9
974.00	1.431910050087E-6
974.50	7.2076502988239E-8
975.00	9.9999999392253E-9
975.50	9.9999999392253E-9
976.00	8.1077297409138E-7
976.50	1.8171699878167E-7
977.00	9.9999999392253E-9
977.50	9.9999999392253E-9
978.00	9.9999999392253E-9
978.50	9.9999999392253E-9
979.00	9.9999999392253E-9
979.50	9.9999999392253E-9
980.00	9.9999999392253E-9
980.50	9.9999999392253E-9
981.00	9.9999999392253E-9
981.50	2.828269884958E-7
982.00	7.7442098245228E-7
982.50	9.9999999392253E-9
983.00	9.9999999392253E-9
983.50	9.9999999392253E-9
984.00	9.9999999392253E-9
984.50	9.9999999392253E-9
985.00	9.9999999392253E-9
985.50	9.9999999392253E-9
986.00	9.9999999392253E-9
986.50	9.9999999392253E-9
987.00	9.9999999392253E-9
987.50	2.9626500008817E-7
988.00	1.8691499690249E-6
988.50	9.9999999392253E-9
989.00	9.9999999392253E-9
989.50	9.9999999392253E-9
990.00	9.9999999392253E-9
990.50	4.5114398972146E-7
991.00	9.0349601578055E-7
991.50	9.9999999392253E-9
992.00	9.9999999392253E-9
992.50	9.9999999392253E-9
993.00	9.9999999392253E-9
993.50	9.9999999392253E-9
994.00	9.9999999392253E-9
994.50	9.9999999392253E-9
995.00	7.9874297398419E-8
995.50	9.9999999392253E-9
996.00	9.9999999392253E-9
996.50	9.9999999392253E-9
997.00	9.9999999392253E-9
997.50	9.9999999392253E-9
998.00	1.7964200083043E-7
998.50	9.9999999392253E-9
999.00	9.9999999392253E-9
999.50	8.2472001849965E-7
1000.00	2.7216199214308E-6
