Typical Measured Spectrum of Semrock FF01-630/92 Optical Filter	
For wavelengths between 320 and 1120 nm, values near or below 3e-7 (Optical Density 6.5) are measurement noise limited.
For wavelengths < 320 nm and > 1120 nm, values near or below 3e-6 (Optical Density 5.5) are measurement noise limited. 
Data format:  Wavelength (nm) <tab> Transmission (0 to 1)
300.0	4.6118e-07
300.2	4.2474e-07
300.4	3.9117e-07
300.6	3.6026e-07
300.8	3.3179e-07
301.0	3.0557e-07
301.2	2.8143e-07
301.4	2.5919e-07
301.6	2.3871e-07
301.8	2.1984e-07
302.0	2.5188e-07
302.2	2.9053e-07
302.4	3.3511e-07
302.6	3.8654e-07
302.8	4.4586e-07
303.0	5.1428e-07
303.2	5.932e-07
303.4	6.8424e-07
303.6	7.8924e-07
303.8	9.1036e-07
304.0	8.2509e-07
304.2	6.9725e-07
304.4	5.8922e-07
304.6	4.9792e-07
304.8	4.2077e-07
305.0	3.5558e-07
305.2	3.0048e-07
305.4	2.5393e-07
305.6	2.1458e-07
305.8	1.8134e-07
306.0	1.6828e-07
306.2	1.6713e-07
306.4	1.6598e-07
306.6	1.6484e-07
306.8	1.6371e-07
307.0	1.6259e-07
307.2	1.6147e-07
307.4	1.6036e-07
307.6	1.5926e-07
307.8	1.5817e-07
308.0	1.6361e-07
308.2	1.8038e-07
308.4	1.9886e-07
308.6	2.1924e-07
308.8	2.4171e-07
309.0	2.6648e-07
309.2	2.9379e-07
309.4	3.2389e-07
309.6	3.5708e-07
309.8	3.9367e-07
310.0	4.3725e-07
310.2	5.1926e-07
310.4	6.1664e-07
310.6	7.3229e-07
310.8	8.6963e-07
311.0	1.0327e-06
311.2	1.2264e-06
311.4	1.4564e-06
311.6	1.7295e-06
311.8	2.0539e-06
312.0	1.6044e-06
312.2	1.2344e-06
312.4	9.4977e-07
312.6	7.3074e-07
312.8	5.6222e-07
313.0	4.3257e-07
313.2	3.3281e-07
313.4	2.5606e-07
313.6	1.9701e-07
313.8	1.5158e-07
314.0	1.654e-07
314.2	1.9975e-07
314.4	2.4124e-07
314.6	2.9134e-07
314.8	3.5184e-07
315.0	4.2491e-07
315.2	5.1316e-07
315.4	6.1974e-07
315.6	7.4845e-07
315.8	9.0389e-07
316.0	8.701e-07
316.2	7.1544e-07
316.4	5.8828e-07
316.6	4.8371e-07
316.8	3.9774e-07
317.0	3.2704e-07
317.2	2.6891e-07
317.4	2.2111e-07
317.6	1.8181e-07
317.8	1.495e-07
318.0	1.6261e-07
318.2	2.6909e-07
318.4	4.453e-07
318.6	7.369e-07
318.8	1.2194e-06
319.0	2.018e-06
319.2	3.3394e-06
319.4	5.5263e-06
319.6	9.1451e-06
319.8	1.5134e-05
320.0	2.3138e-05
320.2	1.8643e-05
320.4	1.5022e-05
320.6	1.2104e-05
320.8	9.7529e-06
321.0	7.8585e-06
321.2	6.332e-06
321.4	5.1021e-06
321.6	4.111e-06
321.8	3.3125e-06
322.0	3.023e-06
322.2	2.7808e-06
322.4	2.5581e-06
322.6	2.3531e-06
322.8	2.1646e-06
323.0	1.9912e-06
323.2	1.8317e-06
323.4	1.685e-06
323.6	1.55e-06
323.8	1.4258e-06
324.0	1.2519e-06
324.2	1.0827e-06
324.4	9.3635e-07
324.6	8.0979e-07
324.8	7.0034e-07
325.0	6.0569e-07
325.2	5.2382e-07
325.4	4.5302e-07
325.6	3.918e-07
325.8	3.3884e-07
326.0	2.9754e-07
326.2	2.6428e-07
326.4	2.3475e-07
326.6	2.0851e-07
326.8	1.8521e-07
327.0	1.6451e-07
327.2	1.4612e-07
327.4	1.2979e-07
327.6	1.1529e-07
327.8	1.024e-07
328.0	1.0035e-07
328.2	1.1467e-07
328.4	1.3103e-07
328.6	1.4973e-07
328.8	1.711e-07
329.0	1.9551e-07
329.2	2.2341e-07
329.4	2.553e-07
329.6	2.9173e-07
329.8	3.3336e-07
330.0	3.6869e-07
330.2	3.0869e-07
330.4	2.5845e-07
330.6	2.1639e-07
330.8	1.8117e-07
331.0	1.5169e-07
331.2	1.27e-07
331.4	1.0633e-07
331.6	8.9025e-08
331.8	7.4537e-08
332.0	7.342e-08
332.2	7.2875e-08
332.4	7.2335e-08
332.6	7.1799e-08
332.8	7.1267e-08
333.0	7.0738e-08
333.2	7.0214e-08
333.4	6.9693e-08
333.6	6.9177e-08
333.8	6.8664e-08
334.0	6.8084e-08
334.2	6.7489e-08
334.4	6.69e-08
334.6	6.6315e-08
334.8	6.5736e-08
335.0	6.5162e-08
335.2	6.4592e-08
335.4	6.4028e-08
335.6	6.3468e-08
335.8	6.2914e-08
336.0	6.2296e-08
336.2	6.164e-08
336.4	6.099e-08
336.6	6.0347e-08
336.8	5.9711e-08
337.0	5.9082e-08
337.2	5.8459e-08
337.4	5.7843e-08
337.6	5.7234e-08
337.8	5.663e-08
338.0	6.0579e-08
338.2	7.2016e-08
338.4	8.5613e-08
338.6	1.0178e-07
338.8	1.2099e-07
339.0	1.4383e-07
339.2	1.7099e-07
339.4	2.0327e-07
339.6	2.4165e-07
339.8	2.8727e-07
340.0	3.3256e-07
340.2	3.1973e-07
340.4	3.074e-07
340.6	2.9554e-07
340.8	2.8415e-07
341.0	2.7319e-07
341.2	2.6265e-07
341.4	2.5252e-07
341.6	2.4278e-07
341.8	2.3342e-07
342.0	2.6233e-07
342.2	2.9997e-07
342.4	3.4302e-07
342.6	3.9224e-07
342.8	4.4853e-07
343.0	5.129e-07
343.2	5.8651e-07
343.4	6.7067e-07
343.6	7.6692e-07
343.8	8.7698e-07
344.0	8.3803e-07
344.2	7.481e-07
344.4	6.6782e-07
344.6	5.9616e-07
344.8	5.3218e-07
345.0	4.7507e-07
345.2	4.2409e-07
345.4	3.7858e-07
345.6	3.3796e-07
345.8	3.0169e-07
346.0	2.9794e-07
346.2	3.1905e-07
346.4	3.4166e-07
346.6	3.6587e-07
346.8	3.918e-07
347.0	4.1957e-07
347.2	4.493e-07
347.4	4.8114e-07
347.6	5.1524e-07
347.8	5.5176e-07
348.0	5.5362e-07
348.2	5.0064e-07
348.4	4.5273e-07
348.6	4.094e-07
348.8	3.7022e-07
349.0	3.3479e-07
349.2	3.0275e-07
349.4	2.7377e-07
349.6	2.4757e-07
349.8	2.2388e-07
350.0	2.059e-07
350.2	2.1704e-07
350.4	2.288e-07
350.6	2.4119e-07
350.8	2.5424e-07
351.0	2.6801e-07
351.2	2.8252e-07
351.4	2.9782e-07
351.6	3.1395e-07
351.8	3.3095e-07
352.0	2.7589e-07
352.2	2.2472e-07
352.4	1.8303e-07
352.6	1.4908e-07
352.8	1.2143e-07
353.0	9.8905e-08
353.2	8.0559e-08
353.4	6.5616e-08
353.6	5.3445e-08
353.8	4.3532e-08
354.0	5.098e-08
354.2	6.7828e-08
354.4	9.0242e-08
354.6	1.2006e-07
354.8	1.5974e-07
355.0	2.1253e-07
355.2	2.8277e-07
355.4	3.7621e-07
355.6	5.0054e-07
355.8	6.6595e-07
356.0	6.9705e-07
356.2	6.1104e-07
356.4	5.3565e-07
356.6	4.6956e-07
356.8	4.1162e-07
357.0	3.6083e-07
357.2	3.1631e-07
357.4	2.7729e-07
357.6	2.4307e-07
357.8	2.1308e-07
358.0	1.9871e-07
358.2	2.0257e-07
358.4	2.0651e-07
358.6	2.1052e-07
358.8	2.1461e-07
359.0	2.1877e-07
359.2	2.2302e-07
359.4	2.2735e-07
359.6	2.3177e-07
359.8	2.3627e-07
360.0	2.3406e-07
360.2	1.8973e-07
360.4	1.538e-07
360.6	1.2468e-07
360.8	1.0107e-07
361.0	8.1929e-08
361.2	6.6414e-08
361.4	5.3837e-08
361.6	4.3642e-08
361.8	3.5377e-08
362.0	3.4792e-08
362.2	3.4756e-08
362.4	3.4721e-08
362.6	3.4685e-08
362.8	3.465e-08
363.0	3.4614e-08
363.2	3.4579e-08
363.4	3.4543e-08
363.6	3.4508e-08
363.8	3.4473e-08
364.0	3.8908e-08
364.2	4.5592e-08
364.4	5.3424e-08
364.6	6.2602e-08
364.8	7.3356e-08
365.0	8.5958e-08
365.2	1.0073e-07
365.4	1.1803e-07
365.6	1.383e-07
365.8	1.6206e-07
366.0	1.6748e-07
366.2	1.5917e-07
366.4	1.5127e-07
366.6	1.4376e-07
366.8	1.3663e-07
367.0	1.2984e-07
367.2	1.234e-07
367.4	1.1728e-07
367.6	1.1145e-07
367.8	1.0592e-07
368.0	1.0906e-07
368.2	1.2408e-07
368.4	1.4118e-07
368.6	1.6063e-07
368.8	1.8276e-07
369.0	2.0794e-07
369.2	2.3658e-07
369.4	2.6918e-07
369.6	3.0626e-07
369.8	3.4845e-07
370.0	3.7444e-07
370.2	2.8729e-07
370.4	2.2042e-07
370.6	1.6912e-07
370.8	1.2976e-07
371.0	9.9558e-08
371.2	7.6386e-08
371.4	5.8607e-08
371.6	4.4966e-08
371.8	3.4501e-08
372.0	3.3524e-08
372.2	3.3392e-08
372.4	3.3261e-08
372.6	3.3131e-08
372.8	3.3e-08
373.0	3.2871e-08
373.2	3.2742e-08
373.4	3.2613e-08
373.6	3.2486e-08
373.8	3.2358e-08
374.0	3.3935e-08
374.2	3.6206e-08
374.4	3.8628e-08
374.6	4.1213e-08
374.8	4.397e-08
375.0	4.6912e-08
375.2	5.0051e-08
375.4	5.34e-08
375.6	5.6973e-08
375.8	6.0785e-08
376.0	6.3827e-08
376.2	6.63e-08
376.4	6.8868e-08
376.6	7.1536e-08
376.8	7.4307e-08
377.0	7.7186e-08
377.2	8.0176e-08
377.4	8.3282e-08
377.6	8.6508e-08
377.8	8.9859e-08
378.0	9.286e-08
378.2	9.5344e-08
378.4	9.7895e-08
378.6	1.0051e-07
378.8	1.032e-07
379.0	1.0596e-07
379.2	1.088e-07
379.4	1.1171e-07
379.6	1.147e-07
379.8	1.1777e-07
380.0	1.1778e-07
380.2	1.0087e-07
380.4	8.6387e-08
380.6	7.3984e-08
380.8	6.3361e-08
381.0	5.4264e-08
381.2	4.6473e-08
381.4	3.98e-08
381.6	3.4086e-08
381.8	2.9192e-08
382.0	3.3691e-08
382.2	4.0576e-08
382.4	4.8869e-08
382.6	5.8856e-08
382.8	7.0884e-08
383.0	8.537e-08
383.2	1.0282e-07
383.4	1.2383e-07
383.6	1.4914e-07
383.8	1.7961e-07
384.0	1.6423e-07
384.2	1.3491e-07
384.4	1.1082e-07
384.6	9.1032e-08
384.8	7.4779e-08
385.0	6.1427e-08
385.2	5.0459e-08
385.4	4.145e-08
385.6	3.4049e-08
385.8	2.7969e-08
386.0	2.6684e-08
386.2	2.8436e-08
386.4	3.0302e-08
386.6	3.2292e-08
386.8	3.4411e-08
387.0	3.667e-08
387.2	3.9077e-08
387.4	4.1642e-08
387.6	4.4376e-08
387.8	4.7288e-08
388.0	5.0885e-08
388.2	5.5481e-08
388.4	6.0492e-08
388.6	6.5956e-08
388.8	7.1913e-08
389.0	7.8409e-08
389.2	8.5491e-08
389.4	9.3212e-08
389.6	1.0163e-07
389.8	1.1081e-07
390.0	1.1632e-07
390.2	9.673e-08
390.4	8.0437e-08
390.6	6.6889e-08
390.8	5.5622e-08
391.0	4.6254e-08
391.2	3.8463e-08
391.4	3.1984e-08
391.6	2.6597e-08
391.8	2.2117e-08
392.0	2.7069e-08
392.2	3.519e-08
392.4	4.5747e-08
392.6	5.9471e-08
392.8	7.7312e-08
393.0	1.005e-07
393.2	1.3066e-07
393.4	1.6985e-07
393.6	2.2081e-07
393.8	2.8705e-07
394.0	2.9465e-07
394.2	2.7591e-07
394.4	2.5836e-07
394.6	2.4193e-07
394.8	2.2654e-07
395.0	2.1214e-07
395.2	1.9864e-07
395.4	1.8601e-07
395.6	1.7418e-07
395.8	1.631e-07
396.0	1.4054e-07
396.2	1.1388e-07
396.4	9.228e-08
396.6	7.4776e-08
396.8	6.0592e-08
397.0	4.9098e-08
397.2	3.9785e-08
397.4	3.2238e-08
397.6	2.6123e-08
397.8	2.1168e-08
398.0	2.0085e-08
398.2	2.3391e-08
398.4	2.7242e-08
398.6	3.1727e-08
398.8	3.695e-08
399.0	4.3033e-08
399.2	5.0117e-08
399.4	5.8368e-08
399.6	6.7977e-08
399.8	7.9168e-08
400.0	9.2604e-08
400.2	1.1103e-07
400.4	1.3312e-07
400.6	1.596e-07
400.8	1.9136e-07
401.0	2.2943e-07
401.2	2.7508e-07
401.4	3.298e-07
401.6	3.9542e-07
401.8	4.7409e-07
402.0	4.5452e-07
402.2	4.2387e-07
402.4	3.9529e-07
402.6	3.6863e-07
402.8	3.4377e-07
403.0	3.2059e-07
403.2	2.9898e-07
403.4	2.7882e-07
403.6	2.6002e-07
403.8	2.4248e-07
404.0	2.4668e-07
404.2	2.5832e-07
404.4	2.7052e-07
404.6	2.8329e-07
404.8	2.9666e-07
405.0	3.1066e-07
405.2	3.2533e-07
405.4	3.4069e-07
405.6	3.5677e-07
405.8	3.7362e-07
406.0	3.6725e-07
406.2	3.4667e-07
406.4	3.2725e-07
406.6	3.0891e-07
406.8	2.916e-07
407.0	2.7526e-07
407.2	2.5984e-07
407.4	2.4528e-07
407.6	2.3154e-07
407.8	2.1856e-07
408.0	2.0284e-07
408.2	1.8474e-07
408.4	1.6825e-07
408.6	1.5323e-07
408.8	1.3956e-07
409.0	1.2711e-07
409.2	1.1576e-07
409.4	1.0543e-07
409.6	9.6022e-08
409.8	8.7453e-08
410.0	7.8834e-08
410.2	6.7584e-08
410.4	5.794e-08
410.6	4.9672e-08
410.8	4.2584e-08
411.0	3.6507e-08
411.2	3.1298e-08
411.4	2.6831e-08
411.6	2.3003e-08
411.8	1.972e-08
412.0	1.9241e-08
412.2	1.9173e-08
412.4	1.9105e-08
412.6	1.9037e-08
412.8	1.897e-08
413.0	1.8902e-08
413.2	1.8835e-08
413.4	1.8769e-08
413.6	1.8702e-08
413.8	1.8636e-08
414.0	1.8582e-08
414.2	1.8534e-08
414.4	1.8485e-08
414.6	1.8436e-08
414.8	1.8388e-08
415.0	1.8339e-08
415.2	1.8291e-08
415.4	1.8243e-08
415.6	1.8195e-08
415.8	1.8147e-08
416.0	1.8096e-08
416.2	1.8042e-08
416.4	1.7988e-08
416.6	1.7934e-08
416.8	1.788e-08
417.0	1.7827e-08
417.2	1.7774e-08
417.4	1.7721e-08
417.6	1.7668e-08
417.8	1.7615e-08
418.0	1.8577e-08
418.2	2.09e-08
418.4	2.3514e-08
418.6	2.6455e-08
418.8	2.9763e-08
419.0	3.3485e-08
419.2	3.7673e-08
419.4	4.2384e-08
419.6	4.7685e-08
419.8	5.3648e-08
420.0	5.7787e-08
420.2	5.0331e-08
420.4	4.3837e-08
420.6	3.8181e-08
420.8	3.3255e-08
421.0	2.8964e-08
421.2	2.5227e-08
421.4	2.1972e-08
421.6	1.9137e-08
421.8	1.6668e-08
422.0	1.8238e-08
422.2	2.0843e-08
422.4	2.3819e-08
422.6	2.7221e-08
422.8	3.1108e-08
423.0	3.555e-08
423.2	4.0627e-08
423.4	4.6428e-08
423.6	5.3059e-08
423.8	6.0635e-08
424.0	6.5447e-08
424.2	6.9051e-08
424.4	7.2852e-08
424.6	7.6864e-08
424.8	8.1096e-08
425.0	8.556e-08
425.2	9.0271e-08
425.4	9.5241e-08
425.6	1.0049e-07
425.8	1.0602e-07
426.0	9.6797e-08
426.2	7.9762e-08
426.4	6.5726e-08
426.6	5.4159e-08
426.8	4.4628e-08
427.0	3.6774e-08
427.2	3.0303e-08
427.4	2.497e-08
427.6	2.0576e-08
427.8	1.6955e-08
428.0	1.6515e-08
428.2	1.9502e-08
428.4	2.3029e-08
428.6	2.7194e-08
428.8	3.2112e-08
429.0	3.792e-08
429.2	4.4778e-08
429.4	5.2876e-08
429.6	6.2439e-08
429.8	7.3731e-08
430.0	8.5028e-08
430.2	8.7349e-08
430.4	8.9733e-08
430.6	9.2182e-08
430.8	9.4698e-08
431.0	9.7282e-08
431.2	9.9937e-08
431.4	1.0266e-07
431.6	1.0547e-07
431.8	1.0835e-07
432.0	9.4853e-08
432.2	8.0906e-08
432.4	6.9011e-08
432.6	5.8864e-08
432.8	5.0209e-08
433.0	4.2827e-08
433.2	3.653e-08
433.4	3.1159e-08
433.6	2.6578e-08
433.8	2.267e-08
434.0	2.0645e-08
434.2	1.925e-08
434.4	1.7949e-08
434.6	1.6736e-08
434.8	1.5604e-08
435.0	1.455e-08
435.2	1.3567e-08
435.4	1.265e-08
435.6	1.1795e-08
435.8	1.0998e-08
436.0	1.0707e-08
436.2	1.0709e-08
436.4	1.0712e-08
436.6	1.0714e-08
436.8	1.0717e-08
437.0	1.0719e-08
437.2	1.0722e-08
437.4	1.0724e-08
437.6	1.0727e-08
437.8	1.073e-08
438.0	1.1712e-08
438.2	1.3978e-08
438.4	1.6681e-08
438.6	1.9907e-08
438.8	2.3757e-08
439.0	2.8352e-08
439.2	3.3836e-08
439.4	4.038e-08
439.6	4.819e-08
439.8	5.751e-08
440.0	6.4037e-08
440.2	5.306e-08
440.4	4.3964e-08
440.6	3.6428e-08
440.8	3.0184e-08
441.0	2.501e-08
441.2	2.0723e-08
441.4	1.717e-08
441.6	1.4227e-08
441.8	1.1788e-08
442.0	1.1429e-08
442.2	1.143e-08
442.4	1.1432e-08
442.6	1.1433e-08
442.8	1.1434e-08
443.0	1.1435e-08
443.2	1.1436e-08
443.4	1.1438e-08
443.6	1.1439e-08
443.8	1.144e-08
444.0	1.138e-08
444.2	1.1297e-08
444.4	1.1214e-08
444.6	1.1132e-08
444.8	1.1051e-08
445.0	1.097e-08
445.2	1.089e-08
445.4	1.081e-08
445.6	1.0731e-08
445.8	1.0652e-08
446.0	1.0604e-08
446.2	1.0576e-08
446.4	1.0548e-08
446.6	1.0519e-08
446.8	1.0491e-08
447.0	1.0464e-08
447.2	1.0436e-08
447.4	1.0408e-08
447.6	1.038e-08
447.8	1.0353e-08
448.0	1.0459e-08
448.2	1.071e-08
448.4	1.0967e-08
448.6	1.123e-08
448.8	1.1499e-08
449.0	1.1775e-08
449.2	1.2057e-08
449.4	1.2346e-08
449.6	1.2642e-08
449.8	1.2945e-08
450.0	1.3618e-08
450.2	1.6072e-08
450.4	1.8968e-08
450.6	2.2386e-08
450.8	2.642e-08
451.0	3.118e-08
451.2	3.6799e-08
451.4	4.3429e-08
451.6	5.1255e-08
451.8	6.049e-08
452.0	6.4049e-08
452.2	6.6221e-08
452.4	6.8466e-08
452.6	7.0787e-08
452.8	7.3187e-08
453.0	7.5669e-08
453.2	7.8234e-08
453.4	8.0887e-08
453.6	8.3629e-08
453.8	8.6465e-08
454.0	7.4914e-08
454.2	6.028e-08
454.4	4.8504e-08
454.6	3.9029e-08
454.8	3.1404e-08
455.0	2.527e-08
455.2	2.0333e-08
455.4	1.6361e-08
455.6	1.3165e-08
455.8	1.0593e-08
456.0	9.7385e-09
456.2	9.7844e-09
456.4	9.8306e-09
456.6	9.8769e-09
456.8	9.9235e-09
457.0	9.9703e-09
457.2	1.0017e-08
457.4	1.0065e-08
457.6	1.0112e-08
457.8	1.016e-08
458.0	1.0198e-08
458.2	1.0226e-08
458.4	1.0254e-08
458.6	1.0283e-08
458.8	1.0311e-08
459.0	1.0339e-08
459.2	1.0368e-08
459.4	1.0396e-08
459.6	1.0425e-08
459.8	1.0454e-08
460.0	1.046e-08
460.2	1.0374e-08
460.4	1.0289e-08
460.6	1.0205e-08
460.8	1.0121e-08
461.0	1.0039e-08
461.2	9.9563e-09
461.4	9.8747e-09
461.6	9.7937e-09
461.8	9.7135e-09
462.0	1.0592e-08
462.2	1.1786e-08
462.4	1.3113e-08
462.6	1.459e-08
462.8	1.6234e-08
463.0	1.8062e-08
463.2	2.0097e-08
463.4	2.2361e-08
463.6	2.488e-08
463.8	2.7682e-08
464.0	2.9133e-08
464.2	3.0004e-08
464.4	3.09e-08
464.6	3.1824e-08
464.8	3.2774e-08
465.0	3.3754e-08
465.2	3.4762e-08
465.4	3.5801e-08
465.6	3.6871e-08
465.8	3.7972e-08
466.0	3.8924e-08
466.2	3.9785e-08
466.4	4.0666e-08
466.6	4.1565e-08
466.8	4.2485e-08
467.0	4.3425e-08
467.2	4.4386e-08
467.4	4.5368e-08
467.6	4.6372e-08
467.8	4.7398e-08
468.0	5.036e-08
468.2	5.5454e-08
468.4	6.1063e-08
468.6	6.724e-08
468.8	7.4041e-08
469.0	8.1531e-08
469.2	8.9778e-08
469.4	9.886e-08
469.6	1.0886e-07
469.8	1.1987e-07
470.0	1.3095e-07
470.2	1.3883e-07
470.4	1.4719e-07
470.6	1.5604e-07
470.8	1.6544e-07
471.0	1.7539e-07
471.2	1.8595e-07
471.4	1.9714e-07
471.6	2.09e-07
471.8	2.2158e-07
472.0	2.2331e-07
472.2	2.2273e-07
472.4	2.2214e-07
472.6	2.2156e-07
472.8	2.2098e-07
473.0	2.2041e-07
473.2	2.1983e-07
473.4	2.1925e-07
473.6	2.1868e-07
473.8	2.1811e-07
474.0	2.0714e-07
474.2	1.9319e-07
474.4	1.8018e-07
474.6	1.6804e-07
474.8	1.5672e-07
475.0	1.4617e-07
475.2	1.3633e-07
475.4	1.2714e-07
475.6	1.1858e-07
475.8	1.1059e-07
476.0	1.086e-07
476.2	1.0984e-07
476.4	1.1109e-07
476.6	1.1236e-07
476.8	1.1364e-07
477.0	1.1494e-07
477.2	1.1626e-07
477.4	1.1758e-07
477.6	1.1893e-07
477.8	1.2028e-07
478.0	1.263e-07
478.2	1.3691e-07
478.4	1.4842e-07
478.6	1.6089e-07
478.8	1.7441e-07
479.0	1.8907e-07
479.2	2.0495e-07
479.4	2.2218e-07
479.6	2.4085e-07
479.8	2.6108e-07
480.0	2.6939e-07
480.2	2.3447e-07
480.4	2.0408e-07
480.6	1.7763e-07
480.8	1.5461e-07
481.0	1.3457e-07
481.2	1.1713e-07
481.4	1.0195e-07
481.6	8.8739e-08
481.8	7.7238e-08
482.0	8.0032e-08
482.2	8.6505e-08
482.4	9.35e-08
482.6	1.0106e-07
482.8	1.0924e-07
483.0	1.1807e-07
483.2	1.2762e-07
483.4	1.3794e-07
483.6	1.4909e-07
483.8	1.6115e-07
484.0	1.6958e-07
484.2	1.7656e-07
484.4	1.8383e-07
484.6	1.914e-07
484.8	1.9927e-07
485.0	2.0748e-07
485.2	2.1601e-07
485.4	2.2491e-07
485.6	2.3416e-07
485.8	2.438e-07
486.0	2.4477e-07
486.2	2.4045e-07
486.4	2.362e-07
486.6	2.3203e-07
486.8	2.2793e-07
487.0	2.239e-07
487.2	2.1994e-07
487.4	2.1606e-07
487.6	2.1224e-07
487.8	2.0849e-07
488.0	1.9912e-07
488.2	1.8558e-07
488.4	1.7296e-07
488.6	1.612e-07
488.8	1.5023e-07
489.0	1.4002e-07
489.2	1.305e-07
489.4	1.2162e-07
489.6	1.1335e-07
489.8	1.0564e-07
490.0	1.098e-07
490.2	6.8473e-08
490.4	2.8534e-08
490.6	1.3259e-08
490.8	1.7389e-08
491.0	2.2805e-08
491.2	2.553e-08
491.4	2.5424e-08
491.6	2.1892e-08
491.8	1.6527e-08
492.0	1.2521e-08
492.2	1.9216e-08
492.4	2.9491e-08
492.6	3.3418e-08
492.8	2.7264e-08
493.0	2.7241e-08
493.2	3.5608e-08
493.4	4.6546e-08
493.6	2.8754e-08
493.8	1.6494e-08
494.0	1.1732e-08
494.2	1.1684e-08
494.4	1.1638e-08
494.6	1.1596e-08
494.8	1.1553e-08
495.0	1.8044e-08
495.2	3.1209e-08
495.4	3.7599e-08
495.6	1.9088e-08
495.8	1.308e-08
496.0	2.2589e-08
496.2	3.9009e-08
496.4	4.1602e-08
496.6	3.6954e-08
496.8	3.0184e-08
497.0	1.7808e-08
497.2	1.2031e-08
497.4	2.4334e-08
497.6	4.9218e-08
497.8	4.3372e-08
498.0	2.1199e-08
498.2	1.1094e-08
498.4	1.5509e-08
498.6	2.1416e-08
498.8	1.6193e-08
499.0	1.2244e-08
499.2	1.7406e-08
499.4	4.6522e-08
499.6	1.2435e-07
499.8	9.0889e-08
500.0	6.47e-08
500.2	3.2574e-08
500.4	1.5945e-08
500.6	1.4943e-08
500.8	3.7094e-08
501.0	9.2082e-08
501.2	5.1205e-08
501.4	2.3219e-08
501.6	2.32e-08
501.8	2.7097e-08
502.0	3.4518e-08
502.2	5.3105e-08
502.4	8.1699e-08
502.6	3.8046e-08
502.8	1.3019e-08
503.0	1.663e-08
503.2	3.3743e-08
503.4	5.0096e-08
503.6	2.4564e-08
503.8	1.2045e-08
504.0	1.5445e-08
504.2	2.9904e-08
504.4	2.7793e-08
504.6	1.5998e-08
504.8	9.6495e-09
505.0	9.6298e-09
505.2	9.6101e-09
505.4	1.1597e-08
505.6	1.6198e-08
505.8	1.6532e-08
506.0	1.2481e-08
506.2	9.4227e-09
506.4	9.3364e-09
506.6	9.2763e-09
506.8	1.3334e-08
507.0	2.9071e-08
507.2	4.389e-08
507.4	3.9894e-08
507.6	3.6263e-08
507.8	4.3691e-08
508.0	5.4316e-08
508.2	4.3296e-08
508.4	1.6713e-08
508.6	8.8249e-09
508.8	8.8023e-09
509.0	8.7797e-09
509.2	1.4707e-08
509.4	2.782e-08
509.6	3.8641e-08
509.8	2.5193e-08
510.0	2.877e-08
510.2	2.5011e-08
510.4	1.7437e-08
510.6	1.9759e-08
510.8	8.1654e-08
511.0	7.9337e-08
511.2	7.3738e-08
511.4	3.3784e-08
511.6	2.7526e-08
511.8	3.95e-08
512.0	1.6866e-08
512.2	1.679e-08
512.4	1.6726e-08
512.6	3.0086e-08
512.8	5.1499e-08
513.0	5.5799e-08
513.2	5.0517e-08
513.4	1.6779e-08
513.6	7.5443e-08
513.8	8.3527e-08
514.0	5.2179e-08
514.2	4.9774e-08
514.4	4.0043e-08
514.6	1.82e-08
514.8	3.1495e-08
515.0	3.2663e-08
515.2	2.248e-08
515.4	2.0346e-08
515.6	5.1917e-08
515.8	1.0331e-07
516.0	6.2122e-08
516.2	4.9161e-08
516.4	3.5864e-08
516.6	2.2418e-08
516.8	2.4667e-08
517.0	9.1192e-08
517.2	2.935e-08
517.4	5.6336e-08
517.6	4.2362e-08
517.8	5.0906e-08
518.0	2.3907e-08
518.2	2.2713e-08
518.4	2.7456e-08
518.6	3.4963e-08
518.8	1.5083e-08
519.0	1.5061e-08
519.2	5.0445e-08
519.4	4.6793e-08
519.6	2.0652e-08
519.8	3.7461e-08
520.0	1.7211e-08
520.2	2.9773e-08
520.4	2.9866e-08
520.6	4.4631e-08
520.8	5.9446e-08
521.0	4.9457e-08
521.2	2.242e-08
521.4	1.8224e-08
521.6	4.3368e-08
521.8	1.1223e-07
522.0	3.8583e-08
522.2	1.4431e-08
522.4	1.9039e-08
522.6	4.758e-08
522.8	1.4272e-08
523.0	1.4194e-08
523.2	1.4137e-08
523.4	1.409e-08
523.6	2.6457e-08
523.8	9.5507e-08
524.0	6.8046e-08
524.2	1.3961e-08
524.4	1.393e-08
524.6	2.9677e-08
524.8	4.7831e-08
525.0	7.1622e-08
525.2	1.2897e-07
525.4	6.3388e-08
525.6	3.875e-08
525.8	1.6092e-08
526.0	1.3701e-08
526.2	4.2731e-08
526.4	1.1334e-07
526.6	2.6929e-08
526.8	2.1306e-08
527.0	4.1842e-08
527.2	4.7565e-08
527.4	6.3123e-08
527.6	9.5081e-08
527.8	3.0095e-08
528.0	1.2705e-08
528.2	4.4186e-08
528.4	6.5367e-08
528.6	3.2634e-08
528.8	6.1464e-08
529.0	5.3765e-08
529.2	1.3109e-08
529.4	1.3092e-08
529.6	4.3095e-08
529.8	1.4641e-08
530.0	1.3039e-08
530.2	1.3014e-08
530.4	2.1649e-08
530.6	6.3217e-08
530.8	5.2869e-08
531.0	3.4385e-08
531.2	1.4681e-08
531.4	3.8336e-08
531.6	5.0078e-08
531.8	3.8223e-08
532.0	3.5341e-08
532.2	1.4728e-08
532.4	2.0532e-08
532.6	7.8802e-08
532.8	1.0042e-07
533.0	8.7632e-08
533.2	4.7165e-08
533.4	1.3383e-08
533.6	4.0344e-08
533.8	4.756e-08
534.0	9.2084e-08
534.2	6.7352e-08
534.4	4.9559e-08
534.6	3.6778e-08
534.8	1.2351e-08
535.0	1.2336e-08
535.2	1.2335e-08
535.4	1.2332e-08
535.6	2.313e-08
535.8	2.4593e-08
536.0	1.6448e-08
536.2	6.837e-08
536.4	6.3886e-08
536.6	5.3328e-08
536.8	9.5666e-08
537.0	6.7328e-08
537.2	4.9877e-08
537.4	9.3371e-08
537.6	7.3967e-08
537.8	6.3227e-08
538.0	4.9966e-08
538.2	2.014e-08
538.4	2.3254e-08
538.6	3.2359e-08
538.8	1.3316e-08
539.0	4.7888e-08
539.2	2.0265e-08
539.4	1.8083e-08
539.6	3.5591e-08
539.8	4.7245e-08
540.0	4.7182e-08
540.2	4.5403e-08
540.4	1.5088e-08
540.6	3.1796e-08
540.8	3.1723e-08
541.0	2.0372e-08
541.2	1.7588e-08
541.4	1.1741e-08
541.6	1.1721e-08
541.8	1.1711e-08
542.0	1.1687e-08
542.2	1.1661e-08
542.4	1.1635e-08
542.6	1.9291e-08
542.8	4.4176e-08
543.0	3.5021e-08
543.2	1.5097e-08
543.4	3.8478e-08
543.6	8.7963e-08
543.8	3.4074e-08
544.0	2.0212e-08
544.2	6.5393e-08
544.4	4.7219e-08
544.6	2.7926e-08
544.8	3.2057e-08
545.0	4.7007e-08
545.2	4.8306e-08
545.4	4.5405e-08
545.6	3.9741e-08
545.8	1.3152e-08
546.0	3.4324e-08
546.2	7.918e-08
546.4	7.7992e-08
546.6	3.9332e-08
546.8	5.016e-08
547.0	6.2393e-08
547.2	1.5031e-08
547.4	3.5391e-08
547.6	6.7673e-08
547.8	5.829e-08
548.0	3.4472e-08
548.2	1.9621e-08
548.4	1.1264e-08
548.6	1.1217e-08
548.8	1.1198e-08
549.0	2.2188e-08
549.2	5.0766e-08
549.4	2.1265e-08
549.6	3.5285e-08
549.8	4.4296e-08
550.0	6.0973e-08
550.2	8.4125e-08
550.4	5.7394e-08
550.6	2.7396e-08
550.8	6.8225e-08
551.0	8.9101e-08
551.2	8.9071e-08
551.4	4.4075e-08
551.6	4.3415e-08
551.8	6.1738e-08
552.0	7.4995e-08
552.2	5.7703e-08
552.4	5.7769e-08
552.6	7.5383e-08
552.8	2.0219e-08
553.0	1.1112e-08
553.2	1.7602e-08
553.4	5.4737e-08
553.6	4.8133e-08
553.8	3.5332e-08
554.0	4.4892e-08
554.2	5.2208e-08
554.4	5.7097e-08
554.6	7.7093e-08
554.8	8.2891e-08
555.0	4.0725e-08
555.2	6.5706e-08
555.4	7.4076e-08
555.6	3.5334e-08
555.8	4.6347e-08
556.0	8.3502e-08
556.2	1.0808e-08
556.4	6.5118e-08
556.6	1.3308e-07
556.8	1.0799e-07
557.0	7.5237e-08
557.2	4.4579e-08
557.4	5.0655e-08
557.6	6.4112e-08
557.8	6.0848e-08
558.0	1.2402e-08
558.2	2.9773e-08
558.4	2.9849e-08
558.6	2.9025e-08
558.8	5.5046e-08
559.0	6.369e-08
559.2	6.0183e-08
559.4	9.0108e-08
559.6	8.1967e-08
559.8	7.5508e-08
560.0	7.2505e-08
560.2	6.5296e-08
560.4	7.3945e-08
560.6	5.3835e-08
560.8	2.8802e-08
561.0	5.9843e-08
561.2	4.9952e-08
561.4	1.042e-07
561.6	4.8698e-08
561.8	7.3886e-08
562.0	7.3492e-08
562.2	7.7696e-08
562.4	6.7464e-08
562.6	1.1379e-07
562.8	9.6507e-08
563.0	5.4217e-08
563.2	4.335e-08
563.4	6.4415e-08
563.6	5.7143e-08
563.8	1.0662e-07
564.0	8.3823e-08
564.2	4.0053e-08
564.4	1.0434e-07
564.6	1.2337e-07
564.8	8.4006e-08
565.0	8.5419e-08
565.2	1.0659e-07
565.4	1.29e-07
565.6	1.4073e-07
565.8	5.853e-08
566.0	9.791e-08
566.2	9.5291e-08
566.4	5.4071e-08
566.6	6.9163e-08
566.8	1.0147e-07
567.0	7.6142e-08
567.2	1.0913e-07
567.4	1.6072e-07
567.6	1.3627e-07
567.8	7.9226e-08
568.0	6.292e-08
568.2	5.2701e-08
568.4	3.3299e-08
568.6	7.9926e-08
568.8	8.7551e-08
569.0	7.3225e-08
569.2	3.69e-08
569.4	3.9958e-08
569.6	1.0522e-07
569.8	1.0525e-07
570.0	7.0414e-08
570.2	6.9206e-08
570.4	8.5351e-08
570.6	1.2733e-07
570.8	1.2498e-07
571.0	7.7943e-08
571.2	1.0347e-07
571.4	1.4952e-07
571.6	1.4947e-07
571.8	1.8304e-07
572.0	2.7006e-07
572.2	2.9706e-07
572.4	3.9628e-07
572.6	4.7014e-07
572.8	5.1406e-07
573.0	5.8961e-07
573.2	6.7202e-07
573.4	7.0868e-07
573.6	7.2844e-07
573.8	7.8062e-07
574.0	1.0183e-06
574.2	1.1183e-06
574.4	1.3184e-06
574.6	1.5507e-06
574.8	1.7222e-06
575.0	2.1782e-06
575.2	2.6137e-06
575.4	3.2571e-06
575.6	3.9102e-06
575.8	4.8433e-06
576.0	6.2228e-06
576.2	8.006e-06
576.4	1.0091e-05
576.6	1.3523e-05
576.8	1.7361e-05
577.0	2.3628e-05
577.2	3.2504e-05
577.4	4.4177e-05
577.6	5.8141e-05
577.8	8.2299e-05
578.0	1.1607e-04
578.2	1.6433e-04
578.4	2.3735e-04
578.6	3.4416e-04
578.8	5.0932e-04
579.0	7.9277e-04
579.2	0.00119
579.4	0.00179
579.6	0.00273
579.8	0.00425
580.0	0.00668
580.2	0.01071
580.4	0.01664
580.6	0.02691
580.8	0.04474
581.0	0.07536
581.2	0.12745
581.4	0.21373
581.6	0.34292
581.8	0.51901
582.0	0.69757
582.2	0.83689
582.4	0.92296
582.6	0.96329
582.8	0.97837
583.0	0.98248
583.2	0.98432
583.4	0.98555
583.6	0.9859
583.8	0.98682
584.0	0.98687
584.2	0.98769
584.4	0.98832
584.6	0.9886
584.8	0.98938
585.0	0.98928
585.2	0.98932
585.4	0.98971
585.6	0.98981
585.8	0.99006
586.0	0.98941
586.2	0.98953
586.4	0.9898
586.6	0.99063
586.8	0.99065
587.0	0.9907
587.2	0.99098
587.4	0.99044
587.6	0.99066
587.8	0.99019
588.0	0.98992
588.2	0.98997
588.4	0.98909
588.6	0.98881
588.8	0.98869
589.0	0.98799
589.2	0.98794
589.4	0.98792
589.6	0.98866
589.8	0.98965
590.0	0.99074
590.2	0.99163
590.4	0.99189
590.6	0.9921
590.8	0.99242
591.0	0.99218
591.2	0.99249
591.4	0.99138
591.6	0.99062
591.8	0.99014
592.0	0.98952
592.2	0.98864
592.4	0.98812
592.6	0.9868
592.8	0.9875
593.0	0.9868
593.2	0.98679
593.4	0.98741
593.6	0.98779
593.8	0.98861
594.0	0.98954
594.2	0.99047
594.4	0.99098
594.6	0.99187
594.8	0.99208
595.0	0.99184
595.2	0.99221
595.4	0.99247
595.6	0.99306
595.8	0.99271
596.0	0.99244
596.2	0.99213
596.4	0.99217
596.6	0.99257
596.8	0.99283
597.0	0.99304
597.2	0.99294
597.4	0.9934
597.6	0.99315
597.8	0.99253
598.0	0.99239
598.2	0.99266
598.4	0.99252
598.6	0.99157
598.8	0.99016
599.0	0.98981
599.2	0.98986
599.4	0.98965
599.6	0.98916
599.8	0.98857
600.0	0.98926
600.2	0.98947
600.4	0.99008
600.6	0.98925
600.8	0.98991
601.0	0.99043
601.2	0.99097
601.4	0.99181
601.6	0.99241
601.8	0.99301
602.0	0.99294
602.2	0.99307
602.4	0.99358
602.6	0.99336
602.8	0.99289
603.0	0.99318
603.2	0.9922
603.4	0.99241
603.6	0.99236
603.8	0.99129
604.0	0.99086
604.2	0.991
604.4	0.99057
604.6	0.98967
604.8	0.9897
605.0	0.99001
605.2	0.98999
605.4	0.98961
605.6	0.99003
605.8	0.99047
606.0	0.99027
606.2	0.99057
606.4	0.99101
606.6	0.99069
606.8	0.99105
607.0	0.99194
607.2	0.99274
607.4	0.99293
607.6	0.99311
607.8	0.99261
608.0	0.99359
608.2	0.99424
608.4	0.99392
608.6	0.99394
608.8	0.99375
609.0	0.99361
609.2	0.99425
609.4	0.99284
609.6	0.99233
609.8	0.99261
610.0	0.99183
610.2	0.99114
610.4	0.99128
610.6	0.99166
610.8	0.99095
611.0	0.9916
611.2	0.99116
611.4	0.99185
611.6	0.99154
611.8	0.99132
612.0	0.99152
612.2	0.99269
612.4	0.99192
612.6	0.99121
612.8	0.99145
613.0	0.99147
613.2	0.99131
613.4	0.99103
613.6	0.99108
613.8	0.99075
614.0	0.99018
614.2	0.98956
614.4	0.98906
614.6	0.98931
614.8	0.9887
615.0	0.98877
615.2	0.98901
615.4	0.98938
615.6	0.98989
615.8	0.99086
616.0	0.99078
616.2	0.99103
616.4	0.99106
616.6	0.9917
616.8	0.99254
617.0	0.99262
617.2	0.99291
617.4	0.99321
617.6	0.99286
617.8	0.99217
618.0	0.99232
618.2	0.99242
618.4	0.99183
618.6	0.99221
618.8	0.99155
619.0	0.99186
619.2	0.99142
619.4	0.9908
619.6	0.99018
619.8	0.99031
620.0	0.99059
620.2	0.99126
620.4	0.99126
620.6	0.99092
620.8	0.99096
621.0	0.9909
621.2	0.99083
621.4	0.99069
621.6	0.9905
621.8	0.99023
622.0	0.9901
622.2	0.99023
622.4	0.98999
622.6	0.98948
622.8	0.98998
623.0	0.9897
623.2	0.98924
623.4	0.98922
623.6	0.98947
623.8	0.98996
624.0	0.98986
624.2	0.99064
624.4	0.99175
624.6	0.99202
624.8	0.99236
625.0	0.99307
625.2	0.99432
625.4	0.99449
625.6	0.99462
625.8	0.994
626.0	0.99414
626.2	0.99417
626.4	0.99362
626.6	0.99324
626.8	0.99299
627.0	0.99298
627.2	0.99226
627.4	0.99221
627.6	0.99183
627.8	0.99178
628.0	0.99192
628.2	0.9916
628.4	0.99153
628.6	0.99136
628.8	0.99178
629.0	0.99212
629.2	0.99224
629.4	0.99226
629.6	0.99274
629.8	0.99359
630.0	0.99355
630.2	0.9936
630.4	0.9936
630.6	0.9933
630.8	0.99327
631.0	0.99243
631.2	0.99176
631.4	0.9913
631.6	0.99094
631.8	0.99059
632.0	0.99018
632.2	0.98971
632.4	0.98982
632.6	0.99046
632.8	0.98986
633.0	0.99008
633.2	0.98915
633.4	0.98869
633.6	0.98952
633.8	0.98977
634.0	0.9902
634.2	0.99049
634.4	0.99106
634.6	0.99079
634.8	0.99138
635.0	0.99172
635.2	0.99143
635.4	0.99193
635.6	0.99206
635.8	0.99204
636.0	0.99207
636.2	0.99209
636.4	0.99249
636.6	0.99168
636.8	0.99252
637.0	0.99244
637.2	0.99303
637.4	0.99291
637.6	0.99339
637.8	0.99349
638.0	0.99317
638.2	0.99366
638.4	0.99355
638.6	0.99362
638.8	0.99299
639.0	0.99218
639.2	0.99252
639.4	0.99291
639.6	0.9921
639.8	0.99193
640.0	0.99161
640.2	0.99107
640.4	0.99103
640.6	0.991
640.8	0.9905
641.0	0.98991
641.2	0.98991
641.4	0.98964
641.6	0.98975
641.8	0.98974
642.0	0.98999
642.2	0.9902
642.4	0.99041
642.6	0.99105
642.8	0.99076
643.0	0.99051
643.2	0.99079
643.4	0.99053
643.6	0.9905
643.8	0.99068
644.0	0.99089
644.2	0.99204
644.4	0.99138
644.6	0.99145
644.8	0.99189
645.0	0.9914
645.2	0.99144
645.4	0.99196
645.6	0.99288
645.8	0.99305
646.0	0.99385
646.2	0.99344
646.4	0.99349
646.6	0.99382
646.8	0.99375
647.0	0.99452
647.2	0.99431
647.4	0.99504
647.6	0.99452
647.8	0.99426
648.0	0.99543
648.2	0.99461
648.4	0.99385
648.6	0.99448
648.8	0.99382
649.0	0.99342
649.2	0.9931
649.4	0.99323
649.6	0.9927
649.8	0.99229
650.0	0.99203
650.2	0.99168
650.4	0.99161
650.6	0.99211
650.8	0.99223
651.0	0.99214
651.2	0.99225
651.4	0.99194
651.6	0.99283
651.8	0.99348
652.0	0.9933
652.2	0.99429
652.4	0.99393
652.6	0.99406
652.8	0.99464
653.0	0.99472
653.2	0.99467
653.4	0.99457
653.6	0.99478
653.8	0.99445
654.0	0.99401
654.2	0.99403
654.4	0.99293
654.6	0.99325
654.8	0.99328
655.0	0.99307
655.2	0.99196
655.4	0.9917
655.6	0.99201
655.8	0.99222
656.0	0.99236
656.2	0.99255
656.4	0.99189
656.6	0.9923
656.8	0.99213
657.0	0.99271
657.2	0.9928
657.4	0.99259
657.6	0.99312
657.8	0.99332
658.0	0.99434
658.2	0.9943
658.4	0.99499
658.6	0.99572
658.8	0.99604
659.0	0.99606
659.2	0.99649
659.4	0.99665
659.6	0.99679
659.8	0.99626
660.0	0.99649
660.2	0.99617
660.4	0.99727
660.6	0.99639
660.8	0.99555
661.0	0.99555
661.2	0.99537
661.4	0.995
661.6	0.99383
661.8	0.99427
662.0	0.99474
662.2	0.995
662.4	0.9945
662.6	0.99479
662.8	0.99512
663.0	0.99517
663.2	0.99553
663.4	0.99544
663.6	0.99606
663.8	0.9965
664.0	0.99642
664.2	0.9971
664.4	0.9971
664.6	0.99597
664.8	0.9963
665.0	0.99651
665.2	0.99561
665.4	0.99594
665.6	0.99527
665.8	0.99488
666.0	0.99408
666.2	0.99372
666.4	0.99341
666.6	0.99355
666.8	0.99284
667.0	0.9926
667.2	0.99203
667.4	0.99241
667.6	0.99299
667.8	0.99302
668.0	0.99302
668.2	0.99307
668.4	0.99335
668.6	0.99276
668.8	0.99282
669.0	0.99376
669.2	0.99273
669.4	0.99263
669.6	0.99226
669.8	0.99188
670.0	0.99204
670.2	0.99216
670.4	0.99193
670.6	0.99209
670.8	0.99268
671.0	0.99318
671.2	0.99373
671.4	0.99416
671.6	0.99514
671.8	0.99549
672.0	0.99558
672.2	0.99678
672.4	0.99663
672.6	0.99631
672.8	0.99609
673.0	0.99618
673.2	0.99565
673.4	0.99564
673.6	0.9951
673.8	0.99486
674.0	0.99424
674.2	0.99429
674.4	0.99358
674.6	0.99371
674.8	0.99272
675.0	0.99192
675.2	0.99067
675.4	0.99011
675.6	0.98914
675.8	0.98669
676.0	0.98552
676.2	0.98439
676.4	0.98453
676.6	0.98465
676.8	0.98568
677.0	0.98818
677.2	0.99057
677.4	0.9915
677.6	0.98869
677.8	0.97897
678.0	0.95609
678.2	0.91693
678.4	0.85482
678.6	0.77034
678.8	0.66862
679.0	0.55802
679.2	0.43334
679.4	0.33739
679.6	0.2579
679.8	0.19463
680.0	0.14601
680.2	0.10911
680.4	0.08152
680.6	0.05901
680.8	0.04409
681.0	0.03311
681.2	0.02491
681.4	0.01884
681.6	0.01428
681.8	0.01085
682.0	0.0087
682.2	0.00663
682.4	0.00507
682.6	0.00392
682.8	0.00302
683.0	0.00235
683.2	0.00183
683.4	0.00139
683.6	0.0011
683.8	8.5848e-04
684.0	6.8407e-04
684.2	5.4273e-04
684.4	4.3566e-04
684.6	3.4731e-04
684.8	2.8502e-04
685.0	2.3299e-04
685.2	1.8966e-04
685.4	1.55e-04
685.6	1.2686e-04
685.8	1.0435e-04
686.0	8.6059e-05
686.2	7.1394e-05
686.4	5.9854e-05
686.6	5.0151e-05
686.8	4.2057e-05
687.0	3.6206e-05
687.2	3.1298e-05
687.4	2.7012e-05
687.6	2.3159e-05
687.8	1.9791e-05
688.0	1.7228e-05
688.2	1.5095e-05
688.4	1.3151e-05
688.6	1.175e-05
688.8	1.0653e-05
689.0	9.4948e-06
689.2	8.5162e-06
689.4	7.743e-06
689.6	6.6833e-06
689.8	6.1467e-06
690.0	5.6927e-06
690.2	5.18e-06
690.4	4.6703e-06
690.6	4.2388e-06
690.8	4.0298e-06
691.0	3.7133e-06
691.2	3.5541e-06
691.4	3.3257e-06
691.6	3.0229e-06
691.8	2.9003e-06
692.0	2.6029e-06
692.2	2.6298e-06
692.4	2.4969e-06
692.6	2.371e-06
692.8	2.2699e-06
693.0	2.1704e-06
693.2	1.9884e-06
693.4	1.7896e-06
693.6	1.8795e-06
693.8	1.771e-06
694.0	1.6102e-06
694.2	1.5087e-06
694.4	1.5039e-06
694.6	1.3922e-06
694.8	1.2165e-06
695.0	1.1731e-06
695.2	1.011e-06
695.4	9.9353e-07
695.6	1.0164e-06
695.8	8.7812e-07
696.0	7.9176e-07
696.2	7.2711e-07
696.4	6.6552e-07
696.6	6.5984e-07
696.8	5.4583e-07
697.0	3.9643e-07
697.2	3.3904e-07
697.4	3.5196e-07
697.6	2.9907e-07
697.8	3.3506e-07
698.0	2.556e-07
698.2	1.9292e-07
698.4	1.975e-07
698.6	2.6929e-07
698.8	1.5119e-07
699.0	2.0908e-07
699.2	1.7935e-07
699.4	1.7028e-07
699.6	1.9423e-07
699.8	2.1157e-07
700.0	8.4389e-08
700.2	1.1836e-07
700.4	1.3154e-07
700.6	1.9332e-07
700.8	7.4472e-08
701.0	3.7514e-08
701.2	1.4089e-07
701.4	1.2341e-07
701.6	1.1507e-07
701.8	4.2576e-08
702.0	7.5836e-08
702.2	9.9114e-08
702.4	5.6346e-08
702.6	2.2462e-08
702.8	3.1124e-08
703.0	5.6277e-08
703.2	4.8647e-08
703.4	4.4034e-08
703.6	7.5983e-08
703.8	9.1313e-08
704.0	1.1384e-08
704.2	4.1482e-08
704.4	6.0477e-08
704.6	5.7227e-08
704.8	6.5717e-08
705.0	8.6556e-08
705.2	1.0551e-07
705.4	8.805e-08
705.6	1.7985e-08
705.8	3.1917e-08
706.0	7.9478e-08
706.2	3.2004e-08
706.4	2.2422e-08
706.6	1.0874e-07
706.8	1.0863e-07
707.0	5.5931e-08
707.2	7.4803e-08
707.4	2.6978e-08
707.6	1.0851e-08
707.8	1.7943e-08
708.0	6.2899e-08
708.2	4.5382e-08
708.4	6.3862e-08
708.6	5.4452e-08
708.8	8.6183e-08
709.0	6.3664e-08
709.2	1.8192e-08
709.4	1.1745e-08
709.6	4.2713e-08
709.8	7.3631e-08
710.0	8.0111e-08
710.2	2.9199e-08
710.4	2.3939e-08
710.6	5.8938e-08
710.8	1.1096e-08
711.0	3.2526e-08
711.2	1.8868e-08
711.4	2.1949e-08
711.6	5.4786e-08
711.8	5.6341e-08
712.0	4.4694e-08
712.2	5.3516e-08
712.4	5.4021e-08
712.6	2.1742e-08
712.8	1.4863e-08
713.0	4.726e-08
713.2	2.255e-08
713.4	9.3086e-08
713.6	7.2273e-08
713.8	1.9136e-08
714.0	3.4455e-08
714.2	6.7465e-08
714.4	3.1603e-08
714.6	1.7801e-08
714.8	1.0915e-08
715.0	1.0921e-08
715.2	2.905e-08
715.4	7.3243e-08
715.6	9.1492e-08
715.8	6.3864e-08
716.0	7.466e-08
716.2	4.1857e-08
716.4	1.3697e-08
716.6	2.6731e-08
716.8	5.9788e-08
717.0	7.9887e-08
717.2	7.672e-08
717.4	5.595e-08
717.6	1.1399e-08
717.8	1.9475e-08
718.0	4.8727e-08
718.2	4.3733e-08
718.4	4.4906e-08
718.6	4.9959e-08
718.8	5.1598e-08
719.0	1.0817e-07
719.2	1.1069e-07
719.4	1.17e-07
719.6	1.3732e-07
719.8	1.5462e-07
720.0	1.1286e-07
720.2	7.9054e-08
720.4	8.8126e-08
720.6	2.0199e-08
720.8	1.966e-08
721.0	3.3418e-08
721.2	3.7075e-08
721.4	7.4175e-08
721.6	7.0906e-08
721.8	3.3569e-08
722.0	3.7526e-08
722.2	7.5646e-08
722.4	3.0877e-08
722.6	3.1414e-08
722.8	6.6955e-08
723.0	6.7952e-08
723.2	6.7925e-08
723.4	7.4753e-08
723.6	8.826e-08
723.8	9.2991e-08
724.0	6.6022e-08
724.2	3.3025e-08
724.4	4.5413e-08
724.6	4.5559e-08
724.8	1.9964e-08
725.0	1.1391e-08
725.2	1.1422e-08
725.4	1.1615e-08
725.6	5.7733e-08
725.8	4.6433e-08
726.0	6.9871e-08
726.2	1.1369e-07
726.4	9.6387e-08
726.6	5.5884e-08
726.8	1.3525e-07
727.0	5.0798e-08
727.2	1.2044e-07
727.4	1.3841e-07
727.6	1.2643e-07
727.8	7.9759e-08
728.0	3.5913e-08
728.2	4.5343e-08
728.4	1.1325e-07
728.6	2.1204e-07
728.8	1.5612e-07
729.0	1.8288e-07
729.2	2.8375e-07
729.4	3.3756e-07
729.6	4.5876e-07
729.8	5.6514e-07
730.0	7.7485e-07
730.2	1.0767e-06
730.4	1.5502e-06
730.6	2.1695e-06
730.8	2.651e-06
731.0	2.8941e-06
731.2	2.9408e-06
731.4	2.7514e-06
731.6	2.4727e-06
731.8	2.0671e-06
732.0	1.667e-06
732.2	1.5072e-06
732.4	1.5077e-06
732.6	1.2913e-06
732.8	1.1839e-06
733.0	1.125e-06
733.2	1.0764e-06
733.4	1.0519e-06
733.6	1.0439e-06
733.8	9.5198e-07
734.0	8.6041e-07
734.2	8.4542e-07
734.4	7.6243e-07
734.6	6.0935e-07
734.8	4.9367e-07
735.0	4.5578e-07
735.2	3.8152e-07
735.4	3.7921e-07
735.6	3.4029e-07
735.8	2.7444e-07
736.0	1.9003e-07
736.2	1.1153e-07
736.4	1.3139e-07
736.6	8.919e-08
736.8	1.0451e-07
737.0	1.0597e-07
737.2	9.6144e-08
737.4	1.0422e-07
737.6	8.4048e-08
737.8	5.3657e-08
738.0	6.4582e-08
738.2	5.8849e-08
738.4	2.4346e-08
738.6	3.0373e-08
738.8	6.9984e-08
739.0	1.2962e-08
739.2	1.0261e-07
739.4	3.2298e-08
739.6	2.6312e-08
739.8	2.9018e-08
740.0	1.2567e-08
740.2	1.6955e-08
740.4	8.1615e-08
740.6	1.2474e-07
740.8	1.3153e-07
741.0	1.0273e-07
741.2	7.7728e-08
741.4	4.3721e-08
741.6	1.4486e-08
741.8	3.5145e-08
742.0	7.1022e-08
742.2	5.6801e-08
742.4	5.3335e-08
742.6	8.9323e-08
742.8	6.2707e-08
743.0	2.7986e-08
743.2	5.8547e-08
743.4	8.1779e-08
743.6	6.8064e-08
743.8	7.1831e-08
744.0	1.2594e-07
744.2	1.1696e-07
744.4	1.1893e-07
744.6	2.263e-07
744.8	2.6831e-07
745.0	2.9004e-07
745.2	3.2541e-07
745.4	3.784e-07
745.6	4.7034e-07
745.8	5.8901e-07
746.0	6.5438e-07
746.2	7.4099e-07
746.4	8.7591e-07
746.6	1.0588e-06
746.8	1.2306e-06
747.0	1.3864e-06
747.2	1.5072e-06
747.4	1.4747e-06
747.6	1.4728e-06
747.8	1.4419e-06
748.0	1.3743e-06
748.2	1.3394e-06
748.4	1.2572e-06
748.6	1.1894e-06
748.8	1.2024e-06
749.0	1.1811e-06
749.2	1.1738e-06
749.4	1.1931e-06
749.6	1.1381e-06
749.8	1.0932e-06
750.0	1.1816e-06
750.2	1.2209e-06
750.4	1.2279e-06
750.6	1.1691e-06
750.8	1.1216e-06
751.0	1.0959e-06
751.2	1.0382e-06
751.4	9.051e-07
751.6	8.2841e-07
751.8	7.2269e-07
752.0	6.0638e-07
752.2	5.2346e-07
752.4	4.8202e-07
752.6	5.1377e-07
752.8	3.8827e-07
753.0	3.4487e-07
753.2	3.3451e-07
753.4	3.0257e-07
753.6	2.0736e-07
753.8	1.2996e-07
754.0	1.4015e-07
754.2	1.8204e-07
754.4	1.9741e-07
754.6	1.603e-07
754.8	1.2833e-07
755.0	2.2492e-07
755.2	2.0293e-07
755.4	1.339e-07
755.6	1.7734e-07
755.8	1.1525e-07
756.0	9.0821e-08
756.2	1.2509e-07
756.4	5.9831e-08
756.6	1.2062e-07
756.8	1.1851e-07
757.0	1.424e-07
757.2	1.7796e-07
757.4	1.9858e-07
757.6	1.9321e-07
757.8	2.5121e-07
758.0	1.9212e-07
758.2	2.096e-07
758.4	1.9057e-07
758.6	2.2308e-07
758.8	3.1664e-07
759.0	3.5195e-07
759.2	3.654e-07
759.4	4.495e-07
759.6	5.0862e-07
759.8	5.5531e-07
760.0	6.319e-07
760.2	7.4046e-07
760.4	8.4133e-07
760.6	1.0549e-06
760.8	1.3136e-06
761.0	1.5143e-06
761.2	1.6726e-06
761.4	1.7173e-06
761.6	1.609e-06
761.8	1.4634e-06
762.0	1.5332e-06
762.2	1.5442e-06
762.4	1.448e-06
762.6	1.4188e-06
762.8	1.3193e-06
763.0	1.1248e-06
763.2	1.2745e-06
763.4	1.1628e-06
763.6	1.1833e-06
763.8	1.2271e-06
764.0	1.239e-06
764.2	1.3029e-06
764.4	1.4361e-06
764.6	1.2987e-06
764.8	1.2656e-06
765.0	1.0915e-06
765.2	9.7417e-07
765.4	8.7408e-07
765.6	7.4902e-07
765.8	5.5885e-07
766.0	6.1888e-07
766.2	3.5624e-07
766.4	2.9329e-07
766.6	2.6254e-07
766.8	2.049e-07
767.0	1.8552e-07
767.2	1.2709e-07
767.4	1.3997e-07
767.6	1.2198e-07
767.8	7.869e-08
768.0	3.1601e-08
768.2	2.3922e-08
768.4	4.2363e-08
768.6	2.3891e-08
768.8	1.6053e-08
769.0	1.021e-07
769.2	1.6097e-08
769.4	4.6335e-08
769.6	1.0396e-07
769.8	1.2403e-07
770.0	6.019e-08
770.2	5.676e-08
770.4	5.3526e-08
770.6	5.0477e-08
770.8	4.7601e-08
771.0	4.4889e-08
771.2	4.3786e-08
771.4	4.4587e-08
771.6	4.5402e-08
771.8	4.6232e-08
772.0	4.7078e-08
772.2	4.7939e-08
772.4	4.8816e-08
772.6	4.9708e-08
772.8	5.0618e-08
773.0	5.1543e-08
773.2	5.1439e-08
773.4	5.0406e-08
773.6	4.9394e-08
773.8	4.8403e-08
774.0	4.7432e-08
774.2	4.648e-08
774.4	4.5547e-08
774.6	4.4633e-08
774.8	4.3737e-08
775.0	4.2859e-08
775.2	4.4956e-08
775.4	4.9163e-08
775.6	5.3763e-08
775.8	5.8795e-08
776.0	6.4297e-08
776.2	7.0314e-08
776.4	7.6894e-08
776.6	8.4089e-08
776.8	9.1959e-08
777.0	1.0056e-07
777.2	1.1376e-07
777.4	1.3049e-07
777.6	1.4967e-07
777.8	1.7167e-07
778.0	1.9691e-07
778.2	2.2586e-07
778.4	2.5906e-07
778.6	2.9715e-07
778.8	3.4083e-07
779.0	3.9094e-07
779.2	4.1589e-07
779.4	4.3469e-07
779.6	4.5434e-07
779.8	4.7488e-07
780.0	4.9635e-07
780.2	5.1878e-07
780.4	5.4223e-07
780.6	5.6674e-07
780.8	5.9236e-07
781.0	6.1914e-07
781.2	6.1972e-07
781.4	5.8705e-07
781.6	5.561e-07
781.8	5.2679e-07
782.0	4.9902e-07
782.2	4.7271e-07
782.4	4.4779e-07
782.6	4.2419e-07
782.8	4.0182e-07
783.0	3.8064e-07
783.2	3.3044e-07
783.4	2.659e-07
783.6	2.1397e-07
783.8	1.7218e-07
784.0	1.3855e-07
784.2	1.1149e-07
784.4	8.9718e-08
784.6	7.2196e-08
784.8	5.8095e-08
785.0	4.6749e-08
785.2	4.1416e-08
785.4	3.8824e-08
785.6	3.6394e-08
785.8	3.4116e-08
786.0	3.1981e-08
786.2	2.9979e-08
786.4	2.8103e-08
786.6	2.6344e-08
786.8	2.4695e-08
787.0	2.3149e-08
787.2	2.2206e-08
787.4	2.1484e-08
787.6	2.0786e-08
787.8	2.011e-08
788.0	1.9457e-08
788.2	1.8824e-08
788.4	1.8212e-08
788.6	1.762e-08
788.8	1.7047e-08
789.0	1.6493e-08
789.2	1.6915e-08
789.4	1.7549e-08
789.6	1.8207e-08
789.8	1.8889e-08
790.0	1.9597e-08
790.2	2.0331e-08
790.4	2.1093e-08
790.6	2.1884e-08
790.8	2.2704e-08
791.0	2.3555e-08
791.2	2.3371e-08
791.4	2.1624e-08
791.6	2.0007e-08
791.8	1.8512e-08
792.0	1.7128e-08
792.2	1.5848e-08
792.4	1.4663e-08
792.6	1.3567e-08
792.8	1.2553e-08
793.0	1.1615e-08
793.2	1.0816e-08
793.4	1.0139e-08
793.6	9.5048e-09
793.8	8.9103e-09
794.0	8.3529e-09
794.2	7.8304e-09
794.4	7.3406e-09
794.6	6.8814e-09
794.8	6.451e-09
795.0	6.0475e-09
795.2	6.4991e-09
795.4	7.665e-09
795.6	9.0401e-09
795.8	1.0662e-08
796.0	1.2575e-08
796.2	1.4831e-08
796.4	1.7491e-08
796.6	2.0629e-08
796.8	2.433e-08
797.0	2.8695e-08
797.2	3.0521e-08
797.4	3.109e-08
797.6	3.1669e-08
797.8	3.226e-08
798.0	3.2861e-08
798.2	3.3473e-08
798.4	3.4097e-08
798.6	3.4733e-08
798.8	3.538e-08
799.0	3.6039e-08
799.2	4.339e-08
799.4	5.4259e-08
799.6	6.7851e-08
799.8	8.4848e-08
800.0	1.061e-07
800.2	1.3268e-07
800.4	1.6592e-07
800.6	2.0748e-07
800.8	2.5946e-07
801.0	3.2446e-07
801.2	3.4226e-07
801.4	2.7512e-07
801.6	2.2115e-07
801.8	1.7777e-07
802.0	1.4289e-07
802.2	1.1486e-07
802.4	9.233e-08
802.6	7.4218e-08
802.8	5.9659e-08
803.0	4.7956e-08
803.2	4.2001e-08
803.4	4.0151e-08
803.6	3.8382e-08
803.8	3.6691e-08
804.0	3.5074e-08
804.2	3.3529e-08
804.4	3.2052e-08
804.6	3.064e-08
804.8	2.929e-08
805.0	2.8e-08
805.2	2.7683e-08
805.4	2.798e-08
805.6	2.8279e-08
805.8	2.8582e-08
806.0	2.8888e-08
806.2	2.9197e-08
806.4	2.951e-08
806.6	2.9826e-08
806.8	3.0145e-08
807.0	3.0468e-08
807.2	3.05e-08
807.4	3.042e-08
807.6	3.0339e-08
807.8	3.0259e-08
808.0	3.0179e-08
808.2	3.0099e-08
808.4	3.002e-08
808.6	2.994e-08
808.8	2.9861e-08
809.0	2.9782e-08
809.2	2.7316e-08
809.4	2.4643e-08
809.6	2.2232e-08
809.8	2.0056e-08
810.0	1.8093e-08
810.2	1.6323e-08
810.4	1.4725e-08
810.6	1.3284e-08
810.8	1.1984e-08
811.0	1.0811e-08
811.2	1.0509e-08
811.4	1.16e-08
811.6	1.2804e-08
811.8	1.4134e-08
812.0	1.5601e-08
812.2	1.722e-08
812.4	1.9007e-08
812.6	2.098e-08
812.8	2.3158e-08
813.0	2.5562e-08
813.2	2.6628e-08
813.4	2.6083e-08
813.6	2.5549e-08
813.8	2.5026e-08
814.0	2.4514e-08
814.2	2.4012e-08
814.4	2.3521e-08
814.6	2.3039e-08
814.8	2.2568e-08
815.0	2.2106e-08
815.2	2.1786e-08
815.4	2.1559e-08
815.6	2.1333e-08
815.8	2.1111e-08
816.0	2.089e-08
816.2	2.0672e-08
816.4	2.0456e-08
816.6	2.0242e-08
816.8	2.003e-08
817.0	1.9821e-08
817.2	2.014e-08
817.4	2.0676e-08
817.6	2.1226e-08
817.8	2.1791e-08
818.0	2.2371e-08
818.2	2.2966e-08
818.4	2.3577e-08
818.6	2.4205e-08
818.8	2.4849e-08
819.0	2.551e-08
819.2	2.3868e-08
819.4	2.1954e-08
819.6	2.0193e-08
819.8	1.8574e-08
820.0	1.7084e-08
820.2	1.5714e-08
820.4	1.4454e-08
820.6	1.3295e-08
820.8	1.2229e-08
821.0	1.1248e-08
821.2	1.1187e-08
821.4	1.2605e-08
821.6	1.4202e-08
821.8	1.6002e-08
822.0	1.803e-08
822.2	2.0315e-08
822.4	2.289e-08
822.6	2.5791e-08
822.8	2.9059e-08
823.0	3.2742e-08
823.2	3.4235e-08
823.4	3.3267e-08
823.6	3.2326e-08
823.8	3.1412e-08
824.0	3.0524e-08
824.2	2.9661e-08
824.4	2.8823e-08
824.6	2.8008e-08
824.8	2.7216e-08
825.0	2.6446e-08
825.2	2.6227e-08
825.4	2.6322e-08
825.6	2.6418e-08
825.8	2.6514e-08
826.0	2.661e-08
826.2	2.6707e-08
826.4	2.6804e-08
826.6	2.6902e-08
826.8	2.7e-08
827.0	2.7098e-08
827.2	2.6752e-08
827.4	2.6274e-08
827.6	2.5805e-08
827.8	2.5343e-08
828.0	2.489e-08
828.2	2.4446e-08
828.4	2.4009e-08
828.6	2.358e-08
828.8	2.3158e-08
829.0	2.2744e-08
829.2	2.335e-08
829.4	2.4104e-08
829.6	2.4881e-08
829.8	2.5684e-08
830.0	2.6513e-08
830.2	2.7369e-08
830.4	2.8252e-08
830.6	2.9164e-08
830.8	3.0105e-08
831.0	3.1076e-08
831.2	3.1659e-08
831.4	3.1457e-08
831.6	3.1256e-08
831.8	3.1056e-08
832.0	3.0857e-08
832.2	3.066e-08
832.4	3.0464e-08
832.6	3.0269e-08
832.8	3.0076e-08
833.0	2.9884e-08
833.2	2.9436e-08
833.4	2.8719e-08
833.6	2.8019e-08
833.8	2.7336e-08
834.0	2.6669e-08
834.2	2.6019e-08
834.4	2.5385e-08
834.6	2.4766e-08
834.8	2.4163e-08
835.0	2.3574e-08
835.2	2.2447e-08
835.4	2.1037e-08
835.6	1.9715e-08
835.8	1.8477e-08
836.0	1.7316e-08
836.2	1.6228e-08
836.4	1.5209e-08
836.6	1.4253e-08
836.8	1.3358e-08
837.0	1.2519e-08
837.2	1.215e-08
837.4	1.1938e-08
837.6	1.173e-08
837.8	1.1526e-08
838.0	1.1325e-08
838.2	1.1127e-08
838.4	1.0933e-08
838.6	1.0742e-08
838.8	1.0555e-08
839.0	1.0371e-08
839.2	1.0843e-08
839.4	1.1433e-08
839.6	1.2056e-08
839.8	1.2712e-08
840.0	1.3404e-08
840.2	1.4134e-08
840.4	1.4903e-08
840.6	1.5715e-08
840.8	1.657e-08
841.0	1.7472e-08
841.2	1.8178e-08
841.4	1.8477e-08
841.6	1.8781e-08
841.8	1.909e-08
842.0	1.9405e-08
842.2	1.9724e-08
842.4	2.0049e-08
842.6	2.0378e-08
842.8	2.0714e-08
843.0	2.1055e-08
843.2	2.1004e-08
843.4	2.0564e-08
843.6	2.0133e-08
843.8	1.9711e-08
844.0	1.9298e-08
844.2	1.8893e-08
844.4	1.8497e-08
844.6	1.811e-08
844.8	1.773e-08
845.0	1.7359e-08
845.2	1.7844e-08
845.4	1.8863e-08
845.6	1.9941e-08
845.8	2.108e-08
846.0	2.2284e-08
846.2	2.3557e-08
846.4	2.4903e-08
846.6	2.6326e-08
846.8	2.783e-08
847.0	2.942e-08
847.2	2.9965e-08
847.4	3.0192e-08
847.6	3.042e-08
847.8	3.0651e-08
848.0	3.0883e-08
848.2	3.1117e-08
848.4	3.1352e-08
848.6	3.159e-08
848.8	3.1829e-08
849.0	3.207e-08
849.2	3.112e-08
849.4	3.01e-08
849.6	2.9114e-08
849.8	2.816e-08
850.0	2.7237e-08
850.2	2.6344e-08
850.4	2.5481e-08
850.6	2.4646e-08
850.8	2.3838e-08
851.0	2.3057e-08
851.2	2.2718e-08
851.4	2.3243e-08
851.6	2.378e-08
851.8	2.4329e-08
852.0	2.4891e-08
852.2	2.5466e-08
852.4	2.6054e-08
852.6	2.6655e-08
852.8	2.7271e-08
853.0	2.7901e-08
853.2	2.8113e-08
853.4	2.7853e-08
853.6	2.7596e-08
853.8	2.7341e-08
854.0	2.7088e-08
854.2	2.6838e-08
854.4	2.659e-08
854.6	2.6344e-08
854.8	2.6101e-08
855.0	2.586e-08
855.2	2.6064e-08
855.4	2.6547e-08
855.6	2.7039e-08
855.8	2.754e-08
856.0	2.8051e-08
856.2	2.8571e-08
856.4	2.9101e-08
856.6	2.9641e-08
856.8	3.019e-08
857.0	3.075e-08
857.2	3.0016e-08
857.4	2.8919e-08
857.6	2.7862e-08
857.8	2.6844e-08
858.0	2.5863e-08
858.2	2.4918e-08
858.4	2.4007e-08
858.6	2.313e-08
858.8	2.2284e-08
859.0	2.147e-08
859.2	2.0784e-08
859.4	2.0129e-08
859.6	1.9495e-08
859.8	1.8881e-08
860.0	1.8286e-08
860.2	1.771e-08
860.4	1.7152e-08
860.6	1.6611e-08
860.8	1.6088e-08
861.0	1.5581e-08
861.2	1.5383e-08
861.4	1.5779e-08
861.6	1.6185e-08
861.8	1.6601e-08
862.0	1.7028e-08
862.2	1.7466e-08
862.4	1.7916e-08
862.6	1.8377e-08
862.8	1.8849e-08
863.0	1.9334e-08
863.2	1.9943e-08
863.4	2.0692e-08
863.6	2.1469e-08
863.8	2.2275e-08
864.0	2.3112e-08
864.2	2.398e-08
864.4	2.4881e-08
864.6	2.5816e-08
864.8	2.6785e-08
865.0	2.7792e-08
865.2	2.747e-08
865.4	2.6422e-08
865.6	2.5413e-08
865.8	2.4443e-08
866.0	2.351e-08
866.2	2.2613e-08
866.4	2.175e-08
866.6	2.092e-08
866.8	2.0121e-08
867.0	1.9353e-08
867.2	1.9577e-08
867.4	2.007e-08
867.6	2.0576e-08
867.8	2.1095e-08
868.0	2.1626e-08
868.2	2.2171e-08
868.4	2.273e-08
868.6	2.3303e-08
868.8	2.389e-08
869.0	2.4492e-08
869.2	2.5209e-08
869.4	2.5953e-08
869.6	2.6718e-08
869.8	2.7506e-08
870.0	2.8317e-08
870.2	2.9152e-08
870.4	3.0012e-08
870.6	3.0897e-08
870.8	3.1808e-08
871.0	3.2746e-08
871.2	3.3122e-08
871.4	3.2185e-08
871.6	3.1274e-08
871.8	3.0389e-08
872.0	2.9529e-08
872.2	2.8694e-08
872.4	2.7882e-08
872.6	2.7093e-08
872.8	2.6326e-08
873.0	2.5581e-08
873.2	2.5226e-08
873.4	2.5302e-08
873.6	2.5378e-08
873.8	2.5454e-08
874.0	2.553e-08
874.2	2.5606e-08
874.4	2.5683e-08
874.6	2.576e-08
874.8	2.5837e-08
875.0	2.5914e-08
875.2	2.5808e-08
875.4	2.559e-08
875.6	2.5375e-08
875.8	2.5161e-08
876.0	2.4949e-08
876.2	2.4738e-08
876.4	2.453e-08
876.6	2.4323e-08
876.8	2.4118e-08
877.0	2.3914e-08
877.2	2.3751e-08
877.4	2.3599e-08
877.6	2.3449e-08
877.8	2.3299e-08
878.0	2.315e-08
878.2	2.3003e-08
878.4	2.2856e-08
878.6	2.271e-08
878.8	2.2565e-08
879.0	2.2421e-08
879.2	2.2427e-08
879.4	2.2441e-08
879.6	2.2455e-08
879.8	2.247e-08
880.0	2.2484e-08
880.2	2.2499e-08
880.4	2.2513e-08
880.6	2.2527e-08
880.8	2.2542e-08
881.0	2.2556e-08
881.2	2.2574e-08
881.4	2.26e-08
881.6	2.2626e-08
881.8	2.2652e-08
882.0	2.2677e-08
882.2	2.2703e-08
882.4	2.2729e-08
882.6	2.2755e-08
882.8	2.2781e-08
883.0	2.2807e-08
883.2	2.2978e-08
883.4	2.3317e-08
883.6	2.366e-08
883.8	2.4009e-08
884.0	2.4363e-08
884.2	2.4722e-08
884.4	2.5086e-08
884.6	2.5456e-08
884.8	2.5831e-08
885.0	2.6212e-08
885.2	2.6655e-08
885.4	2.714e-08
885.6	2.7633e-08
885.8	2.8135e-08
886.0	2.8646e-08
886.2	2.9167e-08
886.4	2.9697e-08
886.6	3.0236e-08
886.8	3.0786e-08
887.0	3.1345e-08
887.2	3.857e-08
887.4	4.9687e-08
887.6	6.4009e-08
887.8	8.2459e-08
888.0	1.0623e-07
888.2	1.3685e-07
888.4	1.7629e-07
888.6	2.271e-07
888.8	2.9256e-07
889.0	3.7689e-07
889.2	3.244e-07
889.4	2.7634e-07
889.6	2.3541e-07
889.8	2.0053e-07
890.0	1.7083e-07
890.2	1.4552e-07
890.4	1.2396e-07
890.6	1.056e-07
890.8	8.9958e-08
891.0	7.6632e-08
891.2	6.5705e-08
891.4	5.7333e-08
891.6	5.0028e-08
891.8	4.3654e-08
892.0	3.8092e-08
892.2	3.3239e-08
892.4	2.9004e-08
892.6	2.5309e-08
892.8	2.2084e-08
893.0	1.927e-08
893.2	1.8091e-08
893.4	1.8642e-08
893.6	1.921e-08
893.8	1.9794e-08
894.0	2.0397e-08
894.2	2.1018e-08
894.4	2.1658e-08
894.6	2.2317e-08
894.8	2.2996e-08
895.0	2.3696e-08
895.2	2.3607e-08
895.4	2.3016e-08
895.6	2.2439e-08
895.8	2.1877e-08
896.0	2.1329e-08
896.2	2.0795e-08
896.4	2.0274e-08
896.6	1.9766e-08
896.8	1.9271e-08
897.0	1.8789e-08
897.2	1.9144e-08
897.4	1.9744e-08
897.6	2.0362e-08
897.8	2.0999e-08
898.0	2.1657e-08
898.2	2.2335e-08
898.4	2.3035e-08
898.6	2.3756e-08
898.8	2.45e-08
899.0	2.5267e-08
899.2	2.6103e-08
899.4	2.6968e-08
899.6	2.7861e-08
899.8	2.8784e-08
900.0	2.9738e-08
900.2	3.0724e-08
900.4	3.1742e-08
900.6	3.2794e-08
900.8	3.388e-08
901.0	3.5003e-08
901.2	3.5853e-08
901.4	3.5834e-08
901.6	3.5816e-08
901.8	3.5798e-08
902.0	3.5779e-08
902.2	3.5761e-08
902.4	3.5743e-08
902.6	3.5724e-08
902.8	3.5706e-08
903.0	3.5688e-08
903.2	3.5882e-08
903.4	3.6358e-08
903.6	3.684e-08
903.8	3.7329e-08
904.0	3.7823e-08
904.2	3.8325e-08
904.4	3.8833e-08
904.6	3.9348e-08
904.8	3.9869e-08
905.0	4.0398e-08
905.2	4.3089e-08
905.4	4.7459e-08
905.6	5.2273e-08
905.8	5.7575e-08
906.0	6.3414e-08
906.2	6.9846e-08
906.4	7.693e-08
906.6	8.4733e-08
906.8	9.3327e-08
907.0	1.0279e-07
907.2	1.0941e-07
907.4	1.1544e-07
907.6	1.2179e-07
907.8	1.2849e-07
908.0	1.3557e-07
908.2	1.4303e-07
908.4	1.509e-07
908.6	1.5921e-07
908.8	1.6797e-07
909.0	1.7722e-07
909.2	1.7749e-07
909.4	1.7756e-07
909.6	1.7764e-07
909.8	1.7771e-07
910.0	1.7779e-07
910.2	1.7786e-07
910.4	1.7794e-07
910.6	1.7801e-07
910.8	1.7809e-07
911.0	1.7817e-07
911.2	1.8157e-07
911.4	1.9622e-07
911.6	2.1204e-07
911.8	2.2914e-07
912.0	2.4762e-07
912.2	2.6759e-07
912.4	2.8917e-07
912.6	3.1249e-07
912.8	3.377e-07
913.0	3.6493e-07
913.2	3.9001e-07
913.4	4.1048e-07
913.6	4.3202e-07
913.8	4.5469e-07
914.0	4.7855e-07
914.2	5.0366e-07
914.4	5.3009e-07
914.6	5.5791e-07
914.8	5.8719e-07
915.0	6.18e-07
915.2	5.801e-07
915.4	5.061e-07
915.6	4.4154e-07
915.8	3.8522e-07
916.0	3.3608e-07
916.2	2.9321e-07
916.4	2.5581e-07
916.6	2.2318e-07
916.8	1.9471e-07
917.0	1.6987e-07
917.2	1.5345e-07
917.4	1.3987e-07
917.6	1.2749e-07
917.8	1.162e-07
918.0	1.0591e-07
918.2	9.6539e-08
918.4	8.7993e-08
918.6	8.0204e-08
918.8	7.3104e-08
919.0	6.6633e-08
919.2	6.2127e-08
919.4	5.794e-08
919.6	5.4034e-08
919.8	5.0392e-08
920.0	4.6995e-08
920.2	4.3827e-08
920.4	4.0873e-08
920.6	3.8118e-08
920.8	3.5549e-08
921.0	3.3152e-08
921.2	3.147e-08
921.4	3.1695e-08
921.6	3.1922e-08
921.8	3.2151e-08
922.0	3.2382e-08
922.2	3.2614e-08
922.4	3.2848e-08
922.6	3.3083e-08
922.8	3.332e-08
923.0	3.3559e-08
923.2	3.3726e-08
923.4	3.3791e-08
923.6	3.3856e-08
923.8	3.3922e-08
924.0	3.3987e-08
924.2	3.4053e-08
924.4	3.4119e-08
924.6	3.4185e-08
924.8	3.4251e-08
925.0	3.4317e-08
925.2	3.4136e-08
925.4	3.3799e-08
925.6	3.3466e-08
925.8	3.3136e-08
926.0	3.2809e-08
926.2	3.2486e-08
926.4	3.2166e-08
926.6	3.1848e-08
926.8	3.1534e-08
927.0	3.1223e-08
927.2	3.1864e-08
927.4	3.2758e-08
927.6	3.3676e-08
927.8	3.462e-08
928.0	3.559e-08
928.2	3.6587e-08
928.4	3.7613e-08
928.6	3.8667e-08
928.8	3.9751e-08
929.0	4.0879e-08
929.2	4.5011e-08
929.4	4.9561e-08
929.6	5.4571e-08
929.8	6.0088e-08
930.0	6.6162e-08
930.2	7.285e-08
930.4	8.0214e-08
930.6	8.8322e-08
930.8	9.725e-08
931.0	1.0708e-07
931.2	1.1838e-07
931.4	1.3277e-07
931.6	1.4891e-07
931.8	1.67e-07
932.0	1.873e-07
932.2	2.1006e-07
932.4	2.3559e-07
932.6	2.6422e-07
932.8	2.9633e-07
933.0	3.3234e-07
933.2	3.6723e-07
933.4	3.9754e-07
933.6	4.3035e-07
933.8	4.6586e-07
934.0	5.0431e-07
934.2	5.4594e-07
934.4	5.91e-07
934.6	6.3977e-07
934.8	6.9258e-07
935.0	7.4974e-07
935.2	7.4533e-07
935.4	7.0324e-07
935.6	6.6352e-07
935.8	6.2606e-07
936.0	5.907e-07
936.2	5.5734e-07
936.4	5.2587e-07
936.6	4.9617e-07
936.8	4.6816e-07
937.0	4.4172e-07
937.2	4.1709e-07
937.4	3.9391e-07
937.6	3.7201e-07
937.8	3.5133e-07
938.0	3.318e-07
938.2	3.1335e-07
938.4	2.9593e-07
938.6	2.7948e-07
938.8	2.6395e-07
939.0	2.4958e-07
939.2	2.477e-07
939.4	2.4583e-07
939.6	2.4397e-07
939.8	2.4212e-07
940.0	2.403e-07
940.2	2.3848e-07
940.4	2.3668e-07
940.6	2.3489e-07
940.8	2.3311e-07
941.0	2.3135e-07
941.2	2.303e-07
941.4	2.3202e-07
941.6	2.3376e-07
941.8	2.3551e-07
942.0	2.3728e-07
942.2	2.3905e-07
942.4	2.4084e-07
942.6	2.4265e-07
942.8	2.4446e-07
943.0	2.463e-07
943.2	2.5338e-07
943.4	2.688e-07
943.6	2.8515e-07
943.8	3.025e-07
944.0	3.209e-07
944.2	3.4042e-07
944.4	3.6113e-07
944.6	3.831e-07
944.8	4.0641e-07
945.0	4.3114e-07
945.2	4.6056e-07
945.4	4.9418e-07
945.6	5.3026e-07
945.8	5.6897e-07
946.0	6.105e-07
946.2	6.5507e-07
946.4	7.0289e-07
946.6	7.542e-07
946.8	8.0926e-07
947.0	8.6833e-07
947.2	9.2775e-07
947.4	9.903e-07
947.6	1.0571e-06
947.8	1.1283e-06
948.0	1.2044e-06
948.2	1.2856e-06
948.4	1.3723e-06
948.6	1.4648e-06
948.8	1.5636e-06
949.0	1.6658e-06
949.2	1.6671e-06
949.4	1.6685e-06
949.6	1.6698e-06
949.8	1.6712e-06
950.0	1.6726e-06
950.2	1.6739e-06
950.4	1.6753e-06
950.6	1.6766e-06
950.8	1.678e-06
951.0	1.6793e-06
951.2	1.6717e-06
951.4	1.6278e-06
951.6	1.5851e-06
951.8	1.5435e-06
952.0	1.5029e-06
952.2	1.4634e-06
952.4	1.425e-06
952.6	1.3876e-06
952.8	1.3511e-06
953.0	1.3157e-06
953.2	1.2881e-06
953.4	1.2713e-06
953.6	1.2546e-06
953.8	1.2382e-06
954.0	1.2221e-06
954.2	1.2061e-06
954.4	1.1903e-06
954.6	1.1747e-06
954.8	1.1594e-06
955.0	1.1442e-06
955.2	1.1447e-06
955.4	1.1546e-06
955.6	1.1647e-06
955.8	1.1748e-06
956.0	1.1851e-06
956.2	1.1954e-06
956.4	1.2058e-06
956.6	1.2163e-06
956.8	1.2269e-06
957.0	1.2376e-06
957.2	1.2716e-06
957.4	1.3113e-06
957.6	1.3522e-06
957.8	1.3944e-06
958.0	1.4379e-06
958.2	1.4828e-06
958.4	1.5291e-06
958.6	1.5768e-06
958.8	1.6261e-06
959.0	1.6778e-06
959.2	1.7476e-06
959.4	1.8204e-06
959.6	1.8962e-06
959.8	1.9752e-06
960.0	2.0574e-06
960.2	2.1431e-06
960.4	2.2324e-06
960.6	2.3253e-06
960.8	2.4222e-06
961.0	2.523e-06
961.2	2.6241e-06
961.4	2.7092e-06
961.6	2.7971e-06
961.8	2.8878e-06
962.0	2.9814e-06
962.2	3.0781e-06
962.4	3.1779e-06
962.6	3.2809e-06
962.8	3.3873e-06
963.0	3.4972e-06
963.2	3.5772e-06
963.4	3.6054e-06
963.6	3.6337e-06
963.8	3.6623e-06
964.0	3.6911e-06
964.2	3.7201e-06
964.4	3.7493e-06
964.6	3.7788e-06
964.8	3.8085e-06
965.0	3.8384e-06
965.2	3.8359e-06
965.4	3.8121e-06
965.6	3.7884e-06
965.8	3.7649e-06
966.0	3.7415e-06
966.2	3.7183e-06
966.4	3.6952e-06
966.6	3.6723e-06
966.8	3.6495e-06
967.0	3.6268e-06
967.2	3.6137e-06
967.4	3.6026e-06
967.6	3.5915e-06
967.8	3.5805e-06
968.0	3.5694e-06
968.2	3.5584e-06
968.4	3.5475e-06
968.6	3.5366e-06
968.8	3.5257e-06
969.0	3.5177e-06
969.2	3.5591e-06
969.4	3.6011e-06
969.6	3.6435e-06
969.8	3.6864e-06
970.0	3.7298e-06
970.2	3.7738e-06
970.4	3.8183e-06
970.6	3.8632e-06
970.8	3.9088e-06
971.0	3.9548e-06
971.2	4.0132e-06
971.4	4.1241e-06
971.6	4.2379e-06
971.8	4.355e-06
972.0	4.4752e-06
972.2	4.5988e-06
972.4	4.7258e-06
972.6	4.8563e-06
972.8	4.9904e-06
973.0	5.1282e-06
973.2	5.3036e-06
973.4	5.5346e-06
973.6	5.7756e-06
973.8	6.0272e-06
974.0	6.2897e-06
974.2	6.5636e-06
974.4	6.8495e-06
974.6	7.1478e-06
974.8	7.4592e-06
975.0	7.784e-06
975.2	8.1907e-06
975.4	8.6589e-06
975.6	9.1538e-06
975.8	9.6771e-06
976.0	1.023e-05
976.2	1.0815e-05
976.4	1.1433e-05
976.6	1.2087e-05
976.8	1.2778e-05
977.0	1.3508e-05
977.2	1.4338e-05
977.4	1.5229e-05
977.6	1.6174e-05
977.8	1.7178e-05
978.0	1.8245e-05
978.2	1.9378e-05
978.4	2.0581e-05
978.6	2.1859e-05
978.8	2.3216e-05
979.0	2.4658e-05
979.2	2.6196e-05
979.4	2.7829e-05
979.6	2.9564e-05
979.8	3.1407e-05
980.0	3.3365e-05
980.2	3.5445e-05
980.4	3.7654e-05
980.6	4.0036e-05
980.8	4.2621e-05
981.0	4.5373e-05
981.2	4.823e-05
981.4	5.0845e-05
981.6	5.3602e-05
981.8	5.6509e-05
982.0	5.9112e-05
982.2	6.1779e-05
982.4	6.4567e-05
982.6	6.7345e-05
982.8	7.0163e-05
983.0	7.3099e-05
983.2	7.6125e-05
983.4	7.9223e-05
983.6	8.2447e-05
983.8	8.5763e-05
984.0	8.8943e-05
984.2	9.224e-05
984.4	9.5659e-05
984.6	9.9147e-05
984.8	1.0275e-04
985.0	1.0649e-04
985.2	1.1025e-04
985.4	1.1408e-04
985.6	1.1803e-04
985.8	1.2252e-04
986.0	1.2788e-04
986.2	1.3348e-04
986.4	1.393e-04
986.6	1.4522e-04
986.8	1.5139e-04
987.0	1.5783e-04
987.2	1.651e-04
987.4	1.7279e-04
987.6	1.8085e-04
987.8	1.89e-04
988.0	1.9732e-04
988.2	2.06e-04
988.4	2.1523e-04
988.6	2.2519e-04
988.8	2.3562e-04
989.0	2.4641e-04
989.2	2.5666e-04
989.4	2.6733e-04
989.6	2.7845e-04
989.8	2.8872e-04
990.0	2.9911e-04
990.2	2.3193e-04
990.4	2.0977e-04
990.6	2.3467e-04
990.8	2.6253e-04
991.0	2.9369e-04
991.2	3.2856e-04
991.4	3.624e-04
991.6	3.6514e-04
991.8	3.679e-04
992.0	3.7067e-04
992.2	3.7347e-04
992.4	3.7629e-04
992.6	3.7547e-04
992.8	3.7399e-04
993.0	3.7251e-04
993.2	3.7104e-04
993.4	3.6958e-04
993.6	3.6682e-04
993.8	3.6308e-04
994.0	3.5938e-04
994.2	3.5572e-04
994.4	3.5209e-04
994.6	3.488e-04
994.8	3.4634e-04
995.0	3.439e-04
995.2	3.4148e-04
995.4	3.3907e-04
995.6	3.3668e-04
995.8	3.2764e-04
996.0	3.2586e-04
996.2	3.2508e-04
996.4	3.2653e-04
996.6	3.2983e-04
996.8	3.2634e-04
997.0	3.2773e-04
997.2	3.3079e-04
997.4	3.3117e-04
997.6	3.3429e-04
997.8	3.4174e-04
998.0	3.4525e-04
998.2	3.4771e-04
998.4	3.5444e-04
998.6	3.6306e-04
998.8	3.7196e-04
999.0	3.8017e-04
999.2	3.8855e-04
999.4	4.0013e-04
999.6	4.1311e-04
999.8	4.2692e-04
1000.0	4.4107e-04
1000.2	4.5155e-04
1000.4	4.7063e-04
1000.6	4.8733e-04
1000.8	5.0716e-04
1001.0	5.3179e-04
1001.2	5.5929e-04
1001.4	5.8278e-04
1001.6	6.1324e-04
1001.8	6.4755e-04
1002.0	6.8598e-04
1002.2	7.2741e-04
1002.4	7.6881e-04
1002.6	8.2003e-04
1002.8	8.7647e-04
1003.0	9.3524e-04
1003.2	0.001
1003.4	0.00108
1003.6	0.00115
1003.8	0.00125
1004.0	0.00135
1004.2	0.00147
1004.4	0.00159
1004.6	0.00172
1004.8	0.00188
1005.0	0.00204
1005.2	0.00229
1005.4	0.00248
1005.6	0.00265
1005.8	0.00286
1006.0	0.00312
1006.2	0.00336
1006.4	0.00363
1006.6	0.00388
1006.8	0.00415
1007.0	0.00438
1007.2	0.00463
1007.4	0.00487
1007.6	0.00508
1007.8	0.00524
1008.0	0.00541
1008.2	0.00547
1008.4	0.0055
1008.6	0.00557
1008.8	0.00552
1009.0	0.00549
1009.2	0.00541
1009.4	0.00532
1009.6	0.00525
1009.8	0.00515
1010.0	0.00499
1010.2	0.0049
1010.4	0.00479
1010.6	0.00471
1010.8	0.0046
1011.0	0.00451
1011.2	0.00443
1011.4	0.00437
1011.6	0.00431
1011.8	0.0043
1012.0	0.00423
1012.2	0.00421
1012.4	0.00417
1012.6	0.00419
1012.8	0.00418
1013.0	0.0042
1013.2	0.00421
1013.4	0.00427
1013.6	0.0043
1013.8	0.00434
1014.0	0.00436
1014.2	0.00446
1014.4	0.00456
1014.6	0.00466
1014.8	0.00475
1015.0	0.00487
1015.2	0.00501
1015.4	0.00509
1015.6	0.00532
1015.8	0.00548
1016.0	0.0057
1016.2	0.00595
1016.4	0.00621
1016.6	0.00643
1016.8	0.00676
1017.0	0.00712
1017.2	0.00746
1017.4	0.00783
1017.6	0.00834
1017.8	0.00883
1018.0	0.00941
1018.2	0.00999
1018.4	0.01074
1018.6	0.01156
1018.8	0.01234
1019.0	0.01331
1019.2	0.01444
1019.4	0.01567
1019.6	0.01706
1019.8	0.01855
1020.0	0.02051
1020.2	0.02256
1020.4	0.02477
1020.6	0.02754
1020.8	0.03061
1021.0	0.03435
1021.2	0.03841
1021.4	0.04329
1021.6	0.04883
1021.8	0.05544
1022.0	0.06319
1022.2	0.07244
1022.4	0.08312
1022.6	0.09538
1022.8	0.11032
1023.0	0.12804
1023.2	0.14873
1023.4	0.17243
1023.6	0.20016
1023.8	0.23162
1024.0	0.26733
1024.2	0.30567
1024.4	0.34754
1024.6	0.38924
1024.8	0.42929
1025.0	0.44902
1025.2	0.46767
1025.4	0.49928
1025.6	0.52444
1025.8	0.54283
1026.0	0.55179
1026.2	0.55439
1026.4	0.55409
1026.6	0.55162
1026.8	0.54516
1027.0	0.537
1027.2	0.53051
1027.4	0.52609
1027.6	0.52237
1027.8	0.51882
1028.0	0.51767
1028.2	0.51966
1028.4	0.52144
1028.6	0.52891
1028.8	0.53762
1029.0	0.54683
1029.2	0.55854
1029.4	0.57265
1029.6	0.59134
1029.8	0.6101
1030.0	0.63177
1030.2	0.65503
1030.4	0.67832
1030.6	0.70319
1030.8	0.72974
1031.0	0.75542
1031.2	0.77964
1031.4	0.8022
1031.6	0.82082
1031.8	0.83428
1032.0	0.84441
1032.2	0.8484
1032.4	0.84695
1032.6	0.83875
1032.8	0.82586
1033.0	0.80593
1033.2	0.78435
1033.4	0.75881
1033.6	0.73119
1033.8	0.70184
1034.0	0.67361
1034.2	0.64383
1034.4	0.61398
1034.6	0.58684
1034.8	0.56195
1035.0	0.53763
1035.2	0.51484
1035.4	0.49511
1035.6	0.47535
1035.8	0.4579
1036.0	0.44288
1036.2	0.42973
1036.4	0.417
1036.6	0.40685
1036.8	0.39729
1037.0	0.38841
1037.2	0.3816
1037.4	0.37684
1037.6	0.37214
1037.8	0.36882
1038.0	0.36703
1038.2	0.36477
1038.4	0.36362
1038.6	0.36505
1038.8	0.36658
1039.0	0.36927
1039.2	0.37367
1039.4	0.37725
1039.6	0.38213
1039.8	0.38818
1040.0	0.39538
1040.2	0.40345
1040.4	0.41351
1040.6	0.42372
1040.8	0.43371
1041.0	0.44594
1041.2	0.45941
1041.4	0.47306
1041.6	0.48976
1041.8	0.50714
1042.0	0.52346
1042.2	0.54156
1042.4	0.56062
1042.6	0.5794
1042.8	0.59963
1043.0	0.621
1043.2	0.6421
1043.4	0.66421
1043.6	0.68607
1043.8	0.70675
1044.0	0.7274
1044.2	0.74765
1044.4	0.76644
1044.6	0.78457
1044.8	0.8014
1045.0	0.81268
1045.2	0.82291
1045.4	0.83433
1045.6	0.84654
1045.8	0.85361
1046.0	0.8599
1046.2	0.86407
1046.4	0.86759
1046.6	0.8679
1046.8	0.86979
1047.0	0.8688
1047.2	0.86886
1047.4	0.8666
1047.6	0.86445
1047.8	0.8612
1048.0	0.85753
1048.2	0.85382
1048.4	0.85207
1048.6	0.849
1048.8	0.84627
1049.0	0.84441
1049.2	0.84293
1049.4	0.84124
1049.6	0.83996
1049.8	0.83855
1050.0	0.83743
1050.2	0.83843
1050.4	0.83879
1050.6	0.83935
1050.8	0.84058
1051.0	0.84109
1051.2	0.83991
1051.4	0.84081
1051.6	0.83977
1051.8	0.84067
1052.0	0.84041
1052.2	0.8397
1052.4	0.83565
1052.6	0.8329
1052.8	0.82865
1053.0	0.82247
1053.2	0.81792
1053.4	0.80977
1053.6	0.80147
1053.8	0.7943
1054.0	0.78195
1054.2	0.76921
1054.4	0.75609
1054.6	0.74361
1054.8	0.72924
1055.0	0.71505
1055.2	0.70097
1055.4	0.68514
1055.6	0.67085
1055.8	0.65276
1056.0	0.63784
1056.2	0.62272
1056.4	0.60772
1056.6	0.59263
1056.8	0.5794
1057.0	0.5655
1057.2	0.55241
1057.4	0.53953
1057.6	0.52712
1057.8	0.51634
1058.0	0.50581
1058.2	0.49554
1058.4	0.48661
1058.6	0.47859
1058.8	0.47053
1059.0	0.46398
1059.2	0.45699
1059.4	0.45045
1059.6	0.44585
1059.8	0.44121
1060.0	0.43813
1060.2	0.43542
1060.4	0.43247
1060.6	0.4314
1060.8	0.43091
1061.0	0.42905
1061.2	0.43056
1061.4	0.43031
1061.6	0.43065
1061.8	0.43265
1062.0	0.43488
1062.2	0.43824
1062.4	0.44217
1062.6	0.44493
1062.8	0.44972
1063.0	0.45402
1063.2	0.45972
1063.4	0.46426
1063.6	0.46992
1063.8	0.47504
1064.0	0.48117
1064.2	0.48615
1064.4	0.49319
1064.6	0.49881
1064.8	0.50403
1065.0	0.51014
1065.2	0.51273
1065.4	0.51617
1065.6	0.52035
1065.8	0.51946
1066.0	0.52154
1066.2	0.52088
1066.4	0.5196
1066.6	0.51849
1066.8	0.51436
1067.0	0.51109
1067.2	0.50718
1067.4	0.49952
1067.6	0.49356
1067.8	0.48237
1068.0	0.47373
1068.2	0.46272
1068.4	0.45096
1068.6	0.44001
1068.8	0.42719
1069.0	0.41627
1069.2	0.40456
1069.4	0.39282
1069.6	0.38289
1069.8	0.3714
1070.0	0.36072
1070.2	0.35077
1070.4	0.33888
1070.6	0.32969
1070.8	0.31896
1071.0	0.30959
1071.2	0.30188
1071.4	0.29299
1071.6	0.28528
1071.8	0.27943
1072.0	0.2715
1072.2	0.26633
1072.4	0.26039
1072.6	0.25537
1072.8	0.25098
1073.0	0.24519
1073.2	0.24171
1073.4	0.23757
1073.6	0.23347
1073.8	0.23197
1074.0	0.22722
1074.2	0.22641
1074.4	0.22365
1074.6	0.22311
1074.8	0.22198
1075.0	0.22139
1075.2	0.22196
1075.4	0.22131
1075.6	0.22158
1075.8	0.22293
1076.0	0.22256
1076.2	0.22494
1076.4	0.22594
1076.6	0.22783
1076.8	0.23026
1077.0	0.2326
1077.2	0.23634
1077.4	0.24022
1077.6	0.24477
1077.8	0.25006
1078.0	0.25466
1078.2	0.26081
1078.4	0.26687
1078.6	0.27463
1078.8	0.28122
1079.0	0.28903
1079.2	0.29854
1079.4	0.30666
1079.6	0.31779
1079.8	0.32768
1080.0	0.33939
1080.2	0.35255
1080.4	0.36438
1080.6	0.38053
1080.8	0.39565
1081.0	0.41204
1081.2	0.43013
1081.4	0.44811
1081.6	0.46746
1081.8	0.48713
1082.0	0.50821
1082.2	0.53018
1082.4	0.5514
1082.6	0.57325
1082.8	0.59571
1083.0	0.61861
1083.2	0.64206
1083.4	0.66325
1083.6	0.68455
1083.8	0.70409
1084.0	0.72487
1084.2	0.7405
1084.4	0.75415
1084.6	0.76751
1084.8	0.77514
1085.0	0.78246
1085.2	0.7868
1085.4	0.78758
1085.6	0.78607
1085.8	0.78066
1086.0	0.7738
1086.2	0.76542
1086.4	0.75625
1086.6	0.74367
1086.8	0.73098
1087.0	0.71634
1087.2	0.7028
1087.4	0.68791
1087.6	0.67339
1087.8	0.65715
1088.0	0.64436
1088.2	0.62925
1088.4	0.61559
1088.6	0.60128
1088.8	0.58945
1089.0	0.57795
1089.2	0.56754
1089.4	0.55698
1089.6	0.54713
1089.8	0.53884
1090.0	0.52469
1090.2	0.51849
1090.4	0.50853
1090.6	0.50733
1090.8	0.4999
1091.0	0.49772
1091.2	0.49394
1091.4	0.4928
1091.6	0.49236
1091.8	0.48963
1092.0	0.49137
1092.2	0.49121
1092.4	0.49402
1092.6	0.49465
1092.8	0.49746
1093.0	0.5007
1093.2	0.50317
1093.4	0.50837
1093.6	0.51265
1093.8	0.5199
1094.0	0.5237
1094.2	0.52986
1094.4	0.53919
1094.6	0.54396
1094.8	0.55557
1095.0	0.56053
1095.2	0.57333
1095.4	0.58257
1095.6	0.59461
1095.8	0.60428
1096.0	0.61537
1096.2	0.63019
1096.4	0.64144
1096.6	0.65579
1096.8	0.66937
1097.0	0.68441
1097.2	0.69696
1097.4	0.71268
1097.6	0.72502
1097.8	0.74016
1098.0	0.75517
1098.2	0.7694
1098.4	0.78272
1098.6	0.79496
1098.8	0.80701
1099.0	0.8166
1099.2	0.8283
1099.4	0.83809
1099.6	0.84587
1099.8	0.85138
1100.0	0.85883
1100.2	0.8671
1100.4	0.86891
1100.6	0.87534
1100.8	0.87501
1101.0	0.87685
1101.2	0.87545
1101.4	0.87432
1101.6	0.87449
1101.8	0.87288
1102.0	0.86869
1102.2	0.86628
1102.4	0.86241
1102.6	0.85952
1102.8	0.85358
1103.0	0.84949
1103.2	0.8435
1103.4	0.84179
1103.6	0.83769
1103.8	0.83375
1104.0	0.82716
1104.2	0.82503
1104.4	0.82202
1104.6	0.81611
1104.8	0.81616
1105.0	0.81128
1105.2	0.80807
1105.4	0.80401
1105.6	0.80168
1105.8	0.80093
1106.0	0.79739
1106.2	0.79691
1106.4	0.79805
1106.6	0.79624
1106.8	0.79639
1107.0	0.79425
1107.2	0.79479
1107.4	0.79517
1107.6	0.7955
1107.8	0.79671
1108.0	0.79441
1108.2	0.79365
1108.4	0.79559
1108.6	0.79202
1108.8	0.79601
1109.0	0.79432
1109.2	0.79234
1109.4	0.79174
1109.6	0.78807
1109.8	0.78767
1110.0	0.78474
1110.2	0.78079
1110.4	0.77554
1110.6	0.77113
1110.8	0.76521
1111.0	0.75685
1111.2	0.75046
1111.4	0.74303
1111.6	0.73597
1111.8	0.72789
1112.0	0.72056
1112.2	0.70998
1112.4	0.69837
1112.6	0.69069
1112.8	0.6785
1113.0	0.66733
1113.2	0.6561
1113.4	0.64747
1113.6	0.63643
1113.8	0.62437
1114.0	0.61382
1114.2	0.60214
1114.4	0.59087
1114.6	0.58011
1114.8	0.57194
1115.0	0.56237
1115.2	0.55288
1115.4	0.54384
1115.6	0.53443
1115.8	0.52734
1116.0	0.51915
1116.2	0.51081
1116.4	0.50829
1116.6	0.4971
1116.8	0.49304
1117.0	0.48665
1117.2	0.48312
1117.4	0.47683
1117.6	0.47458
1117.8	0.47152
1118.0	0.46988
1118.2	0.46719
1118.4	0.4647
1118.6	0.46421
1118.8	0.46079
1119.0	0.46452
1119.2	0.46505
1119.4	0.46433
1119.6	0.46873
1119.8	0.47124
1120.0	0.47286
1120.2	0.47892
1120.4	0.47989
1120.6	0.4849
1120.8	0.49111
1121.0	0.4909
1121.2	0.49834
1121.4	0.5059
1121.6	0.51357
1121.8	0.52136
1122.0	0.52934
1122.2	0.54118
1122.4	0.55328
1122.6	0.56566
1122.8	0.57831
1123.0	0.59125
1123.2	0.6052
1123.4	0.61949
1123.6	0.63411
1123.8	0.64907
1124.0	0.66438
1124.2	0.679
1124.4	0.69394
1124.6	0.7092
1124.8	0.7248
1125.0	0.7407
1125.2	0.74724
1125.4	0.75383
1125.6	0.76049
1125.8	0.7672
1126.0	0.77332
1126.2	0.76573
1126.4	0.75823
1126.6	0.75079
1126.8	0.74343
1127.0	0.73555
1127.2	0.71396
1127.4	0.693
1127.6	0.67266
1127.8	0.65291
1128.0	0.63336
1128.2	0.60537
1128.4	0.57862
1128.6	0.55305
1128.8	0.52861
1129.0	0.50519
1129.2	0.48078
1129.4	0.45756
1129.6	0.43546
1129.8	0.41442
1130.0	0.3944
1130.2	0.37512
1130.4	0.35679
1130.6	0.33935
1130.8	0.32276
1131.0	0.30702
1131.2	0.29283
1131.4	0.27929
1131.6	0.26638
1131.8	0.25407
1132.0	0.24238
1132.2	0.23266
1132.4	0.22333
1132.6	0.21438
1132.8	0.20578
1133.0	0.19757
1133.2	0.19068
1133.4	0.18403
1133.6	0.17762
1133.8	0.17142
1134.0	0.1655
1134.2	0.16126
1134.4	0.15712
1134.6	0.1531
1134.8	0.14917
1135.0	0.14535
1135.2	0.14173
1135.4	0.1382
1135.6	0.13476
1135.8	0.1314
1136.0	0.1282
1136.2	0.12643
1136.4	0.12468
1136.6	0.12296
1136.8	0.12126
1137.0	0.1196
1137.2	0.1183
1137.4	0.11701
1137.6	0.11574
1137.8	0.11448
1138.0	0.11324
1138.2	0.1127
1138.4	0.11216
1138.6	0.11163
1138.8	0.11109
1139.0	0.11057
1139.2	0.11091
1139.4	0.11125
1139.6	0.11159
1139.8	0.11193
1140.0	0.11228
1140.2	0.11323
1140.4	0.11418
1140.6	0.11513
1140.8	0.1161
1141.0	0.11708
1141.2	0.11845
1141.4	0.11983
1141.6	0.12122
1141.8	0.12264
1142.0	0.12409
1142.2	0.12636
1142.4	0.12867
1142.6	0.13102
1142.8	0.13341
1143.0	0.13589
1143.2	0.13936
1143.4	0.14291
1143.6	0.14656
1143.8	0.1503
1144.0	0.15414
1144.2	0.15926
1144.4	0.16454
1144.6	0.17001
1144.8	0.17565
1145.0	0.18149
1145.2	0.18776
1145.4	0.19425
1145.6	0.20097
1145.8	0.20792
1146.0	0.21514
1146.2	0.224
1146.4	0.23323
1146.6	0.24283
1146.8	0.25283
1147.0	0.2633
1147.2	0.27586
1147.4	0.28901
1147.6	0.30279
1147.8	0.31723
1148.0	0.33233
1148.2	0.34774
1148.4	0.36386
1148.6	0.38072
1148.8	0.39837
1149.0	0.41682
1149.2	0.43474
1149.4	0.45343
1149.6	0.47293
1149.8	0.49327
1150.0	0.51439
1150.2	0.5327
1150.4	0.55166
1150.6	0.5713
1150.8	0.59164
1151.0	0.61233
1151.2	0.62446
1151.4	0.63684
1151.6	0.64945
1151.8	0.66232
1152.0	0.67527
1152.2	0.67678
1152.4	0.6783
1152.6	0.67982
1152.8	0.68134
1153.0	0.68267
1153.2	0.67629
1153.4	0.66998
1153.6	0.66372
1153.8	0.65752
1154.0	0.65104
1154.2	0.63831
1154.4	0.62583
1154.6	0.6136
1154.8	0.6016
1155.0	0.58984
1155.2	0.5784
1155.4	0.56718
1155.6	0.55617
1155.8	0.54538
1156.0	0.53483
1156.2	0.52501
1156.4	0.51538
1156.6	0.50592
1156.8	0.49664
1157.0	0.48753
1157.2	0.47954
1157.4	0.47167
1157.6	0.46393
1157.8	0.45632
1158.0	0.44892
1158.2	0.44494
1158.4	0.44099
1158.6	0.43709
1158.8	0.43321
1159.0	0.42943
1159.2	0.42687
1159.4	0.42432
1159.6	0.42179
1159.8	0.41927
1160.0	0.41681
1160.2	0.41644
1160.4	0.41608
1160.6	0.41572
1160.8	0.41536
1161.0	0.41508
1161.2	0.41735
1161.4	0.41963
1161.6	0.42192
1161.8	0.42423
1162.0	0.42654
1162.2	0.42897
1162.4	0.4314
1162.6	0.43385
1162.8	0.43632
1163.0	0.43888
1163.2	0.4442
1163.4	0.44958
1163.6	0.45504
1163.8	0.46055
1164.0	0.46614
1164.2	0.47177
1164.4	0.47747
1164.6	0.48324
1164.8	0.48908
1165.0	0.49501
1165.2	0.50149
1165.4	0.50806
1165.6	0.51471
1165.8	0.52145
1166.0	0.52829
1166.2	0.53607
1166.4	0.54397
1166.6	0.55198
1166.8	0.56011
1167.0	0.56828
1167.2	0.57405
1167.4	0.57988
1167.6	0.58577
1167.8	0.59172
1168.0	0.59773
1168.2	0.60446
1168.4	0.61125
1168.6	0.61813
1168.8	0.62508
1169.0	0.63203
1169.2	0.63597
1169.4	0.63994
1169.6	0.64393
1169.8	0.64794
1170.0	0.65193
1170.2	0.65494
1170.4	0.65797
1170.6	0.66101
1170.8	0.66406
1171.0	0.66711
1171.2	0.66945
1171.4	0.6718
1171.6	0.67415
1171.8	0.67652
1172.0	0.67887
1172.2	0.67921
1172.4	0.67956
1172.6	0.6799
1172.8	0.68024
1173.0	0.68066
1173.2	0.683
1173.4	0.68536
1173.6	0.68772
1173.8	0.69009
1174.0	0.69245
1174.2	0.69317
1174.4	0.6939
1174.6	0.69462
1174.8	0.69535
1175.0	0.6962
1175.2	0.69988
1175.4	0.70357
1175.6	0.70729
1175.8	0.71102
1176.0	0.71475
1176.2	0.71759
1176.4	0.72044
1176.6	0.7233
1176.8	0.72618
1177.0	0.72918
1177.2	0.73476
1177.4	0.74038
1177.6	0.74604
1177.8	0.75174
1178.0	0.75747
1178.2	0.76239
1178.4	0.76735
1178.6	0.77234
1178.8	0.77737
1179.0	0.78244
1179.2	0.78892
1179.4	0.79544
1179.6	0.80202
1179.8	0.80865
1180.0	0.81526
1180.2	0.82008
1180.4	0.82492
1180.6	0.82979
1180.8	0.83469
1181.0	0.83961
1181.2	0.84409
1181.4	0.8486
1181.6	0.85313
1181.8	0.85768
1182.0	0.86212
1182.2	0.86401
1182.4	0.8659
1182.6	0.86779
1182.8	0.86969
1183.0	0.8715
1183.2	0.87078
1183.4	0.87007
1183.6	0.86936
1183.8	0.86864
1184.0	0.8679
1184.2	0.86494
1184.4	0.862
1184.6	0.85906
1184.8	0.85613
1185.0	0.85315
1185.2	0.8487
1185.4	0.84427
1185.6	0.83987
1185.8	0.83548
1186.0	0.83109
1186.2	0.82525
1186.4	0.81946
1186.6	0.81371
1186.8	0.808
1187.0	0.80234
1187.2	0.79808
1187.4	0.79385
1187.6	0.78963
1187.8	0.78544
1188.0	0.78124
1188.2	0.77635
1188.4	0.7715
1188.6	0.76667
1188.8	0.76187
1189.0	0.75717
1189.2	0.75493
1189.4	0.7527
1189.6	0.75048
1189.8	0.74826
1190.0	0.74607
1190.2	0.74556
1190.4	0.74505
1190.6	0.74454
1190.8	0.74404
1191.0	0.74358
1191.2	0.7442
1191.4	0.74482
1191.6	0.74544
1191.8	0.74606
1192.0	0.74678
1192.2	0.75101
1192.4	0.75527
1192.6	0.75956
1192.8	0.76386
1193.0	0.7682
1193.2	0.77297
1193.4	0.77777
1193.6	0.7826
1193.8	0.78746
1194.0	0.79238
1194.2	0.79793
1194.4	0.80351
1194.6	0.80913
1194.8	0.8148
1195.0	0.82049
1195.2	0.82568
1195.4	0.83091
1195.6	0.83617
1195.8	0.84146
1196.0	0.84676
1196.2	0.84923
1196.4	0.8517
1196.6	0.85418
1196.8	0.85667
1197.0	0.85895
1197.2	0.85585
1197.4	0.85276
1197.6	0.84968
1197.8	0.84662
1198.0	0.84338
1198.2	0.83413
1198.4	0.82499
1198.6	0.81594
1198.8	0.807
1199.0	0.79807
1199.2	0.78402
1199.4	0.77021
1199.6	0.75665
1199.8	0.74332
1200.0	0.73023
