Typical Measured Spectrum of Semrock FF436/514/604-Di01 Optical Filter	
For wavelengths between 320 and 1120 nm, values near or below 3e-7 (Optical Density 6.5) are measurement noise limited.
For wavelengths < 320 nm and > 1120 nm, values near or below 3e-6 (Optical Density 5.5) are measurement noise limited. 
Data format:  Wavelength (nm) <tab> Transmission (0 to 1)
300.0	0.00831
300.2	0.00926
300.4	0.00952
300.6	0.01024
300.8	0.0105
301.0	0.01163
301.2	0.01393
301.4	0.01577
301.6	0.01633
301.8	0.01614
302.0	0.01419
302.2	0.01048
302.4	0.0072
302.6	0.00452
302.8	0.003
303.0	0.0022
303.2	0.00174
303.4	0.00158
303.6	0.00144
303.8	0.00132
304.0	0.00146
304.2	0.00148
304.4	0.00153
304.6	0.00197
304.8	0.00268
305.0	0.00413
305.2	0.0064
305.4	0.00933
305.6	0.01243
305.8	0.01522
306.0	0.0178
306.2	0.01944
306.4	0.0225
306.6	0.0276
306.8	0.03651
307.0	0.04671
307.2	0.0584
307.4	0.06519
307.6	0.06851
307.8	0.06827
308.0	0.06673
308.2	0.06914
308.4	0.07579
308.6	0.08931
308.8	0.10954
309.0	0.13361
309.2	0.16568
309.4	0.20044
309.6	0.23505
309.8	0.25851
310.0	0.2643
310.2	0.25173
310.4	0.2193
310.6	0.17558
310.8	0.12688
311.0	0.08983
311.2	0.06346
311.4	0.05056
311.6	0.04593
311.8	0.04645
312.0	0.05182
312.2	0.06034
312.4	0.07018
312.6	0.07889
312.8	0.08319
313.0	0.08383
313.2	0.0796
313.4	0.07193
313.6	0.06276
313.8	0.05396
314.0	0.04646
314.2	0.0396
314.4	0.03223
314.6	0.02577
314.8	0.0197
315.0	0.0142
315.2	0.0101
315.4	0.0071
315.6	0.00535
315.8	0.00426
316.0	0.00369
316.2	0.00322
316.4	0.00299
316.6	0.00311
316.8	0.00324
317.0	0.00402
317.2	0.00607
317.4	0.01095
317.6	0.01719
317.8	0.0216
318.0	0.02292
318.2	0.02296
318.4	0.02042
318.6	0.01514
318.8	0.00854
319.0	0.00418
319.2	0.00228
319.4	0.00141
319.6	0.00127
319.8	0.00112
320.0	0.00101
320.2	9.6058e-04
320.4	0.001
320.6	0.00102
320.8	0.00107
321.0	0.00119
321.2	0.00132
321.4	0.00174
321.6	0.00245
321.8	0.00388
322.0	0.00732
322.2	0.01305
322.4	0.0268
322.6	0.0536
322.8	0.09456
323.0	0.1454
323.2	0.20376
323.4	0.25733
323.6	0.29078
323.8	0.30026
324.0	0.28452
324.2	0.24486
324.4	0.18919
324.6	0.13393
324.8	0.08962
325.0	0.06348
325.2	0.05062
325.4	0.04698
325.6	0.04926
325.8	0.05643
326.0	0.06662
326.2	0.07848
326.4	0.09045
326.6	0.10163
326.8	0.11175
327.0	0.12061
327.2	0.13087
327.4	0.14199
327.6	0.15219
327.8	0.16229
328.0	0.1666
328.2	0.16689
328.4	0.1607
328.6	0.14888
328.8	0.13234
329.0	0.11757
329.2	0.10811
329.4	0.10576
329.6	0.11837
329.8	0.14934
330.0	0.20044
330.2	0.25567
330.4	0.29589
330.6	0.31851
330.8	0.32117
331.0	0.30168
331.2	0.25846
331.4	0.20385
331.6	0.15951
331.8	0.13585
332.0	0.12609
332.2	0.12813
332.4	0.14019
332.6	0.15315
332.8	0.16372
333.0	0.16823
333.2	0.16517
333.4	0.15563
333.6	0.14184
333.8	0.12507
334.0	0.10885
334.2	0.09664
334.4	0.08857
334.6	0.08634
334.8	0.08972
335.0	0.09792
335.2	0.1117
335.4	0.13044
335.6	0.15597
335.8	0.18836
336.0	0.22767
336.2	0.26602
336.4	0.29966
336.6	0.32664
336.8	0.34512
337.0	0.34935
337.2	0.33508
337.4	0.30324
337.6	0.26139
337.8	0.21638
338.0	0.17139
338.2	0.12854
338.4	0.09117
338.6	0.06223
338.8	0.04165
339.0	0.02909
339.2	0.02153
339.4	0.01684
339.6	0.01373
339.8	0.01174
340.0	0.01042
340.2	0.00951
340.4	0.00883
340.6	0.00853
340.8	0.00841
341.0	0.00854
341.2	0.00902
341.4	0.01014
341.6	0.01181
341.8	0.01506
342.0	0.02292
342.2	0.03639
342.4	0.05274
342.6	0.07277
342.8	0.09458
343.0	0.11555
343.2	0.13339
343.4	0.14649
343.6	0.15135
343.8	0.1472
344.0	0.13462
344.2	0.11829
344.4	0.10069
344.6	0.08539
344.8	0.07569
345.0	0.0725
345.2	0.07519
345.4	0.08146
345.6	0.08703
345.8	0.0896
346.0	0.08772
346.2	0.08125
346.4	0.07032
346.6	0.0556
346.8	0.03967
347.0	0.0268
347.2	0.01845
347.4	0.0136
347.6	0.01054
347.8	0.00894
348.0	0.00787
348.2	0.00726
348.4	0.00673
348.6	0.00638
348.8	0.00601
349.0	0.00591
349.2	0.00571
349.4	0.00541
349.6	0.00514
349.8	0.005
350.0	0.00477
350.2	0.00483
350.4	0.00479
350.6	0.00505
350.8	0.00545
351.0	0.00608
351.2	0.00747
351.4	0.00945
351.6	0.01335
351.8	0.02055
352.0	0.03394
352.2	0.04938
352.4	0.06152
352.6	0.06965
352.8	0.0739
353.0	0.07479
353.2	0.07194
353.4	0.06565
353.6	0.0552
353.8	0.04292
354.0	0.03226
354.2	0.02586
354.4	0.02297
354.6	0.02313
354.8	0.02612
355.0	0.03141
355.2	0.03833
355.4	0.04692
355.6	0.05455
355.8	0.06025
356.0	0.06377
356.2	0.0645
356.4	0.06206
356.6	0.05693
356.8	0.04926
357.0	0.04065
357.2	0.03263
357.4	0.02619
357.6	0.0217
357.8	0.01886
358.0	0.0171
358.2	0.01683
358.4	0.0177
358.6	0.02056
358.8	0.02679
359.0	0.03877
359.2	0.05696
359.4	0.08269
359.6	0.1149
359.8	0.14731
360.0	0.17125
360.2	0.183
360.4	0.18552
360.6	0.17745
360.8	0.15904
361.0	0.13351
361.2	0.10067
361.4	0.06783
361.6	0.04388
361.8	0.02921
362.0	0.01976
362.2	0.01486
362.4	0.01381
362.6	0.01331
362.8	0.01354
363.0	0.01451
363.2	0.01604
363.4	0.01859
363.6	0.02242
363.8	0.0279
364.0	0.03521
364.2	0.04357
364.4	0.05234
364.6	0.06047
364.8	0.06601
365.0	0.06955
365.2	0.07017
365.4	0.06813
365.6	0.06395
365.8	0.05683
366.0	0.04964
366.2	0.04275
366.4	0.03655
366.6	0.03175
366.8	0.02845
367.0	0.02648
367.2	0.02496
367.4	0.02432
367.6	0.02459
367.8	0.02591
368.0	0.02837
368.2	0.03208
368.4	0.0374
368.6	0.04603
368.8	0.05909
369.0	0.07775
369.2	0.10375
369.4	0.13713
369.6	0.17735
369.8	0.22382
370.0	0.27553
370.2	0.32503
370.4	0.36674
370.6	0.39924
370.8	0.42622
371.0	0.44837
371.2	0.4699
371.4	0.48674
371.6	0.4981
371.8	0.50384
372.0	0.50386
372.2	0.49688
372.4	0.48055
372.6	0.45158
372.8	0.40937
373.0	0.35698
373.2	0.30208
373.4	0.25157
373.6	0.21049
373.8	0.17889
374.0	0.15736
374.2	0.14574
374.4	0.14401
374.6	0.15257
374.8	0.17314
375.0	0.20665
375.2	0.25333
375.4	0.31107
375.6	0.37463
375.8	0.43888
376.0	0.49912
376.2	0.55048
376.4	0.58654
376.6	0.60484
376.8	0.6031
377.0	0.58807
377.2	0.5613
377.4	0.52608
377.6	0.48126
377.8	0.43174
378.0	0.37738
378.2	0.32568
378.4	0.27618
378.6	0.22853
378.8	0.18328
379.0	0.14139
379.2	0.10604
379.4	0.07924
379.6	0.06049
379.8	0.048
380.0	0.04058
380.2	0.03701
380.4	0.03627
380.6	0.03912
380.8	0.04619
381.0	0.05693
381.2	0.06961
381.4	0.08382
381.6	0.10048
381.8	0.11909
382.0	0.15535
382.2	0.18325
382.4	0.19686
382.6	0.20323
382.8	0.20327
383.0	0.19907
383.2	0.19291
383.4	0.18298
383.6	0.17198
383.8	0.16063
384.0	0.15203
384.2	0.14711
384.4	0.14611
384.6	0.14638
384.8	0.14512
385.0	0.14196
385.2	0.13638
385.4	0.12888
385.6	0.11996
385.8	0.10811
386.0	0.09502
386.2	0.08065
386.4	0.06764
386.6	0.05611
386.8	0.04833
387.0	0.04207
387.2	0.0378
387.4	0.03513
387.6	0.03341
387.8	0.03532
388.0	0.0431
388.2	0.05649
388.4	0.07404
388.6	0.08977
388.8	0.10151
389.0	0.10817
389.2	0.1111
389.4	0.10859
389.6	0.10201
389.8	0.09052
390.0	0.07426
390.2	0.0561
390.4	0.03867
390.6	0.02601
390.8	0.01839
391.0	0.01422
391.2	0.0121
391.4	0.0108
391.6	0.01037
391.8	0.01017
392.0	0.01026
392.2	0.01005
392.4	0.00977
392.6	0.00941
392.8	0.00872
393.0	0.00796
393.2	0.00704
393.4	0.00612
393.6	0.00517
393.8	0.00426
394.0	0.00348
394.2	0.00289
394.4	0.0024
394.6	0.00201
394.8	0.00175
395.0	0.00155
395.2	0.00144
395.4	0.00137
395.6	0.00136
395.8	0.0014
396.0	0.00148
396.2	0.00165
396.4	0.00186
396.6	0.0021
396.8	0.00243
397.0	0.00289
397.2	0.00347
397.4	0.00416
397.6	0.00498
397.8	0.00579
398.0	0.00649
398.2	0.00699
398.4	0.0074
398.6	0.00749
398.8	0.00744
399.0	0.00717
399.2	0.00668
399.4	0.00613
399.6	0.00535
399.8	0.00468
400.0	0.00414
400.2	0.00377
400.4	0.00347
400.6	0.00341
400.8	0.00342
401.0	0.00359
401.2	0.00383
401.4	0.00413
401.6	0.00441
401.8	0.00468
402.0	0.00486
402.2	0.00486
402.4	0.00458
402.6	0.00427
402.8	0.00399
403.0	0.00373
403.2	0.00326
403.4	0.00276
403.6	0.00234
403.8	0.00198
404.0	0.0017
404.2	0.00148
404.4	0.0013
404.6	0.00113
404.8	0.00101
405.0	9.8347e-04
405.2	9.555e-04
405.4	9.2833e-04
405.6	9.0193e-04
405.8	9.7611e-04
406.0	0.00106
406.2	0.00114
406.4	0.00124
406.6	0.00147
406.8	0.00179
407.0	0.00218
407.2	0.00266
407.4	0.00325
407.6	0.00399
407.8	0.00488
408.0	0.00598
408.2	0.00698
408.4	0.00742
408.6	0.0079
408.8	0.0084
409.0	0.00878
409.2	0.00819
409.4	0.00763
409.6	0.00711
409.8	0.00663
410.0	0.0058
410.2	0.00504
410.4	0.00439
410.6	0.00381
410.8	0.00351
411.0	0.0033
411.2	0.00311
411.4	0.00293
411.6	0.00289
411.8	0.003
412.0	0.0031
412.2	0.00343
412.4	0.00382
412.6	0.0043
412.8	0.00492
413.0	0.00561
413.2	0.00637
413.4	0.00721
413.6	0.00785
413.8	0.00854
414.0	0.00898
414.2	0.00921
414.4	0.00933
414.6	0.00911
414.8	0.00874
415.0	0.00819
415.2	0.00754
415.4	0.00681
415.6	0.00611
415.8	0.00538
416.0	0.00476
416.2	0.00426
416.4	0.00383
416.6	0.00354
416.8	0.00333
417.0	0.00313
417.2	0.00302
417.4	0.00297
417.6	0.00304
417.8	0.00305
418.0	0.00315
418.2	0.00332
418.4	0.00353
418.6	0.00379
418.8	0.00411
419.0	0.00453
419.2	0.00497
419.4	0.00557
419.6	0.00616
419.8	0.00674
420.0	0.00743
420.2	0.00802
420.4	0.00855
420.6	0.00902
420.8	0.00942
421.0	0.00976
421.2	0.00987
421.4	0.00997
421.6	0.00998
421.8	0.00989
422.0	0.00945
422.2	0.00932
422.4	0.00928
422.6	0.00936
422.8	0.00945
423.0	0.00952
423.2	0.0098
423.4	0.01008
423.6	0.01045
423.8	0.01096
424.0	0.01135
424.2	0.01181
424.4	0.01218
424.6	0.01238
424.8	0.01246
425.0	0.01251
425.2	0.01227
425.4	0.01206
425.6	0.01169
425.8	0.01107
426.0	0.01043
426.2	0.00968
426.4	0.00886
426.6	0.00808
426.8	0.00736
427.0	0.00662
427.2	0.00596
427.4	0.00535
427.6	0.00467
427.8	0.00453
428.0	0.00439
428.2	0.00421
428.4	0.00403
428.6	0.00389
428.8	0.00381
429.0	0.00373
429.2	0.00394
429.4	0.00416
429.6	0.00442
429.8	0.00469
430.0	0.00505
430.2	0.0055
430.4	0.00599
430.6	0.00657
430.8	0.00748
431.0	0.00867
431.2	0.01023
431.4	0.01226
431.6	0.01505
431.8	0.01877
432.0	0.02405
432.2	0.03085
432.4	0.04035
432.6	0.05361
432.8	0.07127
433.0	0.09439
433.2	0.12165
433.4	0.15332
433.6	0.18696
433.8	0.22534
434.0	0.26416
434.2	0.29883
434.4	0.33417
434.6	0.36254
434.8	0.38306
435.0	0.37625
435.2	0.3895
435.4	0.40043
435.6	0.40804
435.8	0.41534
436.0	0.42649
436.2	0.44176
436.4	0.46274
436.6	0.49318
436.8	0.53148
437.0	0.57612
437.2	0.6238
437.4	0.67455
437.6	0.72498
437.8	0.77262
438.0	0.81138
438.2	0.84779
438.4	0.87934
438.6	0.90422
438.8	0.92136
439.0	0.93069
439.2	0.93583
439.4	0.93706
439.6	0.93819
439.8	0.93685
440.0	0.93451
440.2	0.93231
440.4	0.93305
440.6	0.93332
440.8	0.93477
441.0	0.93575
441.2	0.93475
441.4	0.93565
441.6	0.93535
441.8	0.93402
442.0	0.93323
442.2	0.93177
442.4	0.92965
442.6	0.92515
442.8	0.92159
443.0	0.91744
443.2	0.91186
443.4	0.90632
443.6	0.90319
443.8	0.89773
444.0	0.89419
444.2	0.8911
444.4	0.88741
444.6	0.88631
444.8	0.88767
445.0	0.88936
445.2	0.89062
445.4	0.89284
445.6	0.89675
445.8	0.89877
446.0	0.90232
446.2	0.90667
446.4	0.90925
446.6	0.91514
446.8	0.91695
447.0	0.92089
447.2	0.921
447.4	0.92248
447.6	0.92393
447.8	0.92455
448.0	0.92146
448.2	0.91991
448.4	0.92027
448.6	0.91843
448.8	0.91802
449.0	0.91692
449.2	0.9159
449.4	0.91569
449.6	0.91469
449.8	0.91527
450.0	0.91582
450.2	0.91518
450.4	0.91458
450.6	0.91573
450.8	0.91623
451.0	0.91702
451.2	0.91666
451.4	0.91789
451.6	0.92003
451.8	0.91734
452.0	0.91948
452.2	0.92151
452.4	0.92137
452.6	0.9221
452.8	0.92367
453.0	0.92352
453.2	0.92499
453.4	0.92766
453.6	0.9279
453.8	0.92849
454.0	0.93019
454.2	0.93093
454.4	0.93222
454.6	0.93288
454.8	0.93359
455.0	0.93555
455.2	0.93341
455.4	0.93241
455.6	0.93326
455.8	0.93437
456.0	0.93344
456.2	0.93259
456.4	0.93157
456.6	0.93141
456.8	0.93158
457.0	0.93176
457.2	0.93175
457.4	0.9314
457.6	0.93046
457.8	0.92962
458.0	0.9316
458.2	0.93184
458.4	0.93165
458.6	0.93181
458.8	0.9309
459.0	0.93162
459.2	0.93033
459.4	0.9321
459.6	0.9315
459.8	0.93213
460.0	0.93251
460.2	0.93261
460.4	0.93148
460.6	0.9297
460.8	0.92844
461.0	0.92594
461.2	0.92498
461.4	0.92384
461.6	0.92273
461.8	0.92139
462.0	0.91939
462.2	0.9181
462.4	0.91699
462.6	0.91576
462.8	0.91551
463.0	0.9142
463.2	0.91478
463.4	0.91339
463.6	0.91228
463.8	0.91448
464.0	0.91444
464.2	0.9155
464.4	0.9162
464.6	0.91487
464.8	0.91735
465.0	0.91776
465.2	0.91816
465.4	0.91714
465.6	0.91984
465.8	0.91993
466.0	0.92214
466.2	0.92208
466.4	0.92054
466.6	0.92162
466.8	0.91919
467.0	0.9169
467.2	0.91313
467.4	0.9121
467.6	0.91087
467.8	0.90739
468.0	0.90477
468.2	0.90025
468.4	0.89772
468.6	0.89521
468.8	0.89263
469.0	0.88979
469.2	0.88511
469.4	0.87649
469.6	0.86345
469.8	0.84785
470.0	0.82792
470.2	0.80425
470.4	0.77669
470.6	0.74612
470.8	0.71338
471.0	0.68004
471.2	0.64745
471.4	0.61452
471.6	0.58399
471.8	0.55571
472.0	0.5299
472.2	0.51701
472.4	0.49911
472.6	0.48435
472.8	0.46965
473.0	0.45544
473.2	0.43984
473.4	0.42048
473.6	0.39609
473.8	0.36848
474.0	0.33994
474.2	0.30975
474.4	0.27736
474.6	0.24287
474.8	0.20925
475.0	0.17787
475.2	0.1477
475.4	0.12024
475.6	0.09659
475.8	0.07678
476.0	0.06065
476.2	0.04787
476.4	0.03813
476.6	0.03064
476.8	0.02467
477.0	0.02004
477.2	0.01643
477.4	0.01359
477.6	0.01138
477.8	0.00953
478.0	0.0084
478.2	0.00725
478.4	0.00626
478.6	0.0055
478.8	0.00482
479.0	0.00429
479.2	0.00383
479.4	0.00336
479.6	0.00303
479.8	0.00276
480.0	0.00253
480.2	0.00233
480.4	0.00216
480.6	0.002
480.8	0.00187
481.0	0.00176
481.2	0.00167
481.4	0.00159
481.6	0.00152
481.8	0.00147
482.0	0.00142
482.2	0.00139
482.4	0.00138
482.6	0.00137
482.8	0.00136
483.0	0.00135
483.2	0.00136
483.4	0.00137
483.6	0.00139
483.8	0.00143
484.0	0.00147
484.2	0.00153
484.4	0.00159
484.6	0.00167
484.8	0.00175
485.0	0.0018
485.2	0.00194
485.4	0.00211
485.6	0.00229
485.8	0.00251
486.0	0.0028
486.2	0.0031
486.4	0.00388
486.6	0.00443
486.8	0.00499
487.0	0.00564
487.2	0.00634
487.4	0.0072
487.6	0.00804
487.8	0.009
488.0	0.00985
488.2	0.01068
488.4	0.01135
488.6	0.01186
488.8	0.01237
489.0	0.0126
489.2	0.01285
489.4	0.01279
489.6	0.01274
489.8	0.01259
490.0	0.01235
490.2	0.012
490.4	0.01166
490.6	0.01133
490.8	0.01101
491.0	0.01078
491.2	0.01054
491.4	0.01041
491.6	0.01034
491.8	0.01041
492.0	0.01053
492.2	0.01085
492.4	0.0112
492.6	0.01156
492.8	0.01202
493.0	0.01255
493.2	0.01307
493.4	0.01354
493.6	0.01295
493.8	0.01321
494.0	0.0134
494.2	0.01338
494.4	0.01329
494.6	0.01302
494.8	0.01257
495.0	0.01274
495.2	0.01199
495.4	0.01112
495.6	0.01019
495.8	0.00922
496.0	0.00814
496.2	0.0072
496.4	0.00625
496.6	0.00543
496.8	0.00472
497.0	0.00408
497.2	0.00357
497.4	0.00317
497.6	0.0028
497.8	0.00244
498.0	0.00218
498.2	0.00197
498.4	0.00179
498.6	0.00165
498.8	0.00152
499.0	0.00141
499.2	0.00132
499.4	0.00124
499.6	0.00119
499.8	0.00114
500.0	0.0011
500.2	0.00106
500.4	0.00102
500.6	9.7879e-04
500.8	0.00101
501.0	9.9474e-04
501.2	9.8834e-04
501.4	9.8521e-04
501.6	9.9316e-04
501.8	0.001
502.0	0.00101
502.2	0.00103
502.4	0.00105
502.6	0.00108
502.8	0.00111
503.0	0.00116
503.2	0.00121
503.4	0.00127
503.6	0.00133
503.8	0.00141
504.0	0.0015
504.2	0.0016
504.4	0.00171
504.6	0.00185
504.8	0.00196
505.0	0.00208
505.2	0.00226
505.4	0.00249
505.6	0.00276
505.8	0.00306
506.0	0.00343
506.2	0.00386
506.4	0.00451
506.6	0.00515
506.8	0.00589
507.0	0.00676
507.2	0.00788
507.4	0.00923
507.6	0.01086
507.8	0.01274
508.0	0.01529
508.2	0.01834
508.4	0.02216
508.6	0.02693
508.8	0.03282
509.0	0.03991
509.2	0.0453
509.4	0.05497
509.6	0.06597
509.8	0.07859
510.0	0.09221
510.2	0.10729
510.4	0.12256
510.6	0.13687
510.8	0.15205
511.0	0.16678
511.2	0.18111
511.4	0.19422
511.6	0.20583
511.8	0.21606
512.0	0.22428
512.2	0.23261
512.4	0.23945
512.6	0.24532
512.8	0.25014
513.0	0.25407
513.2	0.25911
513.4	0.2639
513.6	0.26962
513.8	0.27793
514.0	0.28848
514.2	0.3028
514.4	0.32054
514.6	0.34009
514.8	0.35738
515.0	0.38818
515.2	0.42207
515.4	0.45984
515.6	0.50264
515.8	0.54725
516.0	0.59274
516.2	0.63545
516.4	0.68033
516.6	0.72348
516.8	0.763
517.0	0.80143
517.2	0.83416
517.4	0.8628
517.6	0.88925
517.8	0.90375
518.0	0.91756
518.2	0.92709
518.4	0.93365
518.6	0.93617
518.8	0.93951
519.0	0.94107
519.2	0.94105
519.4	0.94061
519.6	0.94185
519.8	0.94177
520.0	0.94297
520.2	0.94319
520.4	0.94582
520.6	0.94528
520.8	0.94793
521.0	0.94833
521.2	0.94893
521.4	0.94861
521.6	0.94902
521.8	0.94985
522.0	0.94953
522.2	0.94667
522.4	0.94625
522.6	0.9443
522.8	0.94497
523.0	0.94444
523.2	0.94298
523.4	0.94054
523.6	0.93718
523.8	0.93482
524.0	0.933
524.2	0.93225
524.4	0.93256
524.6	0.93056
524.8	0.9286
525.0	0.9285
525.2	0.93036
525.4	0.93432
525.6	0.93317
525.8	0.93339
526.0	0.93381
526.2	0.93458
526.4	0.93608
526.6	0.93706
526.8	0.93743
527.0	0.93789
527.2	0.93739
527.4	0.93797
527.6	0.9386
527.8	0.93477
528.0	0.9352
528.2	0.93493
528.4	0.93522
528.6	0.93567
528.8	0.93348
529.0	0.9363
529.2	0.93562
529.4	0.93472
529.6	0.93369
529.8	0.93202
530.0	0.93138
530.2	0.93025
530.4	0.93238
530.6	0.9305
530.8	0.93067
531.0	0.93316
531.2	0.93381
531.4	0.93506
531.6	0.93494
531.8	0.9358
532.0	0.9381
532.2	0.93807
532.4	0.93839
532.6	0.93625
532.8	0.9363
533.0	0.9349
533.2	0.93528
533.4	0.93689
533.6	0.93703
533.8	0.93768
534.0	0.93719
534.2	0.93986
534.4	0.93949
534.6	0.94136
534.8	0.94034
535.0	0.94386
535.2	0.94447
535.4	0.94704
535.6	0.94762
535.8	0.9469
536.0	0.94572
536.2	0.94618
536.4	0.94753
536.6	0.94862
536.8	0.951
537.0	0.94932
537.2	0.95086
537.4	0.9519
537.6	0.95103
537.8	0.95224
538.0	0.95204
538.2	0.95374
538.4	0.95205
538.6	0.95277
538.8	0.95176
539.0	0.95149
539.2	0.95026
539.4	0.94976
539.6	0.94916
539.8	0.95051
540.0	0.94934
540.2	0.94913
540.4	0.94546
540.6	0.94324
540.8	0.94065
541.0	0.93719
541.2	0.93507
541.4	0.93329
541.6	0.93055
541.8	0.9269
542.0	0.9255
542.2	0.92335
542.4	0.92014
542.6	0.91751
542.8	0.91264
543.0	0.91104
543.2	0.90966
543.4	0.90745
543.6	0.90753
543.8	0.90693
544.0	0.9079
544.2	0.91022
544.4	0.91146
544.6	0.91195
544.8	0.91381
545.0	0.91591
545.2	0.91789
545.4	0.91872
545.6	0.91924
545.8	0.92102
546.0	0.92046
546.2	0.92026
546.4	0.9179
546.6	0.91289
546.8	0.90708
547.0	0.90045
547.2	0.89064
547.4	0.87742
547.6	0.86185
547.8	0.84246
548.0	0.82119
548.2	0.79529
548.4	0.76714
548.6	0.73817
548.8	0.70512
549.0	0.67117
549.2	0.63646
549.4	0.60054
549.6	0.56561
549.8	0.53103
550.0	0.49612
550.2	0.46357
550.4	0.43392
550.6	0.40676
550.8	0.38428
551.0	0.36439
551.2	0.34815
551.4	0.33765
551.6	0.32849
551.8	0.31986
552.0	0.313
552.2	0.30897
552.4	0.30604
552.6	0.3021
552.8	0.2987
553.0	0.29465
553.2	0.28981
553.4	0.28342
553.6	0.27564
553.8	0.26592
554.0	0.25567
554.2	0.24372
554.4	0.22943
554.6	0.21462
554.8	0.19918
555.0	0.1831
555.2	0.16708
555.4	0.15063
555.6	0.13566
555.8	0.12112
556.0	0.10756
556.2	0.09489
556.4	0.0836
556.6	0.07288
556.8	0.06384
557.0	0.05594
557.2	0.04964
557.4	0.04381
557.6	0.03863
557.8	0.03409
558.0	0.03052
558.2	0.02731
558.4	0.0246
558.6	0.02276
558.8	0.02071
559.0	0.01892
559.2	0.01732
559.4	0.01592
559.6	0.01466
559.8	0.01359
560.0	0.01287
560.2	0.01204
560.4	0.01129
560.6	0.01071
560.8	0.01007
561.0	0.00957
561.2	0.00913
561.4	0.00868
561.6	0.00835
561.8	0.00808
562.0	0.00775
562.2	0.00755
562.4	0.00728
562.6	0.00711
562.8	0.00705
563.0	0.00693
563.2	0.00679
563.4	0.00666
563.6	0.00657
563.8	0.00649
564.0	0.00638
564.2	0.00631
564.4	0.00621
564.6	0.00614
564.8	0.00607
565.0	0.00595
565.2	0.00588
565.4	0.0058
565.6	0.0057
565.8	0.0056
566.0	0.00551
566.2	0.00539
566.4	0.00527
566.6	0.00518
566.8	0.00502
567.0	0.00484
567.2	0.00471
567.4	0.00458
567.6	0.0044
567.8	0.00424
568.0	0.00407
568.2	0.00392
568.4	0.00373
568.6	0.00361
568.8	0.00343
569.0	0.00328
569.2	0.00314
569.4	0.003
569.6	0.00286
569.8	0.00271
570.0	0.00258
570.2	0.00246
570.4	0.00235
570.6	0.00223
570.8	0.00213
571.0	0.00202
571.2	0.00194
571.4	0.00184
571.6	0.00178
571.8	0.0017
572.0	0.00164
572.2	0.00158
572.4	0.00153
572.6	0.00148
572.8	0.00144
573.0	0.0014
573.2	0.00136
573.4	0.00134
573.6	0.00131
573.8	0.0013
574.0	0.00127
574.2	0.00127
574.4	0.00126
574.6	0.00125
574.8	0.00125
575.0	0.00125
575.2	0.00124
575.4	0.00126
575.6	0.00126
575.8	0.00128
576.0	0.00131
576.2	0.00133
576.4	0.00136
576.6	0.0014
576.8	0.00144
577.0	0.00148
577.2	0.00153
577.4	0.00159
577.6	0.00167
577.8	0.00175
578.0	0.00183
578.2	0.00193
578.4	0.00205
578.6	0.00217
578.8	0.00231
579.0	0.00248
579.2	0.00268
579.4	0.00291
579.6	0.00324
579.8	0.00355
580.0	0.00387
580.2	0.00422
580.4	0.00464
580.6	0.00509
580.8	0.0056
581.0	0.00611
581.2	0.00666
581.4	0.00719
581.6	0.00778
581.8	0.00838
582.0	0.00894
582.2	0.00947
582.4	0.00997
582.6	0.01046
582.8	0.01082
583.0	0.01115
583.2	0.01136
583.4	0.0116
583.6	0.01169
583.8	0.01167
584.0	0.0116
584.2	0.01143
584.4	0.01113
584.6	0.01084
584.8	0.01043
585.0	0.00997
585.2	0.00948
585.4	0.00884
585.6	0.00836
585.8	0.00785
586.0	0.00739
586.2	0.0069
586.4	0.00647
586.6	0.00606
586.8	0.00568
587.0	0.00532
587.2	0.00498
587.4	0.00468
587.6	0.00444
587.8	0.00421
588.0	0.00404
588.2	0.00386
588.4	0.00372
588.6	0.00363
588.8	0.00355
589.0	0.00348
589.2	0.00343
589.4	0.00339
589.6	0.00337
589.8	0.00335
590.0	0.00335
590.2	0.00336
590.4	0.00338
590.6	0.00342
590.8	0.00347
591.0	0.00351
591.2	0.00358
591.4	0.00367
591.6	0.00374
591.8	0.00385
592.0	0.00397
592.2	0.00412
592.4	0.00432
592.6	0.00452
592.8	0.00471
593.0	0.00492
593.2	0.00517
593.4	0.00544
593.6	0.00571
593.8	0.00606
594.0	0.00644
594.2	0.00686
594.4	0.00733
594.6	0.0078
594.8	0.00837
595.0	0.00907
595.2	0.00974
595.4	0.01061
595.6	0.01151
595.8	0.01253
596.0	0.01367
596.2	0.01502
596.4	0.01662
596.6	0.0181
596.8	0.02003
597.0	0.02226
597.2	0.02498
597.4	0.02801
597.6	0.0315
597.8	0.03548
598.0	0.03968
598.2	0.04515
598.4	0.05159
598.6	0.0587
598.8	0.06694
599.0	0.07646
599.2	0.08715
599.4	0.09962
599.6	0.11301
599.8	0.12782
600.0	0.1439
600.2	0.16109
600.4	0.17905
600.6	0.19788
600.8	0.21808
601.0	0.23772
601.2	0.25766
601.4	0.27651
601.6	0.29374
601.8	0.31142
602.0	0.3269
602.2	0.33671
602.4	0.35063
602.6	0.36218
602.8	0.3726
603.0	0.37945
603.2	0.38535
603.4	0.39111
603.6	0.39567
603.8	0.39802
604.0	0.39887
604.2	0.39937
604.4	0.40026
604.6	0.40281
604.8	0.40374
605.0	0.40726
605.2	0.41192
605.4	0.41897
605.6	0.42688
605.8	0.43681
606.0	0.45035
606.2	0.46579
606.4	0.48386
606.6	0.50475
606.8	0.52791
607.0	0.55292
607.2	0.58074
607.4	0.60961
607.6	0.64011
607.8	0.67072
608.0	0.69947
608.2	0.72972
608.4	0.75903
608.6	0.78625
608.8	0.81211
609.0	0.83457
609.2	0.85282
609.4	0.87026
609.6	0.88622
609.8	0.89934
610.0	0.90984
610.2	0.9169
610.4	0.92407
610.6	0.93247
610.8	0.93421
611.0	0.93606
611.2	0.93814
611.4	0.94032
611.6	0.94075
611.8	0.94099
612.0	0.94095
612.2	0.94121
612.4	0.94307
612.6	0.94273
612.8	0.94407
613.0	0.94544
613.2	0.94662
613.4	0.94572
613.6	0.94572
613.8	0.94899
614.0	0.94934
614.2	0.94273
614.4	0.94317
614.6	0.94276
614.8	0.9436
615.0	0.94374
615.2	0.94343
615.4	0.94509
615.6	0.94668
615.8	0.94589
616.0	0.94737
616.2	0.94559
616.4	0.94771
616.6	0.94956
616.8	0.95002
617.0	0.95324
617.2	0.95224
617.4	0.95021
617.6	0.9499
617.8	0.94975
618.0	0.94958
618.2	0.95132
618.4	0.95
618.6	0.94752
618.8	0.9475
619.0	0.94665
619.2	0.94668
619.4	0.94703
619.6	0.94711
619.8	0.9462
620.0	0.9448
620.2	0.94262
620.4	0.94236
620.6	0.94127
620.8	0.94133
621.0	0.94022
621.2	0.93766
621.4	0.93683
621.6	0.93669
621.8	0.93501
622.0	0.9338
622.2	0.93444
622.4	0.93509
622.6	0.93559
622.8	0.93557
623.0	0.93479
623.2	0.93586
623.4	0.93691
623.6	0.93613
623.8	0.93411
624.0	0.93567
624.2	0.93482
624.4	0.93606
624.6	0.93832
624.8	0.93586
625.0	0.93476
625.2	0.93737
625.4	0.93888
625.6	0.93744
625.8	0.9383
626.0	0.93519
626.2	0.93281
626.4	0.93124
626.6	0.93143
626.8	0.93162
627.0	0.93189
627.2	0.93128
627.4	0.93254
627.6	0.93145
627.8	0.92835
628.0	0.92649
628.2	0.92675
628.4	0.92842
628.6	0.92606
628.8	0.92508
629.0	0.92543
629.2	0.92424
629.4	0.92258
629.6	0.92183
629.8	0.92292
630.0	0.92464
630.2	0.92367
630.4	0.92563
630.6	0.92441
630.8	0.92543
631.0	0.92696
631.2	0.9276
631.4	0.92797
631.6	0.9302
631.8	0.9274
632.0	0.92614
632.2	0.92752
632.4	0.92828
632.6	0.93043
632.8	0.93134
633.0	0.93183
633.2	0.93381
633.4	0.93493
633.6	0.93461
633.8	0.93653
634.0	0.93489
634.2	0.93497
634.4	0.93695
634.6	0.93828
634.8	0.93847
635.0	0.94191
635.2	0.93973
635.4	0.93708
635.6	0.93555
635.8	0.93364
636.0	0.93463
636.2	0.93759
636.4	0.93555
636.6	0.93528
636.8	0.9368
637.0	0.93624
637.2	0.93812
637.4	0.94046
637.6	0.94282
637.8	0.94322
638.0	0.94049
638.2	0.94089
638.4	0.93889
638.6	0.93927
638.8	0.93651
639.0	0.93632
639.2	0.93751
639.4	0.93856
639.6	0.94009
639.8	0.94119
640.0	0.94252
640.2	0.9437
640.4	0.94438
640.6	0.94382
640.8	0.94122
641.0	0.941
641.2	0.94383
641.4	0.94484
641.6	0.94351
641.8	0.94324
642.0	0.94207
642.2	0.9407
642.4	0.94173
642.6	0.93994
642.8	0.93716
643.0	0.93675
643.2	0.93835
643.4	0.93952
643.6	0.93821
643.8	0.93414
644.0	0.93097
644.2	0.92865
644.4	0.92813
644.6	0.92582
644.8	0.92448
645.0	0.92232
645.2	0.92054
645.4	0.91878
645.6	0.91806
645.8	0.91819
646.0	0.91652
646.2	0.91439
646.4	0.91288
646.6	0.91306
646.8	0.91278
647.0	0.91272
647.2	0.9128
647.4	0.91508
647.6	0.91558
647.8	0.91493
648.0	0.91573
648.2	0.91648
648.4	0.9167
648.6	0.91725
648.8	0.91804
649.0	0.92117
649.2	0.92459
649.4	0.924
649.6	0.92632
649.8	0.92638
650.0	0.92499
650.2	0.92369
650.4	0.92493
650.6	0.92329
650.8	0.91738
651.0	0.91595
651.2	0.90976
651.4	0.90589
651.6	0.89894
651.8	0.8894
652.0	0.87784
652.2	0.86529
652.4	0.8501
652.6	0.83527
652.8	0.82183
653.0	0.8051
653.2	0.78751
653.4	0.76868
653.6	0.74801
653.8	0.72785
654.0	0.70589
654.2	0.68374
654.4	0.66297
654.6	0.64277
654.8	0.62189
655.0	0.59923
655.2	0.57803
655.4	0.5559
655.6	0.53564
655.8	0.51594
656.0	0.49554
656.2	0.47758
656.4	0.46032
656.6	0.44425
656.8	0.42837
657.0	0.41178
657.2	0.39622
657.4	0.38226
657.6	0.36908
657.8	0.35593
658.0	0.34402
658.2	0.33383
658.4	0.32369
658.6	0.3137
658.8	0.30334
659.0	0.29328
659.2	0.28454
659.4	0.27752
659.6	0.26984
659.8	0.26285
660.0	0.25645
660.2	0.2497
660.4	0.24361
660.6	0.23809
660.8	0.23305
661.0	0.22826
661.2	0.22288
661.4	0.21886
661.6	0.21502
661.8	0.2116
662.0	0.20836
662.2	0.20498
662.4	0.20207
662.6	0.19966
662.8	0.19754
663.0	0.19493
663.2	0.19253
663.4	0.1902
663.6	0.18821
663.8	0.18685
664.0	0.18555
664.2	0.18453
664.4	0.18387
664.6	0.18253
664.8	0.18147
665.0	0.18101
665.2	0.1802
665.4	0.17985
665.6	0.17911
665.8	0.17904
666.0	0.17849
666.2	0.17783
666.4	0.17783
666.6	0.17741
666.8	0.17738
667.0	0.17738
667.2	0.17731
667.4	0.17719
667.6	0.17679
667.8	0.17715
668.0	0.17727
668.2	0.17712
668.4	0.17716
668.6	0.17694
668.8	0.17721
669.0	0.17715
669.2	0.17706
669.4	0.17639
669.6	0.17616
669.8	0.17636
670.0	0.1757
670.2	0.17471
670.4	0.17439
670.6	0.17398
670.8	0.1728
671.0	0.17196
671.2	0.17111
671.4	0.17054
671.6	0.17
671.8	0.16932
672.0	0.16846
672.2	0.1678
672.4	0.16724
672.6	0.16747
672.8	0.16724
673.0	0.16598
673.2	0.16531
673.4	0.16518
673.6	0.16468
673.8	0.16432
674.0	0.16472
674.2	0.16523
674.4	0.16613
674.6	0.16696
674.8	0.16742
675.0	0.16872
675.2	0.17101
675.4	0.1732
675.6	0.17474
675.8	0.17632
676.0	0.17859
676.2	0.18187
676.4	0.18523
676.6	0.18867
676.8	0.19303
677.0	0.19712
677.2	0.20111
677.4	0.20587
677.6	0.21234
677.8	0.21852
678.0	0.22498
678.2	0.23164
678.4	0.23945
678.6	0.24775
678.8	0.25754
679.0	0.26851
679.2	0.27958
679.4	0.29094
679.6	0.30316
679.8	0.3168
680.0	0.33204
680.2	0.34977
680.4	0.36925
680.6	0.38911
680.8	0.40988
681.0	0.43188
681.2	0.45684
681.4	0.48327
681.6	0.5103
681.8	0.53897
682.0	0.56705
682.2	0.59554
682.4	0.61995
682.6	0.64522
682.8	0.66695
683.0	0.68671
683.2	0.70272
683.4	0.71362
683.6	0.7217
683.8	0.72586
684.0	0.72724
684.2	0.72683
684.4	0.71955
684.6	0.70817
684.8	0.69083
685.0	0.67239
685.2	0.65073
685.4	0.62716
685.6	0.60122
685.8	0.57353
686.0	0.54432
686.2	0.51578
686.4	0.48781
686.6	0.46062
686.8	0.43325
687.0	0.40813
687.2	0.38435
687.4	0.36137
687.6	0.34025
687.8	0.3222
688.0	0.30437
688.2	0.28871
688.4	0.27452
688.6	0.26186
688.8	0.25035
689.0	0.23935
689.2	0.22848
689.4	0.21904
689.6	0.21076
689.8	0.20274
690.0	0.19608
690.2	0.18943
690.4	0.18344
690.6	0.17792
690.8	0.17315
691.0	0.16838
691.2	0.164
691.4	0.15992
691.6	0.15608
691.8	0.15249
692.0	0.14939
692.2	0.1463
692.4	0.14336
692.6	0.14117
692.8	0.13897
693.0	0.13627
693.2	0.13408
693.4	0.13251
693.6	0.13085
693.8	0.12959
694.0	0.12802
694.2	0.1268
694.4	0.12572
694.6	0.1245
694.8	0.1231
695.0	0.12237
695.2	0.12211
695.4	0.12131
695.6	0.12066
695.8	0.12024
696.0	0.11995
696.2	0.11969
696.4	0.11908
696.6	0.119
696.8	0.11879
697.0	0.11869
697.2	0.11882
697.4	0.1192
697.6	0.11931
697.8	0.11992
698.0	0.12033
698.2	0.12113
698.4	0.1221
698.6	0.12309
698.8	0.12422
699.0	0.12541
699.2	0.12636
699.4	0.12802
699.6	0.12945
699.8	0.13149
700.0	0.13316
700.2	0.13532
700.4	0.13794
700.6	0.1404
700.8	0.14325
701.0	0.14696
701.2	0.15087
701.4	0.15461
701.6	0.15885
701.8	0.16397
702.0	0.16916
702.2	0.17453
702.4	0.18141
702.6	0.18852
702.8	0.19623
703.0	0.20466
703.2	0.21386
703.4	0.22314
703.6	0.23446
703.8	0.24734
704.0	0.261
704.2	0.27493
704.4	0.2894
704.6	0.30554
704.8	0.32192
705.0	0.33852
705.2	0.35524
705.4	0.37117
705.6	0.38538
705.8	0.39907
706.0	0.41157
706.2	0.42367
706.4	0.43519
706.6	0.4449
706.8	0.4516
707.0	0.45659
707.2	0.45947
707.4	0.45991
707.6	0.45971
707.8	0.4582
708.0	0.4535
708.2	0.44677
708.4	0.43746
708.6	0.42676
708.8	0.41537
709.0	0.40247
709.2	0.38929
709.4	0.37506
709.6	0.36102
709.8	0.34704
710.0	0.33258
710.2	0.31752
710.4	0.3031
710.6	0.28986
710.8	0.27587
711.0	0.26308
711.2	0.24963
711.4	0.23719
711.6	0.22488
711.8	0.21375
712.0	0.20341
712.2	0.19322
712.4	0.18431
712.6	0.17575
712.8	0.16718
713.0	0.15905
713.2	0.15146
713.4	0.14435
713.6	0.13753
713.8	0.13091
714.0	0.12483
714.2	0.1195
714.4	0.11532
714.6	0.11072
714.8	0.10668
715.0	0.1027
715.2	0.09886
715.4	0.09525
715.6	0.09172
715.8	0.08871
716.0	0.08531
716.2	0.08245
716.4	0.0801
716.6	0.07776
716.8	0.07567
717.0	0.07359
717.2	0.07158
717.4	0.06953
717.6	0.06757
717.8	0.06601
718.0	0.0645
718.2	0.0629
718.4	0.06135
718.6	0.06009
718.8	0.05888
719.0	0.05787
719.2	0.05658
719.4	0.05558
719.6	0.05446
719.8	0.05327
720.0	0.05223
720.2	0.05128
720.4	0.05016
720.6	0.04929
720.8	0.04829
721.0	0.04757
721.2	0.04684
721.4	0.0462
721.6	0.04561
721.8	0.04478
722.0	0.04419
722.2	0.04357
722.4	0.0429
722.6	0.04225
722.8	0.04163
723.0	0.04127
723.2	0.04093
723.4	0.04046
723.6	0.04004
723.8	0.03971
724.0	0.03935
724.2	0.03912
724.4	0.0388
724.6	0.03852
724.8	0.03818
725.0	0.03786
725.2	0.03769
725.4	0.03755
725.6	0.03746
725.8	0.03733
726.0	0.03739
726.2	0.03752
726.4	0.0376
726.6	0.03778
726.8	0.03797
727.0	0.03807
727.2	0.03825
727.4	0.0385
727.6	0.0388
727.8	0.03931
728.0	0.03994
728.2	0.04042
728.4	0.0411
728.6	0.04196
728.8	0.04291
729.0	0.04381
729.2	0.045
729.4	0.04613
729.6	0.04737
729.8	0.04888
730.0	0.0504
730.2	0.05224
730.4	0.05428
730.6	0.05672
730.8	0.05944
731.0	0.06262
731.2	0.06603
731.4	0.07021
731.6	0.07488
731.8	0.07996
732.0	0.08626
732.2	0.0942
732.4	0.10368
732.6	0.11551
732.8	0.12933
733.0	0.14584
733.2	0.1647
733.4	0.18619
733.6	0.20943
733.8	0.23319
734.0	0.25655
734.2	0.27911
734.4	0.30039
734.6	0.3219
734.8	0.34128
735.0	0.3568
735.2	0.37138
735.4	0.38612
735.6	0.39419
735.8	0.40033
736.0	0.40489
736.2	0.40551
736.4	0.40323
736.6	0.40016
736.8	0.39154
737.0	0.37919
737.2	0.36333
737.4	0.3449
737.6	0.3247
737.8	0.30179
738.0	0.28617
738.2	0.26966
738.4	0.24417
738.6	0.21977
738.8	0.19813
739.0	0.17766
739.2	0.15797
739.4	0.14061
739.6	0.12529
739.8	0.11116
740.0	0.09856
740.2	0.08773
740.4	0.07852
740.6	0.07064
740.8	0.06356
741.0	0.05743
741.2	0.05219
741.4	0.04759
741.6	0.04377
741.8	0.04045
742.0	0.03754
742.2	0.03505
742.4	0.03278
742.6	0.03074
742.8	0.02899
743.0	0.02729
743.2	0.02595
743.4	0.02469
743.6	0.02351
743.8	0.02252
744.0	0.02162
744.2	0.02072
744.4	0.01987
744.6	0.01914
744.8	0.01855
745.0	0.01799
745.2	0.01745
745.4	0.01696
745.6	0.01655
745.8	0.01616
746.0	0.01588
746.2	0.01559
746.4	0.01534
746.6	0.01518
746.8	0.01498
747.0	0.01474
747.2	0.01461
747.4	0.01447
747.6	0.01436
747.8	0.01433
748.0	0.01438
748.2	0.01431
748.4	0.01428
748.6	0.01423
748.8	0.01429
749.0	0.0143
749.2	0.01439
749.4	0.0145
749.6	0.01459
749.8	0.01479
750.0	0.015
750.2	0.01531
750.4	0.0156
750.6	0.01593
750.8	0.01628
751.0	0.01654
751.2	0.01702
751.4	0.01738
751.6	0.01789
751.8	0.01842
752.0	0.019
752.2	0.0196
752.4	0.02031
752.6	0.02109
752.8	0.02189
753.0	0.02285
753.2	0.02399
753.4	0.02513
753.6	0.02638
753.8	0.02757
754.0	0.029
754.2	0.03056
754.4	0.03248
754.6	0.03452
754.8	0.03665
755.0	0.03883
755.2	0.04149
755.4	0.04434
755.6	0.04733
755.8	0.05051
756.0	0.05371
756.2	0.05697
756.4	0.06042
756.6	0.06365
756.8	0.06693
757.0	0.07052
757.2	0.07398
757.4	0.07743
757.6	0.08073
757.8	0.0839
758.0	0.08646
758.2	0.0892
758.4	0.09161
758.6	0.09366
758.8	0.09516
759.0	0.0963
759.2	0.09715
759.4	0.09773
759.6	0.09744
759.8	0.09683
760.0	0.09646
760.2	0.09565
760.4	0.0938
760.6	0.09236
760.8	0.09057
761.0	0.08812
761.2	0.08536
761.4	0.08294
761.6	0.08052
761.8	0.07777
762.0	0.0752
762.2	0.07257
762.4	0.07016
762.6	0.06766
762.8	0.06521
763.0	0.06262
763.2	0.06006
763.4	0.05791
763.6	0.05596
763.8	0.05432
764.0	0.0525
764.2	0.05089
764.4	0.04939
764.6	0.0478
764.8	0.04656
765.0	0.0456
765.2	0.04465
765.4	0.04363
765.6	0.04271
765.8	0.0421
766.0	0.0416
766.2	0.04117
766.4	0.04066
766.6	0.04024
766.8	0.04011
767.0	0.03999
767.2	0.0398
767.4	0.03964
767.6	0.03982
767.8	0.04008
768.0	0.0404
768.2	0.04075
768.4	0.04114
768.6	0.04165
768.8	0.04222
769.0	0.0429
769.2	0.04375
769.4	0.04472
769.6	0.04576
769.8	0.04682
770.0	0.04817
770.2	0.04978
770.4	0.05122
770.6	0.05255
770.8	0.05413
771.0	0.0563
771.2	0.05847
771.4	0.06078
771.6	0.06318
771.8	0.06597
772.0	0.06869
772.2	0.07179
772.4	0.0752
772.6	0.07873
772.8	0.08245
773.0	0.08636
773.2	0.09008
773.4	0.09434
773.6	0.0984
773.8	0.10281
774.0	0.10704
774.2	0.1115
774.4	0.11624
774.6	0.12017
774.8	0.12351
775.0	0.127
775.2	0.1303
775.4	0.13296
775.6	0.1354
775.8	0.13677
776.0	0.13771
776.2	0.13798
776.4	0.13767
776.6	0.13715
776.8	0.13583
777.0	0.13406
777.2	0.13168
777.4	0.12882
777.6	0.12577
777.8	0.12237
778.0	0.11829
778.2	0.11427
778.4	0.10994
778.6	0.10529
778.8	0.10062
779.0	0.09599
779.2	0.09139
779.4	0.0871
779.6	0.08308
779.8	0.07963
780.0	0.07616
780.2	0.07271
780.4	0.06944
780.6	0.06633
780.8	0.06363
781.0	0.06107
781.2	0.05898
781.4	0.05687
781.6	0.05504
781.8	0.05332
782.0	0.05169
782.2	0.05035
782.4	0.04893
782.6	0.0477
782.8	0.04645
783.0	0.04554
783.2	0.04457
783.4	0.04379
783.6	0.04324
783.8	0.04278
784.0	0.04224
784.2	0.04186
784.4	0.04146
784.6	0.04108
784.8	0.04091
785.0	0.04093
785.2	0.04087
785.4	0.0408
785.6	0.04101
785.8	0.04126
786.0	0.04138
786.2	0.04148
786.4	0.04179
786.6	0.04239
786.8	0.04308
787.0	0.0438
787.2	0.04468
787.4	0.04555
787.6	0.04646
787.8	0.04753
788.0	0.04867
788.2	0.05001
788.4	0.05135
788.6	0.05296
788.8	0.05481
789.0	0.05677
789.2	0.05878
789.4	0.06108
789.6	0.06348
789.8	0.06617
790.0	0.0696
790.2	0.0731
790.4	0.07694
790.6	0.08098
790.8	0.08506
791.0	0.08955
791.2	0.09442
791.4	0.1002
791.6	0.106
791.8	0.11267
792.0	0.11975
792.2	0.12725
792.4	0.13535
792.6	0.14464
792.8	0.15434
793.0	0.16387
793.2	0.17389
793.4	0.18425
793.6	0.19515
793.8	0.20635
794.0	0.21819
794.2	0.22934
794.4	0.24013
794.6	0.2502
794.8	0.25918
795.0	0.27132
795.2	0.28005
795.4	0.28731
795.6	0.29382
795.8	0.29904
796.0	0.30347
796.2	0.3067
796.4	0.30907
796.6	0.30994
796.8	0.30855
797.0	0.30586
797.2	0.3019
797.4	0.29633
797.6	0.29035
797.8	0.28202
798.0	0.27425
798.2	0.26629
798.4	0.25859
798.6	0.25078
798.8	0.24174
799.0	0.23184
799.2	0.2229
799.4	0.21432
799.6	0.20633
799.8	0.19803
800.0	0.18966
800.2	0.18255
800.4	0.17643
800.6	0.17081
800.8	0.16481
801.0	0.15991
801.2	0.15563
801.4	0.1514
801.6	0.14735
801.8	0.14446
802.0	0.1422
802.2	0.13998
802.4	0.13809
802.6	0.13654
802.8	0.1356
803.0	0.13465
803.2	0.13413
803.4	0.13434
803.6	0.13497
803.8	0.1359
804.0	0.13703
804.2	0.13857
804.4	0.14022
804.6	0.14273
804.8	0.14587
805.0	0.14942
805.2	0.15308
805.4	0.15742
805.6	0.16276
805.8	0.16911
806.0	0.17653
806.2	0.18487
806.4	0.19421
806.6	0.204
806.8	0.21519
807.0	0.22738
807.2	0.24059
807.4	0.25472
807.6	0.2699
807.8	0.2851
808.0	0.30061
808.2	0.31641
808.4	0.33347
808.6	0.34832
808.8	0.36236
809.0	0.37587
809.2	0.38888
809.4	0.40137
809.6	0.41384
809.8	0.42544
810.0	0.43513
810.2	0.44253
810.4	0.44903
810.6	0.45505
810.8	0.45993
811.0	0.46314
811.2	0.46579
811.4	0.46661
811.6	0.4649
811.8	0.46405
812.0	0.46158
812.2	0.45809
812.4	0.45161
812.6	0.44384
812.8	0.43558
813.0	0.42775
813.2	0.4193
813.4	0.4098
813.6	0.40074
813.8	0.39168
814.0	0.38146
814.2	0.37151
814.4	0.36149
814.6	0.35118
814.8	0.34132
815.0	0.3313
815.2	0.32119
815.4	0.3119
815.6	0.30239
815.8	0.29295
816.0	0.28398
816.2	0.27413
816.4	0.26652
816.6	0.25941
816.8	0.25187
817.0	0.24353
817.2	0.23663
817.4	0.23055
817.6	0.22507
817.8	0.21988
818.0	0.21592
818.2	0.21244
818.4	0.2089
818.6	0.20553
818.8	0.20338
819.0	0.20133
819.2	0.20009
819.4	0.20036
819.6	0.20101
819.8	0.20262
820.0	0.20494
820.2	0.20847
820.4	0.21254
820.6	0.21731
820.8	0.22215
821.0	0.22948
821.2	0.23787
821.4	0.24764
821.6	0.2588
821.8	0.26993
822.0	0.28182
822.2	0.29391
822.4	0.30666
822.6	0.31937
822.8	0.33045
823.0	0.34216
823.2	0.35312
823.4	0.3625
823.6	0.37237
823.8	0.38061
824.0	0.38865
824.2	0.39571
824.4	0.40161
824.6	0.40795
824.8	0.4133
825.0	0.41807
825.2	0.42227
825.4	0.42654
825.6	0.42946
825.8	0.43134
826.0	0.43296
826.2	0.4341
826.4	0.4337
826.6	0.43214
826.8	0.42973
827.0	0.42898
827.2	0.42823
827.4	0.42758
827.6	0.42585
827.8	0.42463
828.0	0.42564
828.2	0.42429
828.4	0.42373
828.6	0.42236
828.8	0.41948
829.0	0.41704
829.2	0.4155
829.4	0.41371
829.6	0.40936
829.8	0.40445
830.0	0.40006
830.2	0.39576
830.4	0.39135
830.6	0.38508
830.8	0.37816
831.0	0.36979
831.2	0.36295
831.4	0.35587
831.6	0.34871
831.8	0.34051
832.0	0.33325
832.2	0.32728
832.4	0.32037
832.6	0.31523
832.8	0.31104
833.0	0.30806
833.2	0.30704
833.4	0.307
833.6	0.30757
833.8	0.30884
834.0	0.30984
834.2	0.31209
834.4	0.31322
834.6	0.3141
834.8	0.31644
835.0	0.3184
835.2	0.31951
835.4	0.31842
835.6	0.31694
835.8	0.31536
836.0	0.31383
836.2	0.31204
836.4	0.31044
836.6	0.30756
836.8	0.30394
837.0	0.2998
837.2	0.29544
837.4	0.29077
837.6	0.28416
837.8	0.27825
838.0	0.27179
838.2	0.26349
838.4	0.2559
838.6	0.24774
838.8	0.23957
839.0	0.23188
839.2	0.22443
839.4	0.2177
839.6	0.21162
839.8	0.20649
840.0	0.20325
840.2	0.20187
840.4	0.20129
840.6	0.20156
840.8	0.20284
841.0	0.20506
841.2	0.20809
841.4	0.21144
841.6	0.21581
841.8	0.22187
842.0	0.22767
842.2	0.23304
842.4	0.2392
842.6	0.24694
842.8	0.25444
843.0	0.26214
843.2	0.26846
843.4	0.27359
843.6	0.27957
843.8	0.2843
844.0	0.28935
844.2	0.29432
844.4	0.29828
844.6	0.3008
844.8	0.30232
845.0	0.3041
845.2	0.30563
845.4	0.30436
845.6	0.30117
845.8	0.2977
846.0	0.2926
846.2	0.28745
846.4	0.28194
846.6	0.27559
846.8	0.26747
847.0	0.26031
847.2	0.2523
847.4	0.24252
847.6	0.23414
847.8	0.22562
848.0	0.21585
848.2	0.20598
848.4	0.1967
848.6	0.18846
848.8	0.18181
849.0	0.17474
849.2	0.16932
849.4	0.16433
849.6	0.15936
849.8	0.15493
850.0	0.15081
850.2	0.14626
850.4	0.14247
850.6	0.13872
850.8	0.135
851.0	0.1315
851.2	0.12887
851.4	0.12598
851.6	0.12339
851.8	0.1207
852.0	0.11815
852.2	0.11509
852.4	0.11222
852.6	0.10952
852.8	0.10656
853.0	0.10361
853.2	0.10091
853.4	0.09807
853.6	0.09514
853.8	0.09184
854.0	0.08853
854.2	0.08531
854.4	0.08189
854.6	0.07801
854.8	0.07444
855.0	0.07088
855.2	0.06795
855.4	0.06516
855.6	0.06289
855.8	0.06099
856.0	0.05967
856.2	0.05875
856.4	0.05844
856.6	0.0586
856.8	0.05872
857.0	0.05934
857.2	0.06033
857.4	0.06167
857.6	0.06331
857.8	0.06523
858.0	0.06737
858.2	0.07
858.4	0.07309
858.6	0.07687
858.8	0.08103
859.0	0.08578
859.2	0.09096
859.4	0.09702
859.6	0.10325
859.8	0.1098
860.0	0.11715
860.2	0.12461
860.4	0.13331
860.6	0.14235
860.8	0.15098
861.0	0.15976
861.2	0.16804
861.4	0.17529
861.6	0.18117
861.8	0.18679
862.0	0.19258
862.2	0.19661
862.4	0.1986
862.6	0.20003
862.8	0.19961
863.0	0.19905
863.2	0.19687
863.4	0.19422
863.6	0.19016
863.8	0.18518
864.0	0.17824
864.2	0.16991
864.4	0.16103
864.6	0.15201
864.8	0.14188
865.0	0.13197
865.2	0.12183
865.4	0.11195
865.6	0.10182
865.8	0.09129
866.0	0.08142
866.2	0.07193
866.4	0.06359
866.6	0.05635
866.8	0.04975
867.0	0.04399
867.2	0.03883
867.4	0.03429
867.6	0.03029
867.8	0.02684
868.0	0.02354
868.2	0.02075
868.4	0.01866
868.6	0.01666
868.8	0.01509
869.0	0.01383
869.2	0.0126
869.4	0.01164
869.6	0.01077
869.8	0.00998
870.0	0.0092
870.2	0.00848
870.4	0.00794
870.6	0.00735
870.8	0.0068
871.0	0.00634
871.2	0.00591
871.4	0.00558
871.6	0.00524
871.8	0.0049
872.0	0.00464
872.2	0.0044
872.4	0.00417
872.6	0.00394
872.8	0.00376
873.0	0.00354
873.2	0.00337
873.4	0.00323
873.6	0.00303
873.8	0.00291
874.0	0.00277
874.2	0.00266
874.4	0.00256
874.6	0.00244
874.8	0.00234
875.0	0.00222
875.2	0.00216
875.4	0.00208
875.6	0.00199
875.8	0.00192
876.0	0.00185
876.2	0.00176
876.4	0.00171
876.6	0.00165
876.8	0.0016
877.0	0.00155
877.2	0.0015
877.4	0.00145
877.6	0.0014
877.8	0.00136
878.0	0.00131
878.2	0.00127
878.4	0.00124
878.6	0.0012
878.8	0.00117
879.0	0.00114
879.2	0.0011
879.4	0.00108
879.6	0.00106
879.8	0.00101
880.0	9.8818e-04
880.2	9.6745e-04
880.4	9.535e-04
880.6	9.1491e-04
880.8	9.1753e-04
881.0	8.9054e-04
881.2	8.6144e-04
881.4	8.4774e-04
881.6	8.3588e-04
881.8	8.0161e-04
882.0	7.8671e-04
882.2	7.6793e-04
882.4	7.4523e-04
882.6	7.3449e-04
882.8	7.1874e-04
883.0	6.956e-04
883.2	6.7862e-04
883.4	6.7856e-04
883.6	6.6596e-04
883.8	6.5023e-04
884.0	6.3366e-04
884.2	6.2076e-04
884.4	6.1171e-04
884.6	5.9882e-04
884.8	5.8597e-04
885.0	5.6534e-04
885.2	5.6587e-04
885.4	5.4847e-04
885.6	5.2411e-04
885.8	5.3277e-04
886.0	5.307e-04
886.2	5.0037e-04
886.4	5.0813e-04
886.6	5.0033e-04
886.8	4.8665e-04
887.0	4.8114e-04
887.2	4.7914e-04
887.4	4.682e-04
887.6	4.6009e-04
887.8	4.5593e-04
888.0	4.4535e-04
888.2	4.3935e-04
888.4	4.4171e-04
888.6	4.2186e-04
888.8	4.1976e-04
889.0	4.1803e-04
889.2	3.9919e-04
889.4	3.8582e-04
889.6	3.9635e-04
889.8	3.8877e-04
890.0	3.834e-04
890.2	3.8279e-04
890.4	3.7086e-04
890.6	3.685e-04
890.8	3.6157e-04
891.0	3.6589e-04
891.2	3.5293e-04
891.4	3.526e-04
891.6	3.4406e-04
891.8	3.397e-04
892.0	3.3948e-04
892.2	3.3579e-04
892.4	3.2403e-04
892.6	3.2106e-04
892.8	3.2444e-04
893.0	3.1121e-04
893.2	3.0078e-04
893.4	3.0598e-04
893.6	2.9217e-04
893.8	2.9703e-04
894.0	2.9579e-04
894.2	2.8962e-04
894.4	2.8271e-04
894.6	2.888e-04
894.8	2.819e-04
895.0	2.7341e-04
895.2	2.7944e-04
895.4	2.7558e-04
895.6	2.5774e-04
895.8	2.6393e-04
896.0	2.6668e-04
896.2	2.5156e-04
896.4	2.5961e-04
896.6	2.5448e-04
896.8	2.4815e-04
897.0	2.6408e-04
897.2	2.5643e-04
897.4	2.4165e-04
897.6	2.4336e-04
897.8	2.4938e-04
898.0	2.4191e-04
898.2	2.3894e-04
898.4	2.3978e-04
898.6	2.314e-04
898.8	2.2705e-04
899.0	2.3149e-04
899.2	2.2259e-04
899.4	2.264e-04
899.6	2.4142e-04
899.8	2.2894e-04
900.0	2.2394e-04
900.2	2.2892e-04
900.4	2.3302e-04
900.6	2.2195e-04
900.8	2.2654e-04
901.0	2.3183e-04
901.2	2.203e-04
901.4	2.2235e-04
901.6	2.2987e-04
901.8	2.1259e-04
902.0	2.2179e-04
902.2	2.1812e-04
902.4	2.0361e-04
902.6	2.1205e-04
902.8	2.281e-04
903.0	2.1026e-04
903.2	2.1664e-04
903.4	2.1493e-04
903.6	2.0591e-04
903.8	2.0973e-04
904.0	2.1581e-04
904.2	2.132e-04
904.4	2.0595e-04
904.6	2.1308e-04
904.8	2.0135e-04
905.0	2.0642e-04
905.2	2.1329e-04
905.4	2.0536e-04
905.6	2.0855e-04
905.8	2.1883e-04
906.0	2.0622e-04
906.2	2.1348e-04
906.4	2.1491e-04
906.6	2.1836e-04
906.8	2.1853e-04
907.0	2.1747e-04
907.2	2.2396e-04
907.4	2.1179e-04
907.6	2.1412e-04
907.8	2.2637e-04
908.0	2.1333e-04
908.2	2.1803e-04
908.4	2.1743e-04
908.6	2.1482e-04
908.8	2.1368e-04
909.0	2.2659e-04
909.2	2.1994e-04
909.4	2.2344e-04
909.6	2.2111e-04
909.8	2.2788e-04
910.0	2.2473e-04
910.2	2.3934e-04
910.4	2.2952e-04
910.6	2.3035e-04
910.8	2.3777e-04
911.0	2.418e-04
911.2	2.4046e-04
911.4	2.4467e-04
911.6	2.3952e-04
911.8	2.3655e-04
912.0	2.4973e-04
912.2	2.4686e-04
912.4	2.4338e-04
912.6	2.5602e-04
912.8	2.6193e-04
913.0	2.5073e-04
913.2	2.6335e-04
913.4	2.6912e-04
913.6	2.673e-04
913.8	2.6474e-04
914.0	2.6795e-04
914.2	2.6687e-04
914.4	2.8271e-04
914.6	2.8897e-04
914.8	2.7411e-04
915.0	2.8767e-04
915.2	2.9469e-04
915.4	2.995e-04
915.6	3.0413e-04
915.8	3.184e-04
916.0	3.1475e-04
916.2	3.2559e-04
916.4	3.2895e-04
916.6	3.3475e-04
916.8	3.3332e-04
917.0	3.5317e-04
917.2	3.5656e-04
917.4	3.5915e-04
917.6	3.7456e-04
917.8	3.7514e-04
918.0	3.7441e-04
918.2	3.9198e-04
918.4	4.031e-04
918.6	4.0218e-04
918.8	4.2646e-04
919.0	4.2363e-04
919.2	4.3176e-04
919.4	4.4751e-04
919.6	4.5343e-04
919.8	4.6209e-04
920.0	4.7359e-04
920.2	5.0518e-04
920.4	4.8583e-04
920.6	5.0099e-04
920.8	5.2071e-04
921.0	5.3e-04
921.2	5.4694e-04
921.4	5.7301e-04
921.6	5.7546e-04
921.8	5.8759e-04
922.0	6.2521e-04
922.2	6.3399e-04
922.4	6.5126e-04
922.6	6.7469e-04
922.8	6.8877e-04
923.0	7.0135e-04
923.2	7.4337e-04
923.4	7.5009e-04
923.6	7.7119e-04
923.8	8.0825e-04
924.0	8.3959e-04
924.2	8.6511e-04
924.4	9.0658e-04
924.6	9.4166e-04
924.8	9.7551e-04
925.0	0.00102
925.2	0.00107
925.4	0.00111
925.6	0.00117
925.8	0.00123
926.0	0.00127
926.2	0.00134
926.4	0.00143
926.6	0.00146
926.8	0.00154
927.0	0.00164
927.2	0.00172
927.4	0.00183
927.6	0.00193
927.8	0.00206
928.0	0.00218
928.2	0.00234
928.4	0.00252
928.6	0.00271
928.8	0.00293
929.0	0.00316
929.2	0.0034
929.4	0.0037
929.6	0.00403
929.8	0.0044
930.0	0.00488
930.2	0.00543
930.4	0.00605
930.6	0.00685
930.8	0.00778
931.0	0.00892
931.2	0.01033
931.4	0.01199
931.6	0.01423
931.8	0.01731
932.0	0.02051
932.2	0.02418
932.4	0.02921
932.6	0.0354
932.8	0.04225
933.0	0.04967
933.2	0.05686
933.4	0.06429
933.6	0.07238
933.8	0.08028
934.0	0.08748
934.2	0.09329
934.4	0.09864
934.6	0.10335
934.8	0.10849
935.0	0.11232
935.2	0.11521
935.4	0.11779
935.6	0.12026
935.8	0.12168
936.0	0.12294
936.2	0.12329
936.4	0.12257
936.6	0.12081
936.8	0.11885
937.0	0.11675
937.2	0.1135
937.4	0.11
937.6	0.10682
937.8	0.10285
938.0	0.09823
938.2	0.09222
938.4	0.08579
938.6	0.07952
938.8	0.07289
939.0	0.06565
939.2	0.05867
939.4	0.05197
939.6	0.04617
939.8	0.04111
940.0	0.03655
940.2	0.03274
940.4	0.02954
940.6	0.02698
940.8	0.02479
941.0	0.02315
941.2	0.02188
941.4	0.02069
941.6	0.01971
941.8	0.01911
942.0	0.01855
942.2	0.0179
942.4	0.01744
942.6	0.01706
942.8	0.01655
943.0	0.01607
943.2	0.01569
943.4	0.01516
943.6	0.01455
943.8	0.0141
944.0	0.01354
944.2	0.01281
944.4	0.01212
944.6	0.01141
944.8	0.01053
945.0	0.00968
945.2	0.00886
945.4	0.00796
945.6	0.00716
945.8	0.00653
946.0	0.00607
946.2	0.0057
946.4	0.00541
946.6	0.0052
946.8	0.00501
947.0	0.00487
947.2	0.00478
947.4	0.00471
947.6	0.00466
947.8	0.00464
948.0	0.00461
948.2	0.00459
948.4	0.00456
948.6	0.00457
948.8	0.00459
949.0	0.00454
949.2	0.00456
949.4	0.00457
949.6	0.00459
949.8	0.00462
950.0	0.00463
950.2	0.00467
950.4	0.00471
950.6	0.00478
950.8	0.0048
951.0	0.00484
951.2	0.00489
951.4	0.00495
951.6	0.005
951.8	0.00505
952.0	0.00508
952.2	0.00515
952.4	0.00525
952.6	0.00534
952.8	0.00546
953.0	0.00559
953.2	0.00572
953.4	0.00584
953.6	0.00594
953.8	0.00607
954.0	0.00622
954.2	0.0064
954.4	0.00663
954.6	0.00677
954.8	0.00694
955.0	0.00714
955.2	0.00733
955.4	0.00759
955.6	0.00786
955.8	0.00818
956.0	0.00842
956.2	0.00869
956.4	0.00905
956.6	0.00944
956.8	0.00985
957.0	0.0103
957.2	0.01075
957.4	0.01123
957.6	0.01182
957.8	0.01239
958.0	0.01309
958.2	0.01388
958.4	0.0146
958.6	0.01544
958.8	0.01631
959.0	0.01733
959.2	0.01862
959.4	0.01996
959.6	0.02126
959.8	0.02278
960.0	0.02454
960.2	0.02652
960.4	0.02863
960.6	0.03113
960.8	0.03407
961.0	0.0371
961.2	0.04041
961.4	0.04391
961.6	0.04763
961.8	0.05165
962.0	0.05583
962.2	0.06053
962.4	0.06535
962.6	0.0703
962.8	0.07493
963.0	0.07945
963.2	0.08421
963.4	0.08907
963.6	0.09367
963.8	0.09814
964.0	0.10235
964.2	0.1066
964.4	0.11059
964.6	0.11416
964.8	0.11697
965.0	0.11889
965.2	0.12007
965.4	0.12093
965.6	0.12189
965.8	0.12307
966.0	0.12411
966.2	0.12412
966.4	0.12319
966.6	0.12143
966.8	0.11939
967.0	0.11683
967.2	0.11418
967.4	0.11156
967.6	0.1082
967.8	0.10445
968.0	0.10015
968.2	0.09532
968.4	0.09037
968.6	0.08571
968.8	0.08099
969.0	0.07616
969.2	0.07168
969.4	0.0675
969.6	0.06307
969.8	0.05867
970.0	0.05458
970.2	0.05102
970.4	0.04753
970.6	0.0443
970.8	0.04143
971.0	0.03883
971.2	0.03669
971.4	0.03445
971.6	0.03231
971.8	0.03049
972.0	0.0296
972.2	0.02867
972.4	0.02714
972.6	0.02587
972.8	0.02458
973.0	0.02339
973.2	0.02241
973.4	0.0214
973.6	0.02067
973.8	0.01998
974.0	0.01941
974.2	0.01894
974.4	0.01846
974.6	0.01823
974.8	0.01801
975.0	0.01788
975.2	0.01783
975.4	0.01786
975.6	0.0181
975.8	0.01848
976.0	0.01889
976.2	0.01937
976.4	0.02005
976.6	0.0206
976.8	0.02116
977.0	0.02164
977.2	0.02218
977.4	0.0227
977.6	0.02319
977.8	0.0235
978.0	0.02374
978.2	0.02394
978.4	0.02412
978.6	0.02431
978.8	0.02441
979.0	0.02425
979.2	0.02413
979.4	0.02389
979.6	0.02363
979.8	0.02336
980.0	0.02292
980.2	0.02244
980.4	0.02189
980.6	0.02125
980.8	0.02057
981.0	0.01974
981.2	0.01882
981.4	0.01787
981.6	0.01691
981.8	0.01599
982.0	0.01518
982.2	0.01444
982.4	0.01383
982.6	0.01335
982.8	0.01293
983.0	0.01252
983.2	0.01218
983.4	0.0119
983.6	0.0117
983.8	0.01152
984.0	0.01145
984.2	0.01134
984.4	0.01125
984.6	0.01121
984.8	0.01118
985.0	0.01116
985.2	0.01116
985.4	0.01116
985.6	0.01119
985.8	0.01118
986.0	0.01128
986.2	0.01131
986.4	0.01135
986.6	0.01149
986.8	0.01157
987.0	0.0117
987.2	0.01174
987.4	0.01181
987.6	0.01196
987.8	0.01209
988.0	0.01224
988.2	0.01238
988.4	0.0125
988.6	0.01268
988.8	0.01287
989.0	0.01302
989.2	0.01318
989.4	0.01337
989.6	0.01357
989.8	0.01385
990.0	0.01405
990.2	0.01429
990.4	0.01452
990.6	0.01478
990.8	0.01506
991.0	0.01532
991.2	0.01557
991.4	0.01582
991.6	0.01614
991.8	0.01657
992.0	0.01693
992.2	0.0172
992.4	0.01752
992.6	0.01784
992.8	0.01828
993.0	0.01871
993.2	0.01918
993.4	0.01972
993.6	0.02026
993.8	0.02068
994.0	0.02135
994.2	0.02204
994.4	0.02268
994.6	0.02324
994.8	0.02376
995.0	0.02448
995.2	0.02511
995.4	0.0257
995.6	0.02631
995.8	0.02706
996.0	0.02797
996.2	0.02894
996.4	0.02992
996.6	0.03082
996.8	0.03166
997.0	0.03273
997.2	0.03379
997.4	0.03503
997.6	0.03611
997.8	0.0373
998.0	0.03856
998.2	0.03979
998.4	0.04106
998.6	0.0424
998.8	0.04394
999.0	0.04563
999.2	0.04739
999.4	0.04937
999.6	0.05137
999.8	0.05338
1000.0	0.05509
1000.2	0.05661
1000.4	0.05842
1000.6	0.0607
1000.8	0.06319
1001.0	0.06564
1001.2	0.0683
1001.4	0.07126
1001.6	0.07413
1001.8	0.07698
1002.0	0.07989
1002.2	0.08341
1002.4	0.08701
1002.6	0.09072
1002.8	0.09478
1003.0	0.09895
1003.2	0.10348
1003.4	0.10841
1003.6	0.11385
1003.8	0.11891
1004.0	0.12377
1004.2	0.12961
1004.4	0.13572
1004.6	0.14211
1004.8	0.1488
1005.0	0.15498
1005.2	0.16123
1005.4	0.16788
1005.6	0.17475
1005.8	0.18198
1006.0	0.18985
1006.2	0.19781
1006.4	0.20598
1006.6	0.21351
1006.8	0.22109
1007.0	0.22995
1007.2	0.23839
1007.4	0.24655
1007.6	0.25526
1007.8	0.26353
1008.0	0.27245
1008.2	0.28071
1008.4	0.28949
1008.6	0.29818
1008.8	0.30762
1009.0	0.31643
1009.2	0.32394
1009.4	0.33138
1009.6	0.33928
1009.8	0.34853
1010.0	0.35638
1010.2	0.36339
1010.4	0.37036
1010.6	0.37693
1010.8	0.38347
1011.0	0.38989
1011.2	0.39619
1011.4	0.40115
1011.6	0.40468
1011.8	0.40861
1012.0	0.41321
1012.2	0.418
1012.4	0.42221
1012.6	0.4245
1012.8	0.42689
1013.0	0.4297
1013.2	0.43069
1013.4	0.43053
1013.6	0.43228
1013.8	0.43405
1014.0	0.43597
1014.2	0.43607
1014.4	0.43369
1014.6	0.42926
1014.8	0.42535
1015.0	0.4237
1015.2	0.42291
1015.4	0.42037
1015.6	0.41715
1015.8	0.41312
1016.0	0.41005
1016.2	0.40691
1016.4	0.40306
1016.6	0.40064
1016.8	0.39761
1017.0	0.39351
1017.2	0.38993
1017.4	0.38762
1017.6	0.38502
1017.8	0.38202
1018.0	0.37934
1018.2	0.37618
1018.4	0.3748
1018.6	0.37292
1018.8	0.37156
1019.0	0.36951
1019.2	0.36879
1019.4	0.3693
1019.6	0.36924
1019.8	0.36852
1020.0	0.36737
1020.2	0.36725
1020.4	0.36627
1020.6	0.36621
1020.8	0.36752
1021.0	0.36685
1021.2	0.36465
1021.4	0.36298
1021.6	0.36254
1021.8	0.36142
1022.0	0.36059
1022.2	0.35925
1022.4	0.35686
1022.6	0.35397
1022.8	0.35117
1023.0	0.34752
1023.2	0.34459
1023.4	0.34005
1023.6	0.33474
1023.8	0.32859
1024.0	0.32304
1024.2	0.3175
1024.4	0.3117
1024.6	0.30647
1024.8	0.30045
1025.0	0.29681
1025.2	0.2918
1025.4	0.28438
1025.6	0.27728
1025.8	0.27022
1026.0	0.26279
1026.2	0.25481
1026.4	0.24727
1026.6	0.2404
1026.8	0.23357
1027.0	0.22718
1027.2	0.22036
1027.4	0.21406
1027.6	0.20719
1027.8	0.20105
1028.0	0.19543
1028.2	0.19075
1028.4	0.1862
1028.6	0.18088
1028.8	0.17731
1029.0	0.17284
1029.2	0.16794
1029.4	0.16437
1029.6	0.1609
1029.8	0.15757
1030.0	0.15403
1030.2	0.15079
1030.4	0.14751
1030.6	0.14451
1030.8	0.14193
1031.0	0.13998
1031.2	0.13767
1031.4	0.13474
1031.6	0.13234
1031.8	0.12931
1032.0	0.12647
1032.2	0.12423
1032.4	0.12201
1032.6	0.12032
1032.8	0.11859
1033.0	0.11715
1033.2	0.11575
1033.4	0.11414
1033.6	0.11287
1033.8	0.11169
1034.0	0.11014
1034.2	0.10812
1034.4	0.10688
1034.6	0.10542
1034.8	0.10383
1035.0	0.10217
1035.2	0.10136
1035.4	0.09995
1035.6	0.09867
1035.8	0.0973
1036.0	0.09651
1036.2	0.09529
1036.4	0.09406
1036.6	0.09302
1036.8	0.09164
1037.0	0.09087
1037.2	0.08962
1037.4	0.08813
1037.6	0.08712
1037.8	0.08633
1038.0	0.08582
1038.2	0.08444
1038.4	0.08386
1038.6	0.08306
1038.8	0.0827
1039.0	0.08191
1039.2	0.08132
1039.4	0.08068
1039.6	0.08016
1039.8	0.07948
1040.0	0.07909
1040.2	0.07835
1040.4	0.07746
1040.6	0.07665
1040.8	0.07604
1041.0	0.07559
1041.2	0.07445
1041.4	0.07406
1041.6	0.07361
1041.8	0.07293
1042.0	0.07239
1042.2	0.0718
1042.4	0.07135
1042.6	0.07095
1042.8	0.07051
1043.0	0.07027
1043.2	0.06975
1043.4	0.06983
1043.6	0.06927
1043.8	0.06867
1044.0	0.06846
1044.2	0.06821
1044.4	0.06763
1044.6	0.06753
1044.8	0.06717
1045.0	0.06827
1045.2	0.0688
1045.4	0.06844
1045.6	0.06813
1045.8	0.06795
1046.0	0.06745
1046.2	0.06699
1046.4	0.06687
1046.6	0.06675
1046.8	0.06609
1047.0	0.0659
1047.2	0.06578
1047.4	0.06566
1047.6	0.06567
1047.8	0.06532
1048.0	0.0652
1048.2	0.06455
1048.4	0.06456
1048.6	0.06412
1048.8	0.06364
1049.0	0.06394
1049.2	0.0635
1049.4	0.06284
1049.6	0.06298
1049.8	0.06255
1050.0	0.06237
1050.2	0.06209
1050.4	0.06182
1050.6	0.06179
1050.8	0.0618
1051.0	0.06148
1051.2	0.06185
1051.4	0.06174
1051.6	0.06144
1051.8	0.06131
1052.0	0.06116
1052.2	0.06063
1052.4	0.06076
1052.6	0.06052
1052.8	0.06021
1053.0	0.0598
1053.2	0.05936
1053.4	0.05968
1053.6	0.05968
1053.8	0.05944
1054.0	0.05947
1054.2	0.05917
1054.4	0.05908
1054.6	0.05893
1054.8	0.05916
1055.0	0.05881
1055.2	0.05886
1055.4	0.05842
1055.6	0.05839
1055.8	0.05824
1056.0	0.05779
1056.2	0.05772
1056.4	0.05787
1056.6	0.0577
1056.8	0.05762
1057.0	0.05747
1057.2	0.05739
1057.4	0.05726
1057.6	0.05738
1057.8	0.05686
1058.0	0.05672
1058.2	0.05644
1058.4	0.05613
1058.6	0.0559
1058.8	0.05581
1059.0	0.05556
1059.2	0.05513
1059.4	0.05497
1059.6	0.05452
1059.8	0.05391
1060.0	0.05348
1060.2	0.05348
1060.4	0.05314
1060.6	0.05308
1060.8	0.0527
1061.0	0.05224
1061.2	0.05198
1061.4	0.05183
1061.6	0.05098
1061.8	0.05063
1062.0	0.05057
1062.2	0.05003
1062.4	0.04937
1062.6	0.04902
1062.8	0.0483
1063.0	0.04799
1063.2	0.04765
1063.4	0.0472
1063.6	0.04663
1063.8	0.0464
1064.0	0.04611
1064.2	0.04563
1064.4	0.04523
1064.6	0.04478
1064.8	0.04419
1065.0	0.04311
1065.2	0.04344
1065.4	0.04351
1065.6	0.04313
1065.8	0.04276
1066.0	0.04255
1066.2	0.04227
1066.4	0.04196
1066.6	0.04152
1066.8	0.04136
1067.0	0.04116
1067.2	0.04094
1067.4	0.04059
1067.6	0.04052
1067.8	0.04053
1068.0	0.04022
1068.2	0.03991
1068.4	0.03986
1068.6	0.03959
1068.8	0.0394
1069.0	0.03933
1069.2	0.0393
1069.4	0.03923
1069.6	0.03916
1069.8	0.03901
1070.0	0.03906
1070.2	0.03897
1070.4	0.03864
1070.6	0.0383
1070.8	0.03819
1071.0	0.03831
1071.2	0.03825
1071.4	0.03793
1071.6	0.03829
1071.8	0.0381
1072.0	0.03838
1072.2	0.03832
1072.4	0.0386
1072.6	0.03856
1072.8	0.03848
1073.0	0.0386
1073.2	0.03885
1073.4	0.03904
1073.6	0.03946
1073.8	0.03952
1074.0	0.03969
1074.2	0.0396
1074.4	0.03982
1074.6	0.03971
1074.8	0.03959
1075.0	0.03991
1075.2	0.04003
1075.4	0.04025
1075.6	0.04035
1075.8	0.04063
1076.0	0.04087
1076.2	0.04103
1076.4	0.04117
1076.6	0.04173
1076.8	0.04188
1077.0	0.04208
1077.2	0.0423
1077.4	0.04264
1077.6	0.04293
1077.8	0.04324
1078.0	0.04351
1078.2	0.04404
1078.4	0.04455
1078.6	0.04475
1078.8	0.04517
1079.0	0.04546
1079.2	0.04588
1079.4	0.04611
1079.6	0.04667
1079.8	0.04705
1080.0	0.04759
1080.2	0.04811
1080.4	0.04871
1080.6	0.04939
1080.8	0.04975
1081.0	0.05047
1081.2	0.05097
1081.4	0.05175
1081.6	0.05222
1081.8	0.05268
1082.0	0.05354
1082.2	0.05437
1082.4	0.05522
1082.6	0.05584
1082.8	0.05697
1083.0	0.05775
1083.2	0.0591
1083.4	0.05953
1083.6	0.06032
1083.8	0.06116
1084.0	0.06206
1084.2	0.06327
1084.4	0.06428
1084.6	0.06513
1084.8	0.06654
1085.0	0.06722
1085.2	0.06828
1085.4	0.06927
1085.6	0.07045
1085.8	0.07154
1086.0	0.07293
1086.2	0.07415
1086.4	0.07549
1086.6	0.07729
1086.8	0.07817
1087.0	0.07918
1087.2	0.08071
1087.4	0.08202
1087.6	0.08309
1087.8	0.08429
1088.0	0.08595
1088.2	0.08756
1088.4	0.08873
1088.6	0.09005
1088.8	0.09178
1089.0	0.09289
1089.2	0.09462
1089.4	0.09609
1089.6	0.09771
1089.8	0.09912
1090.0	0.1004
1090.2	0.10082
1090.4	0.10262
1090.6	0.10419
1090.8	0.10586
1091.0	0.10762
1091.2	0.1091
1091.4	0.11044
1091.6	0.11163
1091.8	0.11296
1092.0	0.11438
1092.2	0.11493
1092.4	0.11605
1092.6	0.11788
1092.8	0.1191
1093.0	0.12007
1093.2	0.12184
1093.4	0.12325
1093.6	0.12433
1093.8	0.12562
1094.0	0.12654
1094.2	0.12757
1094.4	0.12856
1094.6	0.12847
1094.8	0.1293
1095.0	0.12919
1095.2	0.13011
1095.4	0.13113
1095.6	0.13136
1095.8	0.13131
1096.0	0.13128
1096.2	0.13155
1096.4	0.13133
1096.6	0.13225
1096.8	0.13182
1097.0	0.13177
1097.2	0.13178
1097.4	0.13205
1097.6	0.13206
1097.8	0.13137
1098.0	0.13063
1098.2	0.13046
1098.4	0.13009
1098.6	0.12928
1098.8	0.12894
1099.0	0.12822
1099.2	0.1285
1099.4	0.12812
1099.6	0.12776
1099.8	0.12734
1100.0	0.12682
1100.2	0.12702
1100.4	0.12655
1100.6	0.12618
1100.8	0.12602
1101.0	0.12571
1101.2	0.12531
1101.4	0.12472
1101.6	0.12434
1101.8	0.12428
1102.0	0.1238
1102.2	0.12288
1102.4	0.12295
1102.6	0.12289
1102.8	0.12284
1103.0	0.12247
1103.2	0.12234
1103.4	0.1222
1103.6	0.12163
1103.8	0.12165
1104.0	0.12166
1104.2	0.12104
1104.4	0.12062
1104.6	0.12067
1104.8	0.12021
1105.0	0.11948
1105.2	0.11963
1105.4	0.11889
1105.6	0.11829
1105.8	0.11758
1106.0	0.1164
1106.2	0.11603
1106.4	0.11522
1106.6	0.11436
1106.8	0.11297
1107.0	0.11227
1107.2	0.11183
1107.4	0.11121
1107.6	0.10992
1107.8	0.10862
1108.0	0.1078
1108.2	0.10712
1108.4	0.10522
1108.6	0.10386
1108.8	0.10299
1109.0	0.10145
1109.2	0.10023
1109.4	0.09874
1109.6	0.09784
1109.8	0.09655
1110.0	0.09552
1110.2	0.09455
1110.4	0.09327
1110.6	0.09235
1110.8	0.09143
1111.0	0.09054
1111.2	0.08964
1111.4	0.08895
1111.6	0.08795
1111.8	0.08689
1112.0	0.0862
1112.2	0.08581
1112.4	0.08517
1112.6	0.08461
1112.8	0.08434
1113.0	0.08392
1113.2	0.08308
1113.4	0.08255
1113.6	0.08277
1113.8	0.08243
1114.0	0.08224
1114.2	0.08217
1114.4	0.08235
1114.6	0.08167
1114.8	0.08213
1115.0	0.08221
1115.2	0.08173
1115.4	0.08165
1115.6	0.08186
1115.8	0.08196
1116.0	0.08307
1116.2	0.08282
1116.4	0.08341
1116.6	0.08396
1116.8	0.08385
1117.0	0.08429
1117.2	0.08506
1117.4	0.08547
1117.6	0.0861
1117.8	0.08699
1118.0	0.08748
1118.2	0.08857
1118.4	0.08923
1118.6	0.08961
1118.8	0.09016
1119.0	0.09179
1119.2	0.09258
1119.4	0.09339
1119.6	0.09415
1119.8	0.09469
1120.0	0.09626
1120.2	0.09799
1120.4	0.0989
1120.6	0.10024
1120.8	0.10125
1121.0	0.10013
1121.2	0.10144
1121.4	0.10276
1121.6	0.1041
1121.8	0.10546
1122.0	0.10684
1122.2	0.10861
1122.4	0.11041
1122.6	0.11224
1122.8	0.11409
1123.0	0.11599
1123.2	0.11813
1123.4	0.12032
1123.6	0.12254
1123.8	0.12481
1124.0	0.12712
1124.2	0.12943
1124.4	0.13179
1124.6	0.13419
1124.8	0.13663
1125.0	0.13912
1125.2	0.14172
1125.4	0.14438
1125.6	0.14708
1125.8	0.14983
1126.0	0.15264
1126.2	0.15559
1126.4	0.1586
1126.6	0.16167
1126.8	0.1648
1127.0	0.16795
1127.2	0.17043
1127.4	0.17294
1127.6	0.17548
1127.8	0.17806
1128.0	0.18068
1128.2	0.18287
1128.4	0.1851
1128.6	0.18735
1128.8	0.18963
1129.0	0.19194
1129.2	0.19433
1129.4	0.19675
1129.6	0.19921
1129.8	0.20169
1130.0	0.20413
1130.2	0.20514
1130.4	0.20616
1130.6	0.20719
1130.8	0.20822
1131.0	0.20924
1131.2	0.20951
1131.4	0.20978
1131.6	0.21006
1131.8	0.21033
1132.0	0.21058
1132.2	0.21022
1132.4	0.20986
1132.6	0.2095
1132.8	0.20914
1133.0	0.20874
1133.2	0.2076
1133.4	0.20645
1133.6	0.20532
1133.8	0.20419
1134.0	0.20306
1134.2	0.20159
1134.4	0.20012
1134.6	0.19867
1134.8	0.19722
1135.0	0.19573
1135.2	0.19286
1135.4	0.19003
1135.6	0.18724
1135.8	0.18449
1136.0	0.18178
1136.2	0.17931
1136.4	0.17687
1136.6	0.17447
1136.8	0.17209
1137.0	0.16975
1137.2	0.16728
1137.4	0.16484
1137.6	0.16245
1137.8	0.16008
1138.0	0.15778
1138.2	0.15615
1138.4	0.15453
1138.6	0.15293
1138.8	0.15134
1139.0	0.14979
1139.2	0.14868
1139.4	0.14758
1139.6	0.14649
1139.8	0.14541
1140.0	0.14437
1140.2	0.14435
1140.4	0.14433
1140.6	0.1443
1140.8	0.14428
1141.0	0.14425
1141.2	0.14379
1141.4	0.14332
1141.6	0.14285
1141.8	0.14239
1142.0	0.14191
1142.2	0.14095
1142.4	0.13998
1142.6	0.13903
1142.8	0.13808
1143.0	0.13711
1143.2	0.13554
1143.4	0.13398
1143.6	0.13244
1143.8	0.13092
1144.0	0.1294
1144.2	0.12671
1144.4	0.12408
1144.6	0.1215
1144.8	0.11898
1145.0	0.11647
1145.2	0.1131
1145.4	0.10982
1145.6	0.10665
1145.8	0.10356
1146.0	0.10056
1146.2	0.09728
1146.4	0.09411
1146.6	0.09104
1146.8	0.08807
1147.0	0.08519
1147.2	0.0821
1147.4	0.07913
1147.6	0.07626
1147.8	0.07349
1148.0	0.07083
1148.2	0.06851
1148.4	0.06628
1148.6	0.06411
1148.8	0.06202
1149.0	0.06001
1149.2	0.05843
1149.4	0.05689
1149.6	0.05539
1149.8	0.05393
1150.0	0.05252
1150.2	0.05136
1150.4	0.05023
1150.6	0.04913
1150.8	0.04805
1151.0	0.047
1151.2	0.04611
1151.4	0.04525
1151.6	0.0444
1151.8	0.04356
1152.0	0.04275
1152.2	0.04208
1152.4	0.04142
1152.6	0.04077
1152.8	0.04013
1153.0	0.0395
1153.2	0.03901
1153.4	0.03853
1153.6	0.03806
1153.8	0.03759
1154.0	0.03713
1154.2	0.03676
1154.4	0.0364
1154.6	0.03604
1154.8	0.03569
1155.0	0.03534
1155.2	0.03494
1155.4	0.03454
1155.6	0.03415
1155.8	0.03377
1156.0	0.03339
1156.2	0.03309
1156.4	0.0328
1156.6	0.0325
1156.8	0.03221
1157.0	0.03193
1157.2	0.03166
1157.4	0.0314
1157.6	0.03113
1157.8	0.03087
1158.0	0.03062
1158.2	0.03043
1158.4	0.03024
1158.6	0.03006
1158.8	0.02987
1159.0	0.02969
1159.2	0.02949
1159.4	0.02929
1159.6	0.0291
1159.8	0.0289
1160.0	0.02871
1160.2	0.02862
1160.4	0.02852
1160.6	0.02843
1160.8	0.02834
1161.0	0.02824
1161.2	0.02819
1161.4	0.02813
1161.6	0.02807
1161.8	0.02801
1162.0	0.02796
1162.2	0.02792
1162.4	0.02787
1162.6	0.02783
1162.8	0.02779
1163.0	0.02775
1163.2	0.02773
1163.4	0.02771
1163.6	0.02768
1163.8	0.02766
1164.0	0.02764
1164.2	0.02767
1164.4	0.02769
1164.6	0.02772
1164.8	0.02775
1165.0	0.02778
1165.2	0.02781
1165.4	0.02785
1165.6	0.02789
1165.8	0.02792
1166.0	0.02796
1166.2	0.02801
1166.4	0.02806
1166.6	0.02811
1166.8	0.02816
1167.0	0.02821
1167.2	0.02828
1167.4	0.02836
1167.6	0.02844
1167.8	0.02851
1168.0	0.02859
1168.2	0.0287
1168.4	0.02881
1168.6	0.02891
1168.8	0.02902
1169.0	0.02913
1169.2	0.0291
1169.4	0.02908
1169.6	0.02905
1169.8	0.02903
1170.0	0.02901
1170.2	0.02908
1170.4	0.02915
1170.6	0.02922
1170.8	0.02929
1171.0	0.02936
1171.2	0.02945
1171.4	0.02954
1171.6	0.02964
1171.8	0.02973
1172.0	0.02982
1172.2	0.02992
1172.4	0.03002
1172.6	0.03012
1172.8	0.03022
1173.0	0.03031
1173.2	0.03046
1173.4	0.0306
1173.6	0.03075
1173.8	0.03089
1174.0	0.03104
1174.2	0.03113
1174.4	0.03123
1174.6	0.03133
1174.8	0.03143
1175.0	0.03154
1175.2	0.03173
1175.4	0.03193
1175.6	0.03213
1175.8	0.03233
1176.0	0.03253
1176.2	0.03266
1176.4	0.03279
1176.6	0.03292
1176.8	0.03306
1177.0	0.03319
1177.2	0.03338
1177.4	0.03356
1177.6	0.03375
1177.8	0.03394
1178.0	0.03412
1178.2	0.03421
1178.4	0.03429
1178.6	0.03438
1178.8	0.03447
1179.0	0.03456
1179.2	0.03477
1179.4	0.03499
1179.6	0.0352
1179.8	0.03542
1180.0	0.03564
1180.2	0.03569
1180.4	0.03574
1180.6	0.0358
1180.8	0.03585
1181.0	0.03591
1181.2	0.03611
1181.4	0.03631
1181.6	0.03651
1181.8	0.03671
1182.0	0.03692
1182.2	0.03713
1182.4	0.03734
1182.6	0.03755
1182.8	0.03777
1183.0	0.03798
1183.2	0.03818
1183.4	0.03838
1183.6	0.03858
1183.8	0.03878
1184.0	0.03898
1184.2	0.03924
1184.4	0.0395
1184.6	0.03977
1184.8	0.04003
1185.0	0.0403
1185.2	0.04042
1185.4	0.04054
1185.6	0.04067
1185.8	0.04079
1186.0	0.04091
1186.2	0.04103
1186.4	0.04115
1186.6	0.04127
1186.8	0.04139
1187.0	0.04152
1187.2	0.04177
1187.4	0.04203
1187.6	0.04229
1187.8	0.04254
1188.0	0.0428
1188.2	0.04299
1188.4	0.04318
1188.6	0.04337
1188.8	0.04356
1189.0	0.04375
1189.2	0.04397
1189.4	0.04419
1189.6	0.04441
1189.8	0.04464
1190.0	0.04486
1190.2	0.04501
1190.4	0.04517
1190.6	0.04532
1190.8	0.04548
1191.0	0.04563
1191.2	0.04589
1191.4	0.04614
1191.6	0.04639
1191.8	0.04665
1192.0	0.04691
1192.2	0.04717
1192.4	0.04743
1192.6	0.0477
1192.8	0.04796
1193.0	0.04823
1193.2	0.04845
1193.4	0.04868
1193.6	0.04891
1193.8	0.04913
1194.0	0.04936
1194.2	0.04971
1194.4	0.05005
1194.6	0.05039
1194.8	0.05074
1195.0	0.05109
1195.2	0.0514
1195.4	0.05171
1195.6	0.05201
1195.8	0.05233
1196.0	0.05264
1196.2	0.05302
1196.4	0.0534
1196.6	0.05379
1196.8	0.05418
1197.0	0.05457
1197.2	0.05489
1197.4	0.05522
1197.6	0.05555
1197.8	0.05588
1198.0	0.05621
1198.2	0.05665
1198.4	0.0571
1198.6	0.05755
1198.8	0.058
1199.0	0.05846
1199.2	0.05902
1199.4	0.05959
1199.6	0.06016
1199.8	0.06073
1200.0	0.06131
